cell_index,source.ip,source.port,destination.ip,destination.port,network.protocol,network.transport,Argus.transaction.state,count
0,10.40.170.2,*,10.40.170.2,0,*,*,*,"[19, 20, 20, 20, 19, 19, 19, 14, 20, 19, 20, 26, 38]"
1,10.40.182.1,*,10.40.182.3,0,*,*,*,"[15, 16, 17, 15, 15, 16, 14, 11, 17, 15, 15, 21, 32]"
2,10.40.182.1,*,224.0.0.5,0,*,*,*,"[21, 20, 21, 20, 21, 20, 21, 16, 20, 20, 20, 28, 40]"
3,10.40.182.3,*,10.40.182.3,0,*,*,*,"[19, 20, 20, 20, 19, 19, 19, 14, 20, 19, 20, 26, 38]"
4,10.40.182.6,*,10.40.182.255,138,*,*,*,"[60, 120, 120, 60, 120, 120, 60, 120, 120, 60, 120, 120, 60]"
5,10.40.182.6,*,10.40.182.3,0,*,*,*,"[0, 0, 0, 0, 0, 0, 0, 0, 0, 0, 0, 2, 0]"
6,10.40.85.1,*,10.40.85.30,0,*,*,*,"[16, 15, 16, 17, 14, 17, 16, 13, 17, 17, 16, 20, 32]"
7,10.40.85.1,*,224.0.0.5,0,*,*,*,"[21, 20, 21, 20, 21, 20, 21, 16, 20, 20, 20, 28, 40]"
8,10.40.85.10,*,10.40.85.1,0,*,*,*,"[7, 7, 8, 7, 7, 8, 8, 6, 8, 7, 7, 10, 14]"
9,10.40.85.10,*,192.168.241.50,52233,*,*,*,"[7, 7, 6, 7, 7, 6, 7, 6, 6, 7, 7, 8, 14]"
10,10.40.85.10,*,192.168.241.50,3001,*,*,*,"[0, 0, 0, 0, 0, 0, 3, 0, 0, 0, 0, 0, 0]"
11,10.40.85.10,*,10.40.198.10,53,*,*,*,"[0, 0, 20, 0, 0, 20, 5, 0, 20, 0, 0, 20, 0]"
12,10.40.85.30,*,10.40.85.1,0,*,*,*,"[19, 20, 20, 19, 20, 19, 20, 15, 20, 19, 20, 25, 40]"
13,149.171.126.10,*,175.45.176.0,53,*,*,*,"[0, 0, 0, 0, 0, 0, 0, 0, 0, 0, 9617, 12525, 7548]"
14,149.171.126.11,*,175.45.176.1,53,*,*,*,"[0, 0, 0, 3, 0, 0, 0, 0, 0, 0, 0, 0, 0]"
15,149.171.126.11,*,175.45.176.2,48879,*,*,*,"[0, 0, 0, 0, 0, 0, 0, 0, 0, 0, 0, 0, 2]"
16,149.171.126.15,*,175.45.176.3,53,*,*,*,"[8820, 8257, 0, 0, 0, 0, 0, 0, 0, 0, 0, 0, 0]"
17,149.171.126.19,*,175.45.176.2,53,*,*,*,"[0, 0, 0, 0, 0, 0, 0, 0, 3, 0, 0, 0, 0]"
18,175.45.176.0,*,149.171.126.12,179,*,*,*,"[0, 0, 0, 101, 0, 0, 0, 0, 0, 0, 0, 0, 0]"
19,175.45.176.0,*,149.171.126.12,520,*,*,*,"[0, 0, 231, 0, 0, 0, 0, 0, 0, 0, 0, 0, 0]"
20,175.45.176.0,*,149.171.126.12,445,*,*,*,"[0, 0, 0, 0, 0, 0, 7, 0, 0, 0, 0, 0, 0]"
21,175.45.176.0,*,149.171.126.13,179,*,*,*,"[0, 0, 0, 0, 79, 0, 0, 0, 0, 0, 0, 0, 0]"
22,175.45.176.0,*,149.171.126.13,4569,*,*,*,"[0, 0, 0, 0, 2, 0, 0, 0, 0, 0, 0, 0, 0]"
23,175.45.176.0,*,149.171.126.13,445,*,*,*,"[0, 0, 0, 0, 0, 0, 7, 0, 0, 0, 0, 0, 0]"
24,175.45.176.0,*,149.171.126.13,520,*,*,*,"[0, 0, 0, 0, 0, 0, 0, 0, 235, 0, 0, 0, 0]"
25,175.45.176.0,*,149.171.126.13,80,*,*,*,"[0, 0, 0, 0, 0, 0, 0, 0, 0, 0, 7, 0, 0]"
26,175.45.176.0,*,149.171.126.16,520,*,*,*,"[30, 0, 0, 0, 0, 0, 0, 0, 0, 0, 0, 0, 0]"
27,175.45.176.0,*,149.171.126.16,135,*,*,*,"[0, 0, 0, 0, 41, 0, 0, 0, 0, 0, 0, 0, 0]"
28,175.45.176.0,*,149.171.126.16,21,*,*,*,"[0, 0, 0, 0, 0, 0, 0, 0, 0, 0, 9, 0, 0]"
29,175.45.176.0,*,149.171.126.19,179,*,*,*,"[42, 0, 0, 0, 0, 0, 0, 0, 0, 0, 0, 0, 0]"
30,175.45.176.0,*,149.171.126.19,8009,*,*,*,"[50, 0, 0, 0, 0, 0, 0, 0, 0, 0, 0, 0, 0]"
31,175.45.176.0,*,149.171.126.19,80,*,*,*,"[0, 3, 28, 0, 0, 0, 0, 0, 0, 0, 0, 0, 0]"
32,175.45.176.0,*,149.171.126.19,135,*,*,*,"[0, 0, 0, 0, 0, 0, 0, 0, 0, 42, 0, 0, 0]"
33,175.45.176.0,*,149.171.126.10,445,*,*,*,"[0, 7, 0, 0, 0, 0, 0, 0, 0, 0, 0, 0, 0]"
34,175.45.176.0,*,149.171.126.10,179,*,*,*,"[0, 0, 25, 0, 0, 0, 0, 0, 0, 0, 0, 0, 0]"
35,175.45.176.0,*,149.171.126.10,520,*,*,*,"[0, 0, 214, 0, 0, 0, 0, 0, 0, 0, 0, 0, 0]"
36,175.45.176.0,*,149.171.126.10,514,*,*,*,"[0, 0, 0, 0, 18, 0, 0, 0, 0, 0, 16, 0, 0]"
37,175.45.176.0,*,149.171.126.10,80,*,*,*,"[0, 0, 0, 0, 0, 0, 0, 2, 29, 0, 0, 0, 0]"
38,175.45.176.0,*,149.171.126.10,1723,*,*,*,"[0, 0, 0, 0, 0, 0, 0, 0, 0, 0, 0, 0, 6]"
39,175.45.176.0,*,149.171.126.14,179,*,*,*,"[0, 5, 82, 0, 0, 0, 0, 0, 6, 0, 0, 0, 0]"
40,175.45.176.0,*,149.171.126.14,514,*,*,*,"[0, 0, 0, 33, 0, 0, 0, 0, 0, 0, 0, 0, 0]"
41,175.45.176.0,*,149.171.126.14,21,*,*,*,"[0, 0, 0, 0, 9, 0, 0, 0, 0, 0, 0, 0, 0]"
42,175.45.176.0,*,149.171.126.14,445,*,*,*,"[0, 0, 0, 0, 0, 0, 0, 7, 0, 0, 0, 0, 7]"
43,175.45.176.0,*,149.171.126.15,179,*,*,*,"[0, 0, 0, 26, 5, 0, 0, 92, 144, 0, 27, 0, 0]"
44,175.45.176.0,*,149.171.126.15,520,*,*,*,"[0, 0, 0, 0, 0, 0, 32, 0, 0, 0, 0, 0, 0]"
45,175.45.176.0,*,149.171.126.17,179,*,*,*,"[0, 56, 0, 0, 0, 0, 0, 0, 0, 0, 0, 0, 0]"
46,175.45.176.0,*,149.171.126.17,514,*,*,*,"[0, 0, 0, 0, 0, 0, 0, 0, 0, 0, 0, 18, 0]"
47,175.45.176.0,*,149.171.126.18,445,*,*,*,"[0, 15, 0, 0, 0, 0, 0, 0, 0, 0, 0, 0, 0]"
48,175.45.176.0,*,149.171.126.18,179,*,*,*,"[0, 0, 19, 25, 0, 0, 0, 0, 0, 0, 0, 0, 0]"
49,175.45.176.0,*,149.171.126.18,8089,*,*,*,"[0, 0, 0, 0, 0, 0, 0, 0, 186, 0, 0, 0, 0]"
50,175.45.176.0,*,149.171.126.18,3306,*,*,*,"[0, 0, 0, 0, 0, 0, 0, 0, 0, 0, 74, 0, 0]"
51,175.45.176.0,*,149.171.126.11,520,*,*,*,"[0, 0, 0, 0, 28, 0, 0, 0, 0, 0, 0, 0, 0]"
52,175.45.176.0,*,149.171.126.11,1723,*,*,*,"[0, 0, 0, 0, 0, 13, 0, 0, 0, 0, 0, 0, 0]"
53,175.45.176.0,*,149.171.126.11,445,*,*,*,"[0, 0, 0, 0, 0, 0, 0, 0, 65, 0, 0, 0, 0]"
54,175.45.176.1,*,149.171.126.11,1723,*,*,*,"[6, 0, 0, 0, 0, 0, 0, 0, 0, 0, 0, 0, 0]"
55,175.45.176.1,*,149.171.126.11,21,*,*,*,"[0, 0, 0, 0, 27, 0, 0, 0, 0, 0, 0, 0, 0]"
56,175.45.176.1,*,149.171.126.11,514,*,*,*,"[0, 0, 0, 0, 0, 0, 67, 33, 0, 0, 0, 0, 0]"
57,175.45.176.1,*,149.171.126.11,520,*,*,*,"[0, 0, 0, 0, 0, 0, 30, 0, 0, 0, 0, 0, 0]"
58,175.45.176.1,*,149.171.126.16,135,*,*,*,"[0, 0, 0, 42, 0, 0, 0, 0, 0, 0, 0, 0, 0]"
59,175.45.176.1,*,149.171.126.16,179,*,*,*,"[0, 0, 0, 0, 0, 0, 0, 0, 0, 16, 0, 0, 0]"
60,175.45.176.1,*,149.171.126.17,445,*,*,*,"[7, 0, 0, 0, 0, 0, 0, 0, 0, 0, 0, 0, 0]"
61,175.45.176.1,*,149.171.126.17,179,*,*,*,"[0, 0, 0, 0, 84, 0, 0, 0, 0, 0, 0, 0, 0]"
62,175.45.176.1,*,149.171.126.17,514,*,*,*,"[0, 0, 0, 0, 0, 33, 0, 0, 0, 0, 0, 0, 0]"
63,175.45.176.1,*,149.171.126.17,1723,*,*,*,"[0, 0, 0, 0, 0, 0, 5, 0, 0, 0, 0, 0, 0]"
64,175.45.176.1,*,149.171.126.17,1018,*,*,*,"[0, 0, 0, 0, 0, 0, 0, 0, 0, 0, 0, 0, 2]"
65,175.45.176.1,*,149.171.126.17,102,*,*,*,"[0, 0, 0, 0, 0, 0, 0, 0, 0, 0, 0, 0, 2]"
66,175.45.176.1,*,149.171.126.17,10652,*,*,*,"[0, 0, 0, 0, 0, 0, 0, 0, 0, 0, 0, 0, 2]"
67,175.45.176.1,*,149.171.126.17,1066,*,*,*,"[0, 0, 0, 0, 0, 0, 0, 0, 0, 0, 0, 0, 2]"
68,175.45.176.1,*,149.171.126.17,10778,*,*,*,"[0, 0, 0, 0, 0, 0, 0, 0, 0, 0, 0, 0, 2]"
69,175.45.176.1,*,149.171.126.17,11537,*,*,*,"[0, 0, 0, 0, 0, 0, 0, 0, 0, 0, 0, 0, 2]"
70,175.45.176.1,*,149.171.126.17,11640,*,*,*,"[0, 0, 0, 0, 0, 0, 0, 0, 0, 0, 0, 0, 2]"
71,175.45.176.1,*,149.171.126.17,12025,*,*,*,"[0, 0, 0, 0, 0, 0, 0, 0, 0, 0, 0, 0, 2]"
72,175.45.176.1,*,149.171.126.17,12799,*,*,*,"[0, 0, 0, 0, 0, 0, 0, 0, 0, 0, 0, 0, 2]"
73,175.45.176.1,*,149.171.126.17,12803,*,*,*,"[0, 0, 0, 0, 0, 0, 0, 0, 0, 0, 0, 0, 2]"
74,175.45.176.1,*,149.171.126.17,12978,*,*,*,"[0, 0, 0, 0, 0, 0, 0, 0, 0, 0, 0, 0, 2]"
75,175.45.176.1,*,149.171.126.17,13295,*,*,*,"[0, 0, 0, 0, 0, 0, 0, 0, 0, 0, 0, 0, 2]"
76,175.45.176.1,*,149.171.126.17,13354,*,*,*,"[0, 0, 0, 0, 0, 0, 0, 0, 0, 0, 0, 0, 2]"
77,175.45.176.1,*,149.171.126.17,13633,*,*,*,"[0, 0, 0, 0, 0, 0, 0, 0, 0, 0, 0, 0, 2]"
78,175.45.176.1,*,149.171.126.17,13798,*,*,*,"[0, 0, 0, 0, 0, 0, 0, 0, 0, 0, 0, 0, 2]"
79,175.45.176.1,*,149.171.126.17,13969,*,*,*,"[0, 0, 0, 0, 0, 0, 0, 0, 0, 0, 0, 0, 2]"
80,175.45.176.1,*,149.171.126.17,14029,*,*,*,"[0, 0, 0, 0, 0, 0, 0, 0, 0, 0, 0, 0, 2]"
81,175.45.176.1,*,149.171.126.17,1435,*,*,*,"[0, 0, 0, 0, 0, 0, 0, 0, 0, 0, 0, 0, 2]"
82,175.45.176.1,*,149.171.126.17,1474,*,*,*,"[0, 0, 0, 0, 0, 0, 0, 0, 0, 0, 0, 0, 2]"
83,175.45.176.1,*,149.171.126.17,14759,*,*,*,"[0, 0, 0, 0, 0, 0, 0, 0, 0, 0, 0, 0, 2]"
84,175.45.176.1,*,149.171.126.17,14826,*,*,*,"[0, 0, 0, 0, 0, 0, 0, 0, 0, 0, 0, 0, 2]"
85,175.45.176.1,*,149.171.126.17,15102,*,*,*,"[0, 0, 0, 0, 0, 0, 0, 0, 0, 0, 0, 0, 2]"
86,175.45.176.1,*,149.171.126.17,15230,*,*,*,"[0, 0, 0, 0, 0, 0, 0, 0, 0, 0, 0, 0, 2]"
87,175.45.176.1,*,149.171.126.17,15313,*,*,*,"[0, 0, 0, 0, 0, 0, 0, 0, 0, 0, 0, 0, 2]"
88,175.45.176.1,*,149.171.126.17,15485,*,*,*,"[0, 0, 0, 0, 0, 0, 0, 0, 0, 0, 0, 0, 2]"
89,175.45.176.1,*,149.171.126.17,15573,*,*,*,"[0, 0, 0, 0, 0, 0, 0, 0, 0, 0, 0, 0, 4]"
90,175.45.176.1,*,149.171.126.17,1592,*,*,*,"[0, 0, 0, 0, 0, 0, 0, 0, 0, 0, 0, 0, 2]"
91,175.45.176.1,*,149.171.126.17,16142,*,*,*,"[0, 0, 0, 0, 0, 0, 0, 0, 0, 0, 0, 0, 2]"
92,175.45.176.1,*,149.171.126.17,16443,*,*,*,"[0, 0, 0, 0, 0, 0, 0, 0, 0, 0, 0, 0, 3]"
93,175.45.176.1,*,149.171.126.17,1651,*,*,*,"[0, 0, 0, 0, 0, 0, 0, 0, 0, 0, 0, 0, 2]"
94,175.45.176.1,*,149.171.126.17,16560,*,*,*,"[0, 0, 0, 0, 0, 0, 0, 0, 0, 0, 0, 0, 2]"
95,175.45.176.1,*,149.171.126.17,16593,*,*,*,"[0, 0, 0, 0, 0, 0, 0, 0, 0, 0, 0, 0, 2]"
96,175.45.176.1,*,149.171.126.17,17760,*,*,*,"[0, 0, 0, 0, 0, 0, 0, 0, 0, 0, 0, 0, 2]"
97,175.45.176.1,*,149.171.126.17,17903,*,*,*,"[0, 0, 0, 0, 0, 0, 0, 0, 0, 0, 0, 0, 2]"
98,175.45.176.1,*,149.171.126.17,17981,*,*,*,"[0, 0, 0, 0, 0, 0, 0, 0, 0, 0, 0, 0, 2]"
99,175.45.176.1,*,149.171.126.17,18213,*,*,*,"[0, 0, 0, 0, 0, 0, 0, 0, 0, 0, 0, 0, 2]"
100,175.45.176.1,*,149.171.126.17,18471,*,*,*,"[0, 0, 0, 0, 0, 0, 0, 0, 0, 0, 0, 0, 2]"
101,175.45.176.1,*,149.171.126.17,18532,*,*,*,"[0, 0, 0, 0, 0, 0, 0, 0, 0, 0, 0, 0, 2]"
102,175.45.176.1,*,149.171.126.17,18549,*,*,*,"[0, 0, 0, 0, 0, 0, 0, 0, 0, 0, 0, 0, 2]"
103,175.45.176.1,*,149.171.126.17,186,*,*,*,"[0, 0, 0, 0, 0, 0, 0, 0, 0, 0, 0, 0, 2]"
104,175.45.176.1,*,149.171.126.17,18605,*,*,*,"[0, 0, 0, 0, 0, 0, 0, 0, 0, 0, 0, 0, 2]"
105,175.45.176.1,*,149.171.126.17,18708,*,*,*,"[0, 0, 0, 0, 0, 0, 0, 0, 0, 0, 0, 0, 2]"
106,175.45.176.1,*,149.171.126.17,19351,*,*,*,"[0, 0, 0, 0, 0, 0, 0, 0, 0, 0, 0, 0, 2]"
107,175.45.176.1,*,149.171.126.17,19471,*,*,*,"[0, 0, 0, 0, 0, 0, 0, 0, 0, 0, 0, 0, 2]"
108,175.45.176.1,*,149.171.126.17,19670,*,*,*,"[0, 0, 0, 0, 0, 0, 0, 0, 0, 0, 0, 0, 2]"
109,175.45.176.1,*,149.171.126.17,19704,*,*,*,"[0, 0, 0, 0, 0, 0, 0, 0, 0, 0, 0, 0, 2]"
110,175.45.176.1,*,149.171.126.17,19922,*,*,*,"[0, 0, 0, 0, 0, 0, 0, 0, 0, 0, 0, 0, 2]"
111,175.45.176.1,*,149.171.126.17,20062,*,*,*,"[0, 0, 0, 0, 0, 0, 0, 0, 0, 0, 0, 0, 2]"
112,175.45.176.1,*,149.171.126.17,2007,*,*,*,"[0, 0, 0, 0, 0, 0, 0, 0, 0, 0, 0, 0, 2]"
113,175.45.176.1,*,149.171.126.17,20298,*,*,*,"[0, 0, 0, 0, 0, 0, 0, 0, 0, 0, 0, 0, 2]"
114,175.45.176.1,*,149.171.126.17,20669,*,*,*,"[0, 0, 0, 0, 0, 0, 0, 0, 0, 0, 0, 0, 2]"
115,175.45.176.1,*,149.171.126.17,21114,*,*,*,"[0, 0, 0, 0, 0, 0, 0, 0, 0, 0, 0, 0, 2]"
116,175.45.176.1,*,149.171.126.17,21248,*,*,*,"[0, 0, 0, 0, 0, 0, 0, 0, 0, 0, 0, 0, 2]"
117,175.45.176.1,*,149.171.126.17,21372,*,*,*,"[0, 0, 0, 0, 0, 0, 0, 0, 0, 0, 0, 0, 2]"
118,175.45.176.1,*,149.171.126.17,2148,*,*,*,"[0, 0, 0, 0, 0, 0, 0, 0, 0, 0, 0, 0, 2]"
119,175.45.176.1,*,149.171.126.17,2187,*,*,*,"[0, 0, 0, 0, 0, 0, 0, 0, 0, 0, 0, 0, 3]"
120,175.45.176.1,*,149.171.126.17,21902,*,*,*,"[0, 0, 0, 0, 0, 0, 0, 0, 0, 0, 0, 0, 2]"
121,175.45.176.1,*,149.171.126.17,21935,*,*,*,"[0, 0, 0, 0, 0, 0, 0, 0, 0, 0, 0, 0, 2]"
122,175.45.176.1,*,149.171.126.17,21996,*,*,*,"[0, 0, 0, 0, 0, 0, 0, 0, 0, 0, 0, 0, 2]"
123,175.45.176.1,*,149.171.126.17,22263,*,*,*,"[0, 0, 0, 0, 0, 0, 0, 0, 0, 0, 0, 0, 2]"
124,175.45.176.1,*,149.171.126.17,22306,*,*,*,"[0, 0, 0, 0, 0, 0, 0, 0, 0, 0, 0, 0, 2]"
125,175.45.176.1,*,149.171.126.17,22413,*,*,*,"[0, 0, 0, 0, 0, 0, 0, 0, 0, 0, 0, 0, 2]"
126,175.45.176.1,*,149.171.126.17,22492,*,*,*,"[0, 0, 0, 0, 0, 0, 0, 0, 0, 0, 0, 0, 2]"
127,175.45.176.1,*,149.171.126.17,22799,*,*,*,"[0, 0, 0, 0, 0, 0, 0, 0, 0, 0, 0, 0, 2]"
128,175.45.176.1,*,149.171.126.17,23324,*,*,*,"[0, 0, 0, 0, 0, 0, 0, 0, 0, 0, 0, 0, 2]"
129,175.45.176.1,*,149.171.126.17,2340,*,*,*,"[0, 0, 0, 0, 0, 0, 0, 0, 0, 0, 0, 0, 2]"
130,175.45.176.1,*,149.171.126.17,23540,*,*,*,"[0, 0, 0, 0, 0, 0, 0, 0, 0, 0, 0, 0, 2]"
131,175.45.176.1,*,149.171.126.17,23589,*,*,*,"[0, 0, 0, 0, 0, 0, 0, 0, 0, 0, 0, 0, 2]"
132,175.45.176.1,*,149.171.126.17,23657,*,*,*,"[0, 0, 0, 0, 0, 0, 0, 0, 0, 0, 0, 0, 2]"
133,175.45.176.1,*,149.171.126.17,23819,*,*,*,"[0, 0, 0, 0, 0, 0, 0, 0, 0, 0, 0, 0, 3]"
134,175.45.176.1,*,149.171.126.17,24777,*,*,*,"[0, 0, 0, 0, 0, 0, 0, 0, 0, 0, 0, 0, 2]"
135,175.45.176.1,*,149.171.126.17,24800,*,*,*,"[0, 0, 0, 0, 0, 0, 0, 0, 0, 0, 0, 0, 2]"
136,175.45.176.1,*,149.171.126.17,24863,*,*,*,"[0, 0, 0, 0, 0, 0, 0, 0, 0, 0, 0, 0, 2]"
137,175.45.176.1,*,149.171.126.17,24933,*,*,*,"[0, 0, 0, 0, 0, 0, 0, 0, 0, 0, 0, 0, 2]"
138,175.45.176.1,*,149.171.126.17,25375,*,*,*,"[0, 0, 0, 0, 0, 0, 0, 0, 0, 0, 0, 0, 2]"
139,175.45.176.1,*,149.171.126.17,26129,*,*,*,"[0, 0, 0, 0, 0, 0, 0, 0, 0, 0, 0, 0, 2]"
140,175.45.176.1,*,149.171.126.17,26417,*,*,*,"[0, 0, 0, 0, 0, 0, 0, 0, 0, 0, 0, 0, 2]"
141,175.45.176.1,*,149.171.126.17,26443,*,*,*,"[0, 0, 0, 0, 0, 0, 0, 0, 0, 0, 0, 0, 2]"
142,175.45.176.1,*,149.171.126.17,26791,*,*,*,"[0, 0, 0, 0, 0, 0, 0, 0, 0, 0, 0, 0, 2]"
143,175.45.176.1,*,149.171.126.17,26862,*,*,*,"[0, 0, 0, 0, 0, 0, 0, 0, 0, 0, 0, 0, 2]"
144,175.45.176.1,*,149.171.126.17,27192,*,*,*,"[0, 0, 0, 0, 0, 0, 0, 0, 0, 0, 0, 0, 2]"
145,175.45.176.1,*,149.171.126.17,2745,*,*,*,"[0, 0, 0, 0, 0, 0, 0, 0, 0, 0, 0, 0, 2]"
146,175.45.176.1,*,149.171.126.17,27544,*,*,*,"[0, 0, 0, 0, 0, 0, 0, 0, 0, 0, 0, 0, 2]"
147,175.45.176.1,*,149.171.126.17,27994,*,*,*,"[0, 0, 0, 0, 0, 0, 0, 0, 0, 0, 0, 0, 2]"
148,175.45.176.1,*,149.171.126.17,28538,*,*,*,"[0, 0, 0, 0, 0, 0, 0, 0, 0, 0, 0, 0, 2]"
149,175.45.176.1,*,149.171.126.17,28630,*,*,*,"[0, 0, 0, 0, 0, 0, 0, 0, 0, 0, 0, 0, 2]"
150,175.45.176.1,*,149.171.126.17,28634,*,*,*,"[0, 0, 0, 0, 0, 0, 0, 0, 0, 0, 0, 0, 2]"
151,175.45.176.1,*,149.171.126.17,28654,*,*,*,"[0, 0, 0, 0, 0, 0, 0, 0, 0, 0, 0, 0, 2]"
152,175.45.176.1,*,149.171.126.17,2884,*,*,*,"[0, 0, 0, 0, 0, 0, 0, 0, 0, 0, 0, 0, 2]"
153,175.45.176.1,*,149.171.126.17,29023,*,*,*,"[0, 0, 0, 0, 0, 0, 0, 0, 0, 0, 0, 0, 2]"
154,175.45.176.1,*,149.171.126.17,29105,*,*,*,"[0, 0, 0, 0, 0, 0, 0, 0, 0, 0, 0, 0, 2]"
155,175.45.176.1,*,149.171.126.17,2916,*,*,*,"[0, 0, 0, 0, 0, 0, 0, 0, 0, 0, 0, 0, 2]"
156,175.45.176.1,*,149.171.126.17,29467,*,*,*,"[0, 0, 0, 0, 0, 0, 0, 0, 0, 0, 0, 0, 2]"
157,175.45.176.1,*,149.171.126.17,30204,*,*,*,"[0, 0, 0, 0, 0, 0, 0, 0, 0, 0, 0, 0, 2]"
158,175.45.176.1,*,149.171.126.17,3103,*,*,*,"[0, 0, 0, 0, 0, 0, 0, 0, 0, 0, 0, 0, 2]"
159,175.45.176.1,*,149.171.126.17,31142,*,*,*,"[0, 0, 0, 0, 0, 0, 0, 0, 0, 0, 0, 0, 2]"
160,175.45.176.1,*,149.171.126.17,31404,*,*,*,"[0, 0, 0, 0, 0, 0, 0, 0, 0, 0, 0, 0, 2]"
161,175.45.176.1,*,149.171.126.17,31717,*,*,*,"[0, 0, 0, 0, 0, 0, 0, 0, 0, 0, 0, 0, 2]"
162,175.45.176.1,*,149.171.126.17,31893,*,*,*,"[0, 0, 0, 0, 0, 0, 0, 0, 0, 0, 0, 0, 2]"
163,175.45.176.1,*,149.171.126.17,32111,*,*,*,"[0, 0, 0, 0, 0, 0, 0, 0, 0, 0, 0, 0, 2]"
164,175.45.176.1,*,149.171.126.17,32195,*,*,*,"[0, 0, 0, 0, 0, 0, 0, 0, 0, 0, 0, 0, 2]"
165,175.45.176.1,*,149.171.126.17,32221,*,*,*,"[0, 0, 0, 0, 0, 0, 0, 0, 0, 0, 0, 0, 2]"
166,175.45.176.1,*,149.171.126.17,32387,*,*,*,"[0, 0, 0, 0, 0, 0, 0, 0, 0, 0, 0, 0, 2]"
167,175.45.176.1,*,149.171.126.17,32630,*,*,*,"[0, 0, 0, 0, 0, 0, 0, 0, 0, 0, 0, 0, 2]"
168,175.45.176.1,*,149.171.126.17,32664,*,*,*,"[0, 0, 0, 0, 0, 0, 0, 0, 0, 0, 0, 0, 2]"
169,175.45.176.1,*,149.171.126.17,32995,*,*,*,"[0, 0, 0, 0, 0, 0, 0, 0, 0, 0, 0, 0, 2]"
170,175.45.176.1,*,149.171.126.17,34118,*,*,*,"[0, 0, 0, 0, 0, 0, 0, 0, 0, 0, 0, 0, 2]"
171,175.45.176.1,*,149.171.126.17,3454,*,*,*,"[0, 0, 0, 0, 0, 0, 0, 0, 0, 0, 0, 0, 2]"
172,175.45.176.1,*,149.171.126.17,34611,*,*,*,"[0, 0, 0, 0, 0, 0, 0, 0, 0, 0, 0, 0, 2]"
173,175.45.176.1,*,149.171.126.17,34666,*,*,*,"[0, 0, 0, 0, 0, 0, 0, 0, 0, 0, 0, 0, 4]"
174,175.45.176.1,*,149.171.126.17,35099,*,*,*,"[0, 0, 0, 0, 0, 0, 0, 0, 0, 0, 0, 0, 3]"
175,175.45.176.1,*,149.171.126.17,35354,*,*,*,"[0, 0, 0, 0, 0, 0, 0, 0, 0, 0, 0, 0, 2]"
176,175.45.176.1,*,149.171.126.17,35367,*,*,*,"[0, 0, 0, 0, 0, 0, 0, 0, 0, 0, 0, 0, 2]"
177,175.45.176.1,*,149.171.126.17,35931,*,*,*,"[0, 0, 0, 0, 0, 0, 0, 0, 0, 0, 0, 0, 2]"
178,175.45.176.1,*,149.171.126.17,36079,*,*,*,"[0, 0, 0, 0, 0, 0, 0, 0, 0, 0, 0, 0, 2]"
179,175.45.176.1,*,149.171.126.17,36092,*,*,*,"[0, 0, 0, 0, 0, 0, 0, 0, 0, 0, 0, 0, 2]"
180,175.45.176.1,*,149.171.126.17,36648,*,*,*,"[0, 0, 0, 0, 0, 0, 0, 0, 0, 0, 0, 0, 2]"
181,175.45.176.1,*,149.171.126.17,36875,*,*,*,"[0, 0, 0, 0, 0, 0, 0, 0, 0, 0, 0, 0, 3]"
182,175.45.176.1,*,149.171.126.17,37008,*,*,*,"[0, 0, 0, 0, 0, 0, 0, 0, 0, 0, 0, 0, 2]"
183,175.45.176.1,*,149.171.126.17,37274,*,*,*,"[0, 0, 0, 0, 0, 0, 0, 0, 0, 0, 0, 0, 2]"
184,175.45.176.1,*,149.171.126.17,37802,*,*,*,"[0, 0, 0, 0, 0, 0, 0, 0, 0, 0, 0, 0, 2]"
185,175.45.176.1,*,149.171.126.17,37916,*,*,*,"[0, 0, 0, 0, 0, 0, 0, 0, 0, 0, 0, 0, 2]"
186,175.45.176.1,*,149.171.126.17,38087,*,*,*,"[0, 0, 0, 0, 0, 0, 0, 0, 0, 0, 0, 0, 2]"
187,175.45.176.1,*,149.171.126.17,38358,*,*,*,"[0, 0, 0, 0, 0, 0, 0, 0, 0, 0, 0, 0, 2]"
188,175.45.176.1,*,149.171.126.17,39331,*,*,*,"[0, 0, 0, 0, 0, 0, 0, 0, 0, 0, 0, 0, 2]"
189,175.45.176.1,*,149.171.126.17,39485,*,*,*,"[0, 0, 0, 0, 0, 0, 0, 0, 0, 0, 0, 0, 2]"
190,175.45.176.1,*,149.171.126.17,40102,*,*,*,"[0, 0, 0, 0, 0, 0, 0, 0, 0, 0, 0, 0, 2]"
191,175.45.176.1,*,149.171.126.17,40127,*,*,*,"[0, 0, 0, 0, 0, 0, 0, 0, 0, 0, 0, 0, 2]"
192,175.45.176.1,*,149.171.126.17,40582,*,*,*,"[0, 0, 0, 0, 0, 0, 0, 0, 0, 0, 0, 0, 2]"
193,175.45.176.1,*,149.171.126.17,40674,*,*,*,"[0, 0, 0, 0, 0, 0, 0, 0, 0, 0, 0, 0, 2]"
194,175.45.176.1,*,149.171.126.17,40834,*,*,*,"[0, 0, 0, 0, 0, 0, 0, 0, 0, 0, 0, 0, 2]"
195,175.45.176.1,*,149.171.126.17,40953,*,*,*,"[0, 0, 0, 0, 0, 0, 0, 0, 0, 0, 0, 0, 2]"
196,175.45.176.1,*,149.171.126.17,4193,*,*,*,"[0, 0, 0, 0, 0, 0, 0, 0, 0, 0, 0, 0, 3]"
197,175.45.176.1,*,149.171.126.17,42272,*,*,*,"[0, 0, 0, 0, 0, 0, 0, 0, 0, 0, 0, 0, 2]"
198,175.45.176.1,*,149.171.126.17,43372,*,*,*,"[0, 0, 0, 0, 0, 0, 0, 0, 0, 0, 0, 0, 2]"
199,175.45.176.1,*,149.171.126.17,43542,*,*,*,"[0, 0, 0, 0, 0, 0, 0, 0, 0, 0, 0, 0, 2]"
200,175.45.176.1,*,149.171.126.17,43717,*,*,*,"[0, 0, 0, 0, 0, 0, 0, 0, 0, 0, 0, 0, 2]"
201,175.45.176.1,*,149.171.126.17,43779,*,*,*,"[0, 0, 0, 0, 0, 0, 0, 0, 0, 0, 0, 0, 2]"
202,175.45.176.1,*,149.171.126.17,43856,*,*,*,"[0, 0, 0, 0, 0, 0, 0, 0, 0, 0, 0, 0, 2]"
203,175.45.176.1,*,149.171.126.17,43962,*,*,*,"[0, 0, 0, 0, 0, 0, 0, 0, 0, 0, 0, 0, 2]"
204,175.45.176.1,*,149.171.126.17,44574,*,*,*,"[0, 0, 0, 0, 0, 0, 0, 0, 0, 0, 0, 0, 2]"
205,175.45.176.1,*,149.171.126.17,4528,*,*,*,"[0, 0, 0, 0, 0, 0, 0, 0, 0, 0, 0, 0, 2]"
206,175.45.176.1,*,149.171.126.17,45535,*,*,*,"[0, 0, 0, 0, 0, 0, 0, 0, 0, 0, 0, 0, 2]"
207,175.45.176.1,*,149.171.126.17,45666,*,*,*,"[0, 0, 0, 0, 0, 0, 0, 0, 0, 0, 0, 0, 2]"
208,175.45.176.1,*,149.171.126.17,45955,*,*,*,"[0, 0, 0, 0, 0, 0, 0, 0, 0, 0, 0, 0, 2]"
209,175.45.176.1,*,149.171.126.17,46051,*,*,*,"[0, 0, 0, 0, 0, 0, 0, 0, 0, 0, 0, 0, 2]"
210,175.45.176.1,*,149.171.126.17,46233,*,*,*,"[0, 0, 0, 0, 0, 0, 0, 0, 0, 0, 0, 0, 2]"
211,175.45.176.1,*,149.171.126.17,4650,*,*,*,"[0, 0, 0, 0, 0, 0, 0, 0, 0, 0, 0, 0, 2]"
212,175.45.176.1,*,149.171.126.17,46887,*,*,*,"[0, 0, 0, 0, 0, 0, 0, 0, 0, 0, 0, 0, 3]"
213,175.45.176.1,*,149.171.126.17,47014,*,*,*,"[0, 0, 0, 0, 0, 0, 0, 0, 0, 0, 0, 0, 2]"
214,175.45.176.1,*,149.171.126.17,47344,*,*,*,"[0, 0, 0, 0, 0, 0, 0, 0, 0, 0, 0, 0, 2]"
215,175.45.176.1,*,149.171.126.17,47460,*,*,*,"[0, 0, 0, 0, 0, 0, 0, 0, 0, 0, 0, 0, 2]"
216,175.45.176.1,*,149.171.126.17,47554,*,*,*,"[0, 0, 0, 0, 0, 0, 0, 0, 0, 0, 0, 0, 2]"
217,175.45.176.1,*,149.171.126.17,47631,*,*,*,"[0, 0, 0, 0, 0, 0, 0, 0, 0, 0, 0, 0, 2]"
218,175.45.176.1,*,149.171.126.17,47821,*,*,*,"[0, 0, 0, 0, 0, 0, 0, 0, 0, 0, 0, 0, 2]"
219,175.45.176.1,*,149.171.126.17,47883,*,*,*,"[0, 0, 0, 0, 0, 0, 0, 0, 0, 0, 0, 0, 2]"
220,175.45.176.1,*,149.171.126.17,47921,*,*,*,"[0, 0, 0, 0, 0, 0, 0, 0, 0, 0, 0, 0, 2]"
221,175.45.176.1,*,149.171.126.17,48202,*,*,*,"[0, 0, 0, 0, 0, 0, 0, 0, 0, 0, 0, 0, 2]"
222,175.45.176.1,*,149.171.126.17,48380,*,*,*,"[0, 0, 0, 0, 0, 0, 0, 0, 0, 0, 0, 0, 2]"
223,175.45.176.1,*,149.171.126.17,48393,*,*,*,"[0, 0, 0, 0, 0, 0, 0, 0, 0, 0, 0, 0, 2]"
224,175.45.176.1,*,149.171.126.17,48693,*,*,*,"[0, 0, 0, 0, 0, 0, 0, 0, 0, 0, 0, 0, 2]"
225,175.45.176.1,*,149.171.126.17,48931,*,*,*,"[0, 0, 0, 0, 0, 0, 0, 0, 0, 0, 0, 0, 2]"
226,175.45.176.1,*,149.171.126.17,49357,*,*,*,"[0, 0, 0, 0, 0, 0, 0, 0, 0, 0, 0, 0, 2]"
227,175.45.176.1,*,149.171.126.17,49733,*,*,*,"[0, 0, 0, 0, 0, 0, 0, 0, 0, 0, 0, 0, 2]"
228,175.45.176.1,*,149.171.126.17,50133,*,*,*,"[0, 0, 0, 0, 0, 0, 0, 0, 0, 0, 0, 0, 2]"
229,175.45.176.1,*,149.171.126.17,50640,*,*,*,"[0, 0, 0, 0, 0, 0, 0, 0, 0, 0, 0, 0, 2]"
230,175.45.176.1,*,149.171.126.17,50742,*,*,*,"[0, 0, 0, 0, 0, 0, 0, 0, 0, 0, 0, 0, 2]"
231,175.45.176.1,*,149.171.126.17,50855,*,*,*,"[0, 0, 0, 0, 0, 0, 0, 0, 0, 0, 0, 0, 2]"
232,175.45.176.1,*,149.171.126.17,51170,*,*,*,"[0, 0, 0, 0, 0, 0, 0, 0, 0, 0, 0, 0, 2]"
233,175.45.176.1,*,149.171.126.17,51259,*,*,*,"[0, 0, 0, 0, 0, 0, 0, 0, 0, 0, 0, 0, 2]"
234,175.45.176.1,*,149.171.126.17,51314,*,*,*,"[0, 0, 0, 0, 0, 0, 0, 0, 0, 0, 0, 0, 2]"
235,175.45.176.1,*,149.171.126.17,518,*,*,*,"[0, 0, 0, 0, 0, 0, 0, 0, 0, 0, 0, 0, 2]"
236,175.45.176.1,*,149.171.126.17,51818,*,*,*,"[0, 0, 0, 0, 0, 0, 0, 0, 0, 0, 0, 0, 2]"
237,175.45.176.1,*,149.171.126.17,51876,*,*,*,"[0, 0, 0, 0, 0, 0, 0, 0, 0, 0, 0, 0, 3]"
238,175.45.176.1,*,149.171.126.17,5189,*,*,*,"[0, 0, 0, 0, 0, 0, 0, 0, 0, 0, 0, 0, 2]"
239,175.45.176.1,*,149.171.126.17,52130,*,*,*,"[0, 0, 0, 0, 0, 0, 0, 0, 0, 0, 0, 0, 2]"
240,175.45.176.1,*,149.171.126.17,53665,*,*,*,"[0, 0, 0, 0, 0, 0, 0, 0, 0, 0, 0, 0, 2]"
241,175.45.176.1,*,149.171.126.17,53692,*,*,*,"[0, 0, 0, 0, 0, 0, 0, 0, 0, 0, 0, 0, 2]"
242,175.45.176.1,*,149.171.126.17,53707,*,*,*,"[0, 0, 0, 0, 0, 0, 0, 0, 0, 0, 0, 0, 2]"
243,175.45.176.1,*,149.171.126.17,53727,*,*,*,"[0, 0, 0, 0, 0, 0, 0, 0, 0, 0, 0, 0, 2]"
244,175.45.176.1,*,149.171.126.17,54067,*,*,*,"[0, 0, 0, 0, 0, 0, 0, 0, 0, 0, 0, 0, 2]"
245,175.45.176.1,*,149.171.126.17,5433,*,*,*,"[0, 0, 0, 0, 0, 0, 0, 0, 0, 0, 0, 0, 2]"
246,175.45.176.1,*,149.171.126.17,54334,*,*,*,"[0, 0, 0, 0, 0, 0, 0, 0, 0, 0, 0, 0, 2]"
247,175.45.176.1,*,149.171.126.17,54609,*,*,*,"[0, 0, 0, 0, 0, 0, 0, 0, 0, 0, 0, 0, 2]"
248,175.45.176.1,*,149.171.126.17,54881,*,*,*,"[0, 0, 0, 0, 0, 0, 0, 0, 0, 0, 0, 0, 2]"
249,175.45.176.1,*,149.171.126.17,55092,*,*,*,"[0, 0, 0, 0, 0, 0, 0, 0, 0, 0, 0, 0, 2]"
250,175.45.176.1,*,149.171.126.17,55101,*,*,*,"[0, 0, 0, 0, 0, 0, 0, 0, 0, 0, 0, 0, 2]"
251,175.45.176.1,*,149.171.126.17,55450,*,*,*,"[0, 0, 0, 0, 0, 0, 0, 0, 0, 0, 0, 0, 2]"
252,175.45.176.1,*,149.171.126.17,55543,*,*,*,"[0, 0, 0, 0, 0, 0, 0, 0, 0, 0, 0, 0, 2]"
253,175.45.176.1,*,149.171.126.17,55569,*,*,*,"[0, 0, 0, 0, 0, 0, 0, 0, 0, 0, 0, 0, 2]"
254,175.45.176.1,*,149.171.126.17,55626,*,*,*,"[0, 0, 0, 0, 0, 0, 0, 0, 0, 0, 0, 0, 3]"
255,175.45.176.1,*,149.171.126.17,55758,*,*,*,"[0, 0, 0, 0, 0, 0, 0, 0, 0, 0, 0, 0, 2]"
256,175.45.176.1,*,149.171.126.17,56125,*,*,*,"[0, 0, 0, 0, 0, 0, 0, 0, 0, 0, 0, 0, 2]"
257,175.45.176.1,*,149.171.126.17,56790,*,*,*,"[0, 0, 0, 0, 0, 0, 0, 0, 0, 0, 0, 0, 2]"
258,175.45.176.1,*,149.171.126.17,5697,*,*,*,"[0, 0, 0, 0, 0, 0, 0, 0, 0, 0, 0, 0, 2]"
259,175.45.176.1,*,149.171.126.17,56986,*,*,*,"[0, 0, 0, 0, 0, 0, 0, 0, 0, 0, 0, 0, 2]"
260,175.45.176.1,*,149.171.126.17,57162,*,*,*,"[0, 0, 0, 0, 0, 0, 0, 0, 0, 0, 0, 0, 2]"
261,175.45.176.1,*,149.171.126.17,5773,*,*,*,"[0, 0, 0, 0, 0, 0, 0, 0, 0, 0, 0, 0, 2]"
262,175.45.176.1,*,149.171.126.17,57902,*,*,*,"[0, 0, 0, 0, 0, 0, 0, 0, 0, 0, 0, 0, 2]"
263,175.45.176.1,*,149.171.126.17,58446,*,*,*,"[0, 0, 0, 0, 0, 0, 0, 0, 0, 0, 0, 0, 2]"
264,175.45.176.1,*,149.171.126.17,58573,*,*,*,"[0, 0, 0, 0, 0, 0, 0, 0, 0, 0, 0, 0, 2]"
265,175.45.176.1,*,149.171.126.17,58727,*,*,*,"[0, 0, 0, 0, 0, 0, 0, 0, 0, 0, 0, 0, 2]"
266,175.45.176.1,*,149.171.126.17,59055,*,*,*,"[0, 0, 0, 0, 0, 0, 0, 0, 0, 0, 0, 0, 2]"
267,175.45.176.1,*,149.171.126.17,59066,*,*,*,"[0, 0, 0, 0, 0, 0, 0, 0, 0, 0, 0, 0, 3]"
268,175.45.176.1,*,149.171.126.17,59179,*,*,*,"[0, 0, 0, 0, 0, 0, 0, 0, 0, 0, 0, 0, 2]"
269,175.45.176.1,*,149.171.126.17,5933,*,*,*,"[0, 0, 0, 0, 0, 0, 0, 0, 0, 0, 0, 0, 2]"
270,175.45.176.1,*,149.171.126.17,59454,*,*,*,"[0, 0, 0, 0, 0, 0, 0, 0, 0, 0, 0, 0, 2]"
271,175.45.176.1,*,149.171.126.17,59651,*,*,*,"[0, 0, 0, 0, 0, 0, 0, 0, 0, 0, 0, 0, 2]"
272,175.45.176.1,*,149.171.126.17,59757,*,*,*,"[0, 0, 0, 0, 0, 0, 0, 0, 0, 0, 0, 0, 2]"
273,175.45.176.1,*,149.171.126.17,60292,*,*,*,"[0, 0, 0, 0, 0, 0, 0, 0, 0, 0, 0, 0, 2]"
274,175.45.176.1,*,149.171.126.17,6089,*,*,*,"[0, 0, 0, 0, 0, 0, 0, 0, 0, 0, 0, 0, 2]"
275,175.45.176.1,*,149.171.126.17,61903,*,*,*,"[0, 0, 0, 0, 0, 0, 0, 0, 0, 0, 0, 0, 2]"
276,175.45.176.1,*,149.171.126.17,62178,*,*,*,"[0, 0, 0, 0, 0, 0, 0, 0, 0, 0, 0, 0, 2]"
277,175.45.176.1,*,149.171.126.17,62421,*,*,*,"[0, 0, 0, 0, 0, 0, 0, 0, 0, 0, 0, 0, 2]"
278,175.45.176.1,*,149.171.126.17,62465,*,*,*,"[0, 0, 0, 0, 0, 0, 0, 0, 0, 0, 0, 0, 2]"
279,175.45.176.1,*,149.171.126.17,62862,*,*,*,"[0, 0, 0, 0, 0, 0, 0, 0, 0, 0, 0, 0, 2]"
280,175.45.176.1,*,149.171.126.17,62913,*,*,*,"[0, 0, 0, 0, 0, 0, 0, 0, 0, 0, 0, 0, 2]"
281,175.45.176.1,*,149.171.126.17,63096,*,*,*,"[0, 0, 0, 0, 0, 0, 0, 0, 0, 0, 0, 0, 2]"
282,175.45.176.1,*,149.171.126.17,6317,*,*,*,"[0, 0, 0, 0, 0, 0, 0, 0, 0, 0, 0, 0, 2]"
283,175.45.176.1,*,149.171.126.17,632,*,*,*,"[0, 0, 0, 0, 0, 0, 0, 0, 0, 0, 0, 0, 2]"
284,175.45.176.1,*,149.171.126.17,63847,*,*,*,"[0, 0, 0, 0, 0, 0, 0, 0, 0, 0, 0, 0, 2]"
285,175.45.176.1,*,149.171.126.17,63849,*,*,*,"[0, 0, 0, 0, 0, 0, 0, 0, 0, 0, 0, 0, 2]"
286,175.45.176.1,*,149.171.126.17,64114,*,*,*,"[0, 0, 0, 0, 0, 0, 0, 0, 0, 0, 0, 0, 2]"
287,175.45.176.1,*,149.171.126.17,64298,*,*,*,"[0, 0, 0, 0, 0, 0, 0, 0, 0, 0, 0, 0, 2]"
288,175.45.176.1,*,149.171.126.17,64412,*,*,*,"[0, 0, 0, 0, 0, 0, 0, 0, 0, 0, 0, 0, 2]"
289,175.45.176.1,*,149.171.126.17,65035,*,*,*,"[0, 0, 0, 0, 0, 0, 0, 0, 0, 0, 0, 0, 2]"
290,175.45.176.1,*,149.171.126.17,65143,*,*,*,"[0, 0, 0, 0, 0, 0, 0, 0, 0, 0, 0, 0, 2]"
291,175.45.176.1,*,149.171.126.17,65165,*,*,*,"[0, 0, 0, 0, 0, 0, 0, 0, 0, 0, 0, 0, 2]"
292,175.45.176.1,*,149.171.126.17,65452,*,*,*,"[0, 0, 0, 0, 0, 0, 0, 0, 0, 0, 0, 0, 3]"
293,175.45.176.1,*,149.171.126.17,671,*,*,*,"[0, 0, 0, 0, 0, 0, 0, 0, 0, 0, 0, 0, 2]"
294,175.45.176.1,*,149.171.126.17,6971,*,*,*,"[0, 0, 0, 0, 0, 0, 0, 0, 0, 0, 0, 0, 2]"
295,175.45.176.1,*,149.171.126.17,7111,*,*,*,"[0, 0, 0, 0, 0, 0, 0, 0, 0, 0, 0, 0, 2]"
296,175.45.176.1,*,149.171.126.17,7221,*,*,*,"[0, 0, 0, 0, 0, 0, 0, 0, 0, 0, 0, 0, 2]"
297,175.45.176.1,*,149.171.126.17,7470,*,*,*,"[0, 0, 0, 0, 0, 0, 0, 0, 0, 0, 0, 0, 2]"
298,175.45.176.1,*,149.171.126.17,7589,*,*,*,"[0, 0, 0, 0, 0, 0, 0, 0, 0, 0, 0, 0, 2]"
299,175.45.176.1,*,149.171.126.17,8175,*,*,*,"[0, 0, 0, 0, 0, 0, 0, 0, 0, 0, 0, 0, 2]"
300,175.45.176.1,*,149.171.126.17,8182,*,*,*,"[0, 0, 0, 0, 0, 0, 0, 0, 0, 0, 0, 0, 2]"
301,175.45.176.1,*,149.171.126.17,8288,*,*,*,"[0, 0, 0, 0, 0, 0, 0, 0, 0, 0, 0, 0, 2]"
302,175.45.176.1,*,149.171.126.17,8448,*,*,*,"[0, 0, 0, 0, 0, 0, 0, 0, 0, 0, 0, 0, 3]"
303,175.45.176.1,*,149.171.126.17,8741,*,*,*,"[0, 0, 0, 0, 0, 0, 0, 0, 0, 0, 0, 0, 2]"
304,175.45.176.1,*,149.171.126.17,9711,*,*,*,"[0, 0, 0, 0, 0, 0, 0, 0, 0, 0, 0, 0, 2]"
305,175.45.176.1,*,149.171.126.17,9715,*,*,*,"[0, 0, 0, 0, 0, 0, 0, 0, 0, 0, 0, 0, 2]"
306,175.45.176.1,*,149.171.126.18,520,*,*,*,"[30, 0, 0, 0, 0, 0, 0, 0, 0, 0, 0, 0, 0]"
307,175.45.176.1,*,149.171.126.18,179,*,*,*,"[0, 0, 0, 0, 0, 0, 0, 0, 0, 75, 0, 0, 0]"
308,175.45.176.1,*,149.171.126.18,514,*,*,*,"[0, 0, 0, 0, 0, 0, 0, 0, 0, 0, 0, 0, 33]"
309,175.45.176.1,*,149.171.126.12,445,*,*,*,"[0, 0, 5, 0, 0, 0, 0, 0, 0, 0, 0, 0, 0]"
310,175.45.176.1,*,149.171.126.12,80,*,*,*,"[0, 7, 0, 0, 0, 0, 0, 0, 0, 0, 0, 0, 0]"
311,175.45.176.1,*,149.171.126.12,1723,*,*,*,"[0, 0, 0, 0, 0, 0, 215, 0, 0, 0, 0, 0, 0]"
312,175.45.176.1,*,149.171.126.12,179,*,*,*,"[0, 0, 0, 0, 0, 0, 0, 0, 0, 0, 214, 0, 0]"
313,175.45.176.1,*,149.171.126.15,179,*,*,*,"[0, 204, 144, 0, 0, 73, 0, 0, 0, 0, 0, 208, 0]"
314,175.45.176.1,*,149.171.126.15,445,*,*,*,"[0, 6, 0, 0, 0, 0, 0, 0, 0, 0, 0, 0, 0]"
315,175.45.176.1,*,149.171.126.15,514,*,*,*,"[0, 33, 0, 0, 0, 0, 0, 0, 0, 0, 0, 0, 0]"
316,175.45.176.1,*,149.171.126.15,1723,*,*,*,"[0, 0, 0, 0, 0, 0, 0, 0, 0, 0, 0, 0, 217]"
317,175.45.176.1,*,149.171.126.10,445,*,*,*,"[0, 0, 62, 0, 0, 0, 0, 0, 0, 0, 0, 0, 7]"
318,175.45.176.1,*,149.171.126.10,514,*,*,*,"[0, 0, 0, 0, 17, 0, 0, 0, 0, 0, 0, 0, 0]"
319,175.45.176.1,*,149.171.126.10,520,*,*,*,"[0, 0, 0, 0, 0, 0, 0, 0, 0, 203, 20, 0, 0]"
320,175.45.176.1,*,149.171.126.19,8089,*,*,*,"[0, 0, 4, 0, 0, 0, 0, 0, 0, 0, 0, 0, 0]"
321,175.45.176.1,*,149.171.126.19,0,*,*,*,"[0, 0, 0, 2, 0, 0, 0, 0, 0, 0, 0, 0, 0]"
322,175.45.176.1,*,149.171.126.19,179,*,*,*,"[0, 0, 0, 0, 25, 0, 39, 0, 0, 0, 0, 20, 0]"
323,175.45.176.1,*,224.0.0.1,0,*,*,*,"[0, 0, 0, 0, 0, 0, 3, 0, 2, 0, 0, 0, 0]"
324,175.45.176.1,*,149.171.126.13,514,*,*,*,"[0, 0, 0, 0, 18, 0, 0, 0, 0, 0, 0, 0, 0]"
325,175.45.176.1,*,149.171.126.13,445,*,*,*,"[0, 0, 0, 0, 0, 0, 0, 0, 7, 0, 0, 0, 0]"
326,175.45.176.1,*,149.171.126.14,179,*,*,*,"[0, 0, 0, 0, 209, 0, 0, 81, 0, 0, 0, 0, 0]"
327,175.45.176.1,*,149.171.126.14,22,*,*,*,"[0, 0, 0, 0, 0, 0, 0, 0, 10, 0, 0, 0, 0]"
328,175.45.176.2,*,149.171.126.11,179,*,*,*,"[0, 0, 0, 0, 17, 0, 0, 0, 515, 0, 0, 0, 42]"
329,175.45.176.2,*,149.171.126.11,35828,*,*,*,"[0, 0, 0, 0, 0, 0, 2, 0, 0, 0, 0, 0, 0]"
330,175.45.176.2,*,149.171.126.11,1723,*,*,*,"[0, 0, 0, 0, 0, 0, 0, 0, 0, 0, 0, 13, 0]"
331,175.45.176.2,*,149.171.126.15,445,*,*,*,"[0, 0, 7, 0, 0, 0, 0, 0, 0, 0, 0, 0, 0]"
332,175.45.176.2,*,149.171.126.15,0,*,*,*,"[0, 0, 0, 0, 0, 0, 0, 0, 0, 2, 0, 0, 0]"
333,175.45.176.2,*,149.171.126.15,80,*,*,*,"[0, 0, 0, 0, 7, 0, 0, 0, 0, 0, 0, 0, 0]"
334,175.45.176.2,*,149.171.126.15,1723,*,*,*,"[0, 0, 0, 0, 0, 13, 0, 0, 0, 0, 0, 0, 0]"
335,175.45.176.2,*,149.171.126.15,179,*,*,*,"[0, 0, 0, 0, 0, 0, 0, 0, 0, 0, 5, 0, 48]"
336,175.45.176.2,*,149.171.126.16,514,*,*,*,"[31, 0, 0, 0, 0, 0, 0, 0, 0, 0, 0, 31, 0]"
337,175.45.176.2,*,149.171.126.16,520,*,*,*,"[0, 0, 48, 197, 23, 0, 0, 0, 0, 0, 0, 0, 0]"
338,175.45.176.2,*,149.171.126.16,445,*,*,*,"[0, 0, 0, 0, 0, 0, 0, 6, 0, 0, 0, 0, 0]"
339,175.45.176.2,*,149.171.126.17,514,*,*,*,"[29, 0, 0, 0, 0, 0, 0, 0, 0, 0, 0, 0, 0]"
340,175.45.176.2,*,149.171.126.17,8009,*,*,*,"[0, 0, 0, 0, 0, 0, 50, 0, 0, 0, 0, 0, 0]"
341,175.45.176.2,*,149.171.126.17,179,*,*,*,"[0, 0, 0, 0, 0, 0, 0, 56, 0, 0, 0, 0, 0]"
342,175.45.176.2,*,149.171.126.17,21,*,*,*,"[0, 0, 0, 0, 0, 0, 0, 0, 0, 0, 27, 0, 0]"
343,175.45.176.2,*,149.171.126.19,80,*,*,*,"[489, 77, 0, 0, 0, 0, 0, 0, 0, 0, 0, 0, 0]"
344,175.45.176.2,*,149.171.126.19,179,*,*,*,"[0, 33, 0, 0, 0, 0, 0, 0, 0, 0, 0, 0, 0]"
345,175.45.176.2,*,149.171.126.19,21,*,*,*,"[0, 0, 0, 0, 0, 0, 0, 0, 35, 0, 0, 0, 0]"
346,175.45.176.2,*,149.171.126.19,514,*,*,*,"[0, 0, 0, 0, 0, 0, 0, 0, 0, 33, 0, 0, 0]"
347,175.45.176.2,*,149.171.126.12,53,*,*,*,"[0, 0, 0, 0, 0, 2, 0, 0, 0, 0, 0, 0, 0]"
348,175.45.176.2,*,149.171.126.12,135,*,*,*,"[0, 0, 0, 0, 0, 0, 0, 0, 0, 0, 40, 0, 0]"
349,175.45.176.2,*,149.171.126.14,445,*,*,*,"[0, 7, 6, 0, 0, 0, 0, 0, 0, 0, 0, 0, 0]"
350,175.45.176.2,*,149.171.126.14,1723,*,*,*,"[0, 0, 0, 6, 0, 0, 0, 0, 0, 0, 0, 0, 0]"
351,175.45.176.2,*,149.171.126.14,514,*,*,*,"[0, 0, 0, 0, 0, 0, 0, 0, 0, 0, 17, 0, 0]"
352,175.45.176.2,*,149.171.126.14,520,*,*,*,"[0, 0, 0, 0, 0, 0, 0, 0, 0, 0, 0, 0, 33]"
353,175.45.176.2,*,149.171.126.14,8009,*,*,*,"[0, 0, 0, 0, 0, 0, 0, 0, 0, 0, 0, 0, 50]"
354,175.45.176.2,*,149.171.126.18,21,*,*,*,"[0, 0, 34, 0, 0, 0, 0, 0, 0, 0, 0, 0, 0]"
355,175.45.176.2,*,149.171.126.18,445,*,*,*,"[0, 0, 0, 0, 0, 6, 0, 0, 13, 0, 0, 0, 0]"
356,175.45.176.2,*,149.171.126.18,179,*,*,*,"[0, 0, 0, 0, 0, 0, 0, 0, 19, 0, 0, 0, 0]"
357,175.45.176.2,*,149.171.126.18,3260,*,*,*,"[0, 0, 0, 0, 0, 0, 0, 0, 0, 0, 0, 533, 0]"
358,175.45.176.2,*,149.171.126.18,514,*,*,*,"[0, 0, 0, 0, 0, 0, 0, 0, 0, 0, 0, 0, 15]"
359,175.45.176.2,*,149.171.126.13,445,*,*,*,"[0, 0, 11, 0, 0, 0, 0, 0, 0, 0, 0, 0, 0]"
360,175.45.176.2,*,149.171.126.13,179,*,*,*,"[0, 0, 0, 0, 17, 260, 0, 0, 0, 0, 240, 0, 0]"
361,175.45.176.2,*,149.171.126.13,21,*,*,*,"[0, 0, 0, 0, 0, 0, 0, 0, 36, 0, 0, 0, 0]"
362,175.45.176.2,*,149.171.126.13,48879,*,*,*,"[0, 0, 0, 0, 0, 0, 0, 0, 0, 0, 0, 0, 2]"
363,175.45.176.2,*,224.0.0.1,0,*,*,*,"[0, 0, 0, 0, 0, 0, 0, 0, 0, 0, 0, 0, 6]"
364,175.45.176.2,*,149.171.126.10,179,*,*,*,"[0, 0, 0, 0, 18, 0, 0, 0, 0, 0, 0, 0, 0]"
365,175.45.176.2,*,149.171.126.10,80,*,*,*,"[0, 0, 0, 0, 0, 0, 0, 6, 0, 0, 0, 0, 0]"
366,175.45.176.2,*,149.171.126.10,21,*,*,*,"[0, 0, 0, 0, 0, 0, 0, 0, 0, 0, 34, 0, 0]"
367,175.45.176.2,*,149.171.126.10,445,*,*,*,"[0, 0, 0, 0, 0, 0, 0, 0, 0, 0, 0, 7, 0]"
368,175.45.176.3,*,149.171.126.12,445,*,*,*,"[7, 0, 0, 0, 0, 0, 0, 6, 0, 0, 0, 0, 0]"
369,175.45.176.3,*,149.171.126.12,1723,*,*,*,"[0, 6, 0, 0, 0, 0, 0, 0, 0, 0, 0, 0, 0]"
370,175.45.176.3,*,149.171.126.12,179,*,*,*,"[0, 0, 0, 0, 260, 0, 0, 0, 0, 0, 0, 0, 0]"
371,175.45.176.3,*,149.171.126.13,179,*,*,*,"[26, 0, 243, 0, 0, 0, 0, 0, 0, 0, 0, 0, 0]"
372,175.45.176.3,*,149.171.126.13,22,*,*,*,"[0, 0, 10, 0, 0, 0, 0, 0, 0, 0, 0, 0, 0]"
373,175.45.176.3,*,149.171.126.13,21,*,*,*,"[0, 0, 0, 0, 35, 0, 0, 0, 0, 0, 0, 0, 0]"
374,175.45.176.3,*,149.171.126.13,48879,*,*,*,"[0, 0, 0, 0, 0, 0, 0, 0, 0, 0, 0, 0, 2]"
375,175.45.176.3,*,149.171.126.13,860,*,*,*,"[0, 0, 0, 0, 0, 451, 0, 0, 0, 0, 0, 0, 0]"
376,175.45.176.3,*,149.171.126.13,520,*,*,*,"[0, 0, 0, 0, 0, 0, 0, 0, 51, 0, 0, 0, 0]"
377,175.45.176.3,*,149.171.126.14,1723,*,*,*,"[213, 0, 0, 0, 0, 0, 0, 0, 0, 0, 0, 0, 0]"
378,175.45.176.3,*,149.171.126.14,80,*,*,*,"[0, 0, 0, 0, 0, 32, 0, 0, 0, 0, 0, 0, 0]"
379,175.45.176.3,*,149.171.126.14,179,*,*,*,"[0, 0, 0, 0, 0, 0, 103, 0, 0, 0, 0, 0, 0]"
380,175.45.176.3,*,149.171.126.14,520,*,*,*,"[0, 0, 0, 0, 0, 0, 0, 0, 0, 0, 0, 0, 31]"
381,175.45.176.3,*,149.171.126.15,10492,*,*,*,"[2, 0, 0, 0, 0, 0, 0, 0, 0, 0, 0, 0, 0]"
382,175.45.176.3,*,149.171.126.15,64524,*,*,*,"[2, 0, 0, 0, 0, 0, 0, 0, 0, 0, 0, 0, 0]"
383,175.45.176.3,*,149.171.126.15,520,*,*,*,"[0, 0, 0, 0, 0, 30, 0, 0, 0, 0, 0, 29, 0]"
384,175.45.176.3,*,149.171.126.15,1723,*,*,*,"[0, 0, 0, 0, 0, 0, 0, 6, 0, 0, 0, 0, 0]"
385,175.45.176.3,*,149.171.126.15,179,*,*,*,"[0, 0, 0, 0, 0, 0, 0, 0, 56, 0, 0, 0, 0]"
386,175.45.176.3,*,149.171.126.15,514,*,*,*,"[0, 0, 0, 0, 0, 0, 0, 0, 0, 0, 17, 0, 0]"
387,175.45.176.3,*,149.171.126.15,80,*,*,*,"[0, 0, 0, 0, 0, 0, 0, 0, 0, 0, 0, 29, 0]"
388,175.45.176.3,*,149.171.126.17,179,*,*,*,"[80, 2, 0, 0, 0, 0, 0, 0, 0, 0, 0, 0, 0]"
389,175.45.176.3,*,149.171.126.17,48879,*,*,*,"[0, 0, 0, 0, 0, 0, 0, 0, 0, 0, 0, 2, 0]"
390,175.45.176.3,*,149.171.126.17,80,*,*,*,"[0, 0, 0, 0, 0, 0, 0, 57, 0, 0, 0, 0, 0]"
391,175.45.176.3,*,149.171.126.17,520,*,*,*,"[0, 0, 0, 0, 0, 0, 0, 0, 0, 0, 32, 0, 0]"
392,175.45.176.3,*,149.171.126.19,48879,*,*,*,"[0, 0, 0, 0, 0, 0, 0, 0, 0, 0, 0, 2, 0]"
393,175.45.176.3,*,149.171.126.19,445,*,*,*,"[0, 6, 0, 0, 0, 7, 0, 7, 7, 0, 0, 0, 0]"
394,175.45.176.3,*,149.171.126.19,135,*,*,*,"[0, 0, 0, 0, 42, 0, 0, 0, 0, 0, 0, 0, 0]"
395,175.45.176.3,*,149.171.126.19,179,*,*,*,"[0, 0, 0, 0, 3, 7, 0, 0, 0, 26, 0, 0, 0]"
396,175.45.176.3,*,149.171.126.19,80,*,*,*,"[0, 0, 0, 0, 0, 0, 528, 0, 0, 0, 0, 0, 0]"
397,175.45.176.3,*,149.171.126.19,1723,*,*,*,"[0, 0, 0, 0, 0, 0, 0, 0, 0, 6, 0, 0, 0]"
398,175.45.176.3,*,224.0.0.1,0,*,*,*,"[3, 0, 2, 0, 0, 0, 0, 0, 0, 0, 0, 0, 0]"
399,175.45.176.3,*,149.171.126.16,80,*,*,*,"[0, 61, 0, 0, 0, 0, 0, 0, 0, 0, 0, 0, 0]"
400,175.45.176.3,*,149.171.126.16,179,*,*,*,"[0, 0, 239, 0, 0, 0, 45, 0, 0, 0, 0, 0, 0]"
401,175.45.176.3,*,149.171.126.16,445,*,*,*,"[0, 0, 0, 0, 0, 0, 0, 6, 0, 0, 0, 7, 0]"
402,175.45.176.3,*,149.171.126.16,0,*,*,*,"[0, 0, 0, 0, 0, 0, 0, 0, 0, 0, 0, 2, 0]"
403,175.45.176.3,*,149.171.126.18,514,*,*,*,"[0, 17, 0, 0, 0, 17, 0, 0, 0, 0, 0, 0, 0]"
404,175.45.176.3,*,149.171.126.18,21,*,*,*,"[0, 0, 36, 0, 0, 0, 0, 0, 0, 0, 0, 0, 0]"
405,175.45.176.3,*,149.171.126.11,3306,*,*,*,"[0, 0, 0, 0, 76, 0, 0, 0, 0, 0, 0, 0, 0]"
406,175.45.176.3,*,149.171.126.11,514,*,*,*,"[0, 0, 0, 0, 0, 0, 0, 17, 0, 0, 0, 0, 0]"
407,175.45.176.3,*,149.171.126.11,520,*,*,*,"[0, 0, 0, 0, 0, 0, 0, 0, 202, 0, 0, 0, 0]"
408,175.45.176.3,*,149.171.126.11,135,*,*,*,"[0, 0, 0, 0, 0, 0, 0, 0, 0, 0, 42, 0, 0]"
409,175.45.176.3,*,149.171.126.11,1723,*,*,*,"[0, 0, 0, 0, 0, 0, 0, 0, 0, 0, 0, 13, 0]"
410,175.45.176.3,*,149.171.126.10,80,*,*,*,"[0, 0, 0, 0, 0, 0, 0, 0, 0, 0, 0, 0, 532]"
411,175.45.176.3,*,149.171.126.10,179,*,*,*,"[0, 0, 0, 0, 0, 0, 0, 0, 0, 0, 30, 0, 0]"
412,175.45.176.3,*,149.171.126.10,48879,*,*,*,"[0, 0, 0, 0, 0, 0, 0, 0, 0, 0, 0, 0, 2]"
413,59.166.0.0,*,149.171.126.0,111,*,*,*,"[17, 15, 14, 13, 14, 11, 9, 4, 15, 12, 12, 12, 10]"
414,59.166.0.0,*,149.171.126.0,143,*,*,*,"[6, 7, 6, 5, 6, 2, 9, 5, 15, 7, 8, 5, 8]"
415,59.166.0.0,*,149.171.126.0,21,*,*,*,"[6, 7, 7, 0, 7, 6, 4, 4, 7, 8, 4, 5, 4]"
416,59.166.0.0,*,149.171.126.0,22,*,*,*,"[8, 7, 7, 10, 10, 16, 3, 0, 5, 11, 6, 12, 5]"
417,59.166.0.0,*,149.171.126.0,25,*,*,*,"[11, 11, 10, 5, 9, 11, 9, 5, 14, 11, 6, 9, 10]"
418,59.166.0.0,*,149.171.126.0,46109,*,*,*,"[2, 0, 0, 0, 0, 0, 0, 0, 0, 0, 0, 0, 0]"
419,59.166.0.0,*,149.171.126.0,5190,*,*,*,"[23, 34, 16, 12, 17, 24, 18, 8, 15, 23, 13, 15, 20]"
420,59.166.0.0,*,149.171.126.0,53,*,*,*,"[64, 40, 63, 48, 59, 42, 64, 49, 55, 66, 63, 47, 63]"
421,59.166.0.0,*,149.171.126.0,63666,*,*,*,"[2, 0, 0, 0, 0, 0, 0, 0, 0, 0, 0, 0, 0]"
422,59.166.0.0,*,149.171.126.0,6881,*,*,*,"[25, 0, 19, 18, 48, 30, 48, 49, 6, 6, 0, 0, 25]"
423,59.166.0.0,*,149.171.126.0,7315,*,*,*,"[2, 0, 0, 0, 0, 0, 0, 0, 0, 0, 0, 0, 0]"
424,59.166.0.0,*,149.171.126.0,80,*,*,*,"[26, 25, 22, 28, 39, 28, 26, 28, 28, 13, 23, 28, 26]"
425,59.166.0.0,*,149.171.126.0,43267,*,*,*,"[0, 4, 0, 0, 0, 0, 0, 0, 0, 0, 0, 0, 0]"
426,59.166.0.0,*,149.171.126.0,57753,*,*,*,"[0, 4, 0, 0, 0, 0, 0, 0, 0, 0, 0, 0, 0]"
427,59.166.0.0,*,149.171.126.0,61834,*,*,*,"[0, 4, 0, 0, 0, 0, 0, 0, 0, 0, 0, 0, 0]"
428,59.166.0.0,*,149.171.126.0,30639,*,*,*,"[0, 0, 2, 0, 0, 0, 0, 0, 0, 0, 0, 0, 0]"
429,59.166.0.0,*,149.171.126.0,57588,*,*,*,"[0, 0, 2, 0, 0, 0, 0, 0, 0, 0, 0, 0, 0]"
430,59.166.0.0,*,149.171.126.0,58003,*,*,*,"[0, 0, 2, 0, 0, 0, 0, 0, 0, 0, 0, 0, 0]"
431,59.166.0.0,*,149.171.126.0,11821,*,*,*,"[0, 0, 0, 0, 3, 0, 0, 0, 0, 0, 0, 0, 0]"
432,59.166.0.0,*,149.171.126.0,15171,*,*,*,"[0, 0, 0, 0, 3, 0, 0, 0, 0, 0, 0, 0, 0]"
433,59.166.0.0,*,149.171.126.0,17268,*,*,*,"[0, 0, 0, 0, 3, 0, 0, 0, 0, 0, 0, 0, 0]"
434,59.166.0.0,*,149.171.126.0,12319,*,*,*,"[0, 0, 0, 0, 0, 2, 0, 0, 0, 0, 0, 0, 0]"
435,59.166.0.0,*,149.171.126.0,24550,*,*,*,"[0, 0, 0, 0, 0, 2, 0, 0, 0, 0, 0, 0, 0]"
436,59.166.0.0,*,149.171.126.0,26373,*,*,*,"[0, 0, 0, 0, 0, 2, 0, 0, 0, 0, 0, 0, 0]"
437,59.166.0.0,*,149.171.126.0,40239,*,*,*,"[0, 0, 0, 0, 0, 2, 0, 0, 0, 0, 0, 0, 0]"
438,59.166.0.0,*,149.171.126.0,42265,*,*,*,"[0, 0, 0, 0, 0, 2, 0, 0, 0, 0, 0, 0, 0]"
439,59.166.0.0,*,149.171.126.0,6517,*,*,*,"[0, 0, 0, 0, 0, 2, 0, 0, 0, 0, 0, 0, 0]"
440,59.166.0.0,*,149.171.126.0,31861,*,*,*,"[0, 0, 0, 0, 0, 0, 2, 0, 0, 0, 0, 0, 0]"
441,59.166.0.0,*,149.171.126.0,44463,*,*,*,"[0, 0, 0, 0, 0, 0, 2, 0, 0, 0, 0, 0, 0]"
442,59.166.0.0,*,149.171.126.0,46556,*,*,*,"[0, 0, 0, 0, 0, 0, 2, 0, 0, 0, 0, 0, 0]"
443,59.166.0.0,*,149.171.126.0,41643,*,*,*,"[0, 0, 0, 0, 0, 0, 0, 3, 2, 0, 0, 0, 0]"
444,59.166.0.0,*,149.171.126.0,45637,*,*,*,"[0, 0, 0, 0, 0, 0, 0, 3, 2, 0, 0, 0, 0]"
445,59.166.0.0,*,149.171.126.0,59699,*,*,*,"[0, 0, 0, 0, 0, 0, 0, 3, 2, 0, 0, 0, 0]"
446,59.166.0.0,*,149.171.126.0,11460,*,*,*,"[0, 0, 0, 0, 0, 0, 0, 0, 2, 0, 0, 0, 0]"
447,59.166.0.0,*,149.171.126.0,13455,*,*,*,"[0, 0, 0, 0, 0, 0, 0, 0, 2, 0, 0, 0, 0]"
448,59.166.0.0,*,149.171.126.0,22627,*,*,*,"[0, 0, 0, 0, 0, 0, 0, 0, 2, 0, 0, 0, 0]"
449,59.166.0.0,*,149.171.126.0,26631,*,*,*,"[0, 0, 0, 0, 0, 0, 0, 0, 2, 0, 0, 0, 0]"
450,59.166.0.0,*,149.171.126.0,4212,*,*,*,"[0, 0, 0, 0, 0, 0, 0, 0, 2, 0, 0, 0, 0]"
451,59.166.0.0,*,149.171.126.0,8998,*,*,*,"[0, 0, 0, 0, 0, 0, 0, 0, 2, 0, 0, 0, 0]"
452,59.166.0.0,*,149.171.126.0,22432,*,*,*,"[0, 0, 0, 0, 0, 0, 0, 0, 0, 2, 0, 0, 0]"
453,59.166.0.0,*,149.171.126.0,46326,*,*,*,"[0, 0, 0, 0, 0, 0, 0, 0, 0, 2, 0, 0, 0]"
454,59.166.0.0,*,149.171.126.0,46967,*,*,*,"[0, 0, 0, 0, 0, 0, 0, 0, 0, 2, 0, 0, 0]"
455,59.166.0.0,*,149.171.126.0,62821,*,*,*,"[0, 0, 0, 0, 0, 0, 0, 0, 0, 4, 0, 0, 0]"
456,59.166.0.0,*,149.171.126.0,63656,*,*,*,"[0, 0, 0, 0, 0, 0, 0, 0, 0, 4, 0, 0, 0]"
457,59.166.0.0,*,149.171.126.0,65504,*,*,*,"[0, 0, 0, 0, 0, 0, 0, 0, 0, 4, 0, 0, 0]"
458,59.166.0.0,*,149.171.126.0,41227,*,*,*,"[0, 0, 0, 0, 0, 0, 0, 0, 0, 0, 0, 3, 0]"
459,59.166.0.0,*,149.171.126.0,63238,*,*,*,"[0, 0, 0, 0, 0, 0, 0, 0, 0, 0, 0, 3, 0]"
460,59.166.0.0,*,149.171.126.0,6786,*,*,*,"[0, 0, 0, 0, 0, 0, 0, 0, 0, 0, 0, 3, 0]"
461,59.166.0.0,*,149.171.126.1,111,*,*,*,"[8, 15, 15, 10, 18, 15, 12, 9, 8, 13, 7, 16, 11]"
462,59.166.0.0,*,149.171.126.1,143,*,*,*,"[9, 6, 8, 8, 4, 3, 6, 6, 8, 10, 5, 9, 6]"
463,59.166.0.0,*,149.171.126.1,21,*,*,*,"[7, 6, 7, 9, 12, 9, 7, 6, 4, 4, 5, 5, 3]"
464,59.166.0.0,*,149.171.126.1,22,*,*,*,"[2, 10, 11, 12, 10, 12, 4, 0, 3, 7, 8, 8, 12]"
465,59.166.0.0,*,149.171.126.1,25,*,*,*,"[13, 10, 10, 7, 10, 12, 15, 8, 13, 15, 12, 10, 11]"
466,59.166.0.0,*,149.171.126.1,27934,*,*,*,"[2, 0, 0, 0, 0, 0, 0, 0, 0, 0, 0, 0, 0]"
467,59.166.0.0,*,149.171.126.1,35719,*,*,*,"[2, 0, 0, 0, 0, 0, 0, 0, 0, 0, 0, 0, 0]"
468,59.166.0.0,*,149.171.126.1,42130,*,*,*,"[2, 0, 0, 0, 0, 0, 0, 0, 0, 0, 0, 0, 0]"
469,59.166.0.0,*,149.171.126.1,5190,*,*,*,"[22, 28, 25, 16, 23, 21, 24, 7, 11, 21, 23, 18, 15]"
470,59.166.0.0,*,149.171.126.1,52801,*,*,*,"[2, 0, 0, 0, 0, 0, 0, 0, 0, 0, 0, 0, 0]"
471,59.166.0.0,*,149.171.126.1,53,*,*,*,"[67, 52, 46, 68, 68, 54, 55, 56, 59, 58, 49, 40, 66]"
472,59.166.0.0,*,149.171.126.1,56048,*,*,*,"[2, 0, 0, 0, 0, 0, 0, 0, 0, 0, 0, 0, 0]"
473,59.166.0.0,*,149.171.126.1,64030,*,*,*,"[2, 0, 0, 0, 0, 0, 0, 0, 0, 0, 0, 0, 0]"
474,59.166.0.0,*,149.171.126.1,6881,*,*,*,"[6, 0, 6, 30, 36, 12, 54, 24, 18, 18, 18, 6, 18]"
475,59.166.0.0,*,149.171.126.1,80,*,*,*,"[32, 30, 33, 31, 30, 19, 37, 30, 35, 33, 40, 29, 34]"
476,59.166.0.0,*,149.171.126.1,15843,*,*,*,"[0, 2, 0, 0, 0, 0, 0, 0, 0, 0, 0, 0, 0]"
477,59.166.0.0,*,149.171.126.1,43267,*,*,*,"[0, 2, 0, 0, 0, 0, 0, 0, 0, 0, 0, 0, 0]"
478,59.166.0.0,*,149.171.126.1,49198,*,*,*,"[0, 2, 0, 0, 0, 0, 0, 0, 0, 0, 0, 0, 0]"
479,59.166.0.0,*,149.171.126.1,54867,*,*,*,"[0, 2, 0, 0, 0, 0, 0, 0, 0, 0, 0, 0, 0]"
480,59.166.0.0,*,149.171.126.1,57753,*,*,*,"[0, 2, 0, 0, 0, 0, 0, 0, 0, 0, 0, 0, 0]"
481,59.166.0.0,*,149.171.126.1,61834,*,*,*,"[0, 2, 0, 0, 0, 0, 0, 0, 0, 0, 0, 0, 0]"
482,59.166.0.0,*,149.171.126.1,14987,*,*,*,"[0, 0, 2, 0, 0, 0, 0, 0, 0, 0, 0, 0, 0]"
483,59.166.0.0,*,149.171.126.1,26927,*,*,*,"[0, 0, 2, 0, 0, 0, 0, 0, 0, 0, 0, 0, 0]"
484,59.166.0.0,*,149.171.126.1,2869,*,*,*,"[0, 0, 2, 0, 0, 0, 0, 0, 0, 0, 0, 0, 0]"
485,59.166.0.0,*,149.171.126.1,30639,*,*,*,"[0, 0, 0, 5, 0, 0, 0, 0, 0, 0, 0, 0, 0]"
486,59.166.0.0,*,149.171.126.1,3398,*,*,*,"[0, 0, 2, 0, 0, 0, 0, 0, 0, 0, 0, 0, 0]"
487,59.166.0.0,*,149.171.126.1,34484,*,*,*,"[0, 0, 2, 0, 0, 0, 0, 0, 0, 0, 0, 0, 0]"
488,59.166.0.0,*,149.171.126.1,57588,*,*,*,"[0, 0, 0, 5, 0, 0, 0, 0, 0, 0, 0, 0, 0]"
489,59.166.0.0,*,149.171.126.1,58003,*,*,*,"[0, 0, 0, 5, 0, 0, 0, 0, 0, 0, 0, 0, 0]"
490,59.166.0.0,*,149.171.126.1,60997,*,*,*,"[0, 0, 2, 0, 0, 0, 0, 0, 0, 0, 0, 0, 0]"
491,59.166.0.0,*,149.171.126.1,20048,*,*,*,"[0, 0, 0, 3, 0, 0, 0, 0, 0, 0, 0, 0, 0]"
492,59.166.0.0,*,149.171.126.1,54131,*,*,*,"[0, 0, 0, 3, 0, 0, 0, 0, 0, 0, 0, 0, 0]"
493,59.166.0.0,*,149.171.126.1,57521,*,*,*,"[0, 0, 0, 3, 0, 0, 0, 0, 0, 0, 0, 0, 0]"
494,59.166.0.0,*,149.171.126.1,11821,*,*,*,"[0, 0, 0, 0, 4, 0, 0, 0, 0, 0, 0, 0, 0]"
495,59.166.0.0,*,149.171.126.1,12319,*,*,*,"[0, 0, 0, 0, 0, 2, 0, 0, 0, 0, 0, 0, 0]"
496,59.166.0.0,*,149.171.126.1,12916,*,*,*,"[0, 0, 0, 0, 2, 0, 0, 0, 0, 0, 0, 0, 0]"
497,59.166.0.0,*,149.171.126.1,15171,*,*,*,"[0, 0, 0, 0, 4, 0, 0, 0, 0, 0, 0, 0, 0]"
498,59.166.0.0,*,149.171.126.1,17268,*,*,*,"[0, 0, 0, 0, 4, 0, 0, 0, 0, 0, 0, 0, 0]"
499,59.166.0.0,*,149.171.126.1,24550,*,*,*,"[0, 0, 0, 0, 0, 2, 0, 0, 0, 0, 0, 0, 0]"
500,59.166.0.0,*,149.171.126.1,26373,*,*,*,"[0, 0, 0, 0, 2, 0, 0, 0, 0, 0, 0, 0, 0]"
501,59.166.0.0,*,149.171.126.1,29238,*,*,*,"[0, 0, 0, 0, 2, 0, 0, 0, 0, 0, 0, 0, 0]"
502,59.166.0.0,*,149.171.126.1,33656,*,*,*,"[0, 0, 0, 0, 2, 0, 0, 0, 0, 0, 0, 0, 0]"
503,59.166.0.0,*,149.171.126.1,36222,*,*,*,"[0, 0, 0, 0, 2, 0, 0, 0, 0, 0, 0, 0, 0]"
504,59.166.0.0,*,149.171.126.1,40239,*,*,*,"[0, 0, 0, 0, 2, 0, 0, 0, 0, 0, 0, 0, 0]"
505,59.166.0.0,*,149.171.126.1,42265,*,*,*,"[0, 0, 0, 0, 0, 2, 0, 0, 0, 0, 0, 0, 0]"
506,59.166.0.0,*,149.171.126.1,5131,*,*,*,"[0, 0, 0, 0, 2, 0, 0, 0, 0, 0, 0, 0, 0]"
507,59.166.0.0,*,149.171.126.1,56995,*,*,*,"[0, 0, 0, 0, 2, 0, 0, 0, 0, 0, 0, 0, 0]"
508,59.166.0.0,*,149.171.126.1,6517,*,*,*,"[0, 0, 0, 0, 2, 0, 0, 0, 0, 0, 0, 0, 0]"
509,59.166.0.0,*,149.171.126.1,18292,*,*,*,"[0, 0, 0, 0, 0, 3, 0, 0, 0, 0, 0, 0, 0]"
510,59.166.0.0,*,149.171.126.1,18741,*,*,*,"[0, 0, 0, 0, 0, 3, 0, 0, 0, 0, 0, 0, 0]"
511,59.166.0.0,*,149.171.126.1,28875,*,*,*,"[0, 0, 0, 0, 0, 3, 0, 0, 0, 0, 0, 0, 0]"
512,59.166.0.0,*,149.171.126.1,43825,*,*,*,"[0, 0, 0, 0, 0, 2, 0, 0, 0, 0, 0, 0, 0]"
513,59.166.0.0,*,149.171.126.1,50827,*,*,*,"[0, 0, 0, 0, 0, 2, 0, 0, 0, 0, 0, 0, 0]"
514,59.166.0.0,*,149.171.126.1,60894,*,*,*,"[0, 0, 0, 0, 0, 2, 0, 0, 0, 0, 0, 0, 0]"
515,59.166.0.0,*,149.171.126.1,21049,*,*,*,"[0, 0, 0, 0, 0, 0, 4, 0, 0, 0, 0, 0, 0]"
516,59.166.0.0,*,149.171.126.1,35856,*,*,*,"[0, 0, 0, 0, 0, 0, 4, 0, 0, 0, 0, 0, 0]"
517,59.166.0.0,*,149.171.126.1,49483,*,*,*,"[0, 0, 0, 0, 0, 0, 4, 0, 0, 0, 0, 0, 0]"
518,59.166.0.0,*,149.171.126.1,13582,*,*,*,"[0, 0, 0, 0, 0, 0, 0, 3, 0, 0, 0, 0, 0]"
519,59.166.0.0,*,149.171.126.1,62964,*,*,*,"[0, 0, 0, 0, 0, 0, 0, 3, 0, 0, 0, 0, 0]"
520,59.166.0.0,*,149.171.126.1,65009,*,*,*,"[0, 0, 0, 0, 0, 0, 0, 3, 0, 0, 0, 0, 0]"
521,59.166.0.0,*,149.171.126.1,10163,*,*,*,"[0, 0, 0, 0, 0, 0, 0, 0, 2, 0, 0, 0, 0]"
522,59.166.0.0,*,149.171.126.1,10198,*,*,*,"[0, 0, 0, 0, 0, 0, 0, 0, 2, 0, 0, 0, 0]"
523,59.166.0.0,*,149.171.126.1,15450,*,*,*,"[0, 0, 0, 0, 0, 0, 0, 0, 2, 0, 0, 0, 0]"
524,59.166.0.0,*,149.171.126.1,24196,*,*,*,"[0, 0, 0, 0, 0, 0, 0, 0, 2, 0, 0, 0, 0]"
525,59.166.0.0,*,149.171.126.1,35231,*,*,*,"[0, 0, 0, 0, 0, 0, 0, 0, 2, 0, 0, 0, 0]"
526,59.166.0.0,*,149.171.126.1,32991,*,*,*,"[0, 0, 0, 0, 0, 0, 0, 0, 0, 0, 2, 0, 0]"
527,59.166.0.0,*,149.171.126.1,49991,*,*,*,"[0, 0, 0, 0, 0, 0, 0, 0, 0, 0, 2, 0, 0]"
528,59.166.0.0,*,149.171.126.1,57668,*,*,*,"[0, 0, 0, 0, 0, 0, 0, 0, 0, 0, 2, 0, 0]"
529,59.166.0.0,*,149.171.126.1,10394,*,*,*,"[0, 0, 0, 0, 0, 0, 0, 0, 0, 0, 0, 0, 2]"
530,59.166.0.0,*,149.171.126.1,19518,*,*,*,"[0, 0, 0, 0, 0, 0, 0, 0, 0, 0, 0, 0, 2]"
531,59.166.0.0,*,149.171.126.1,32528,*,*,*,"[0, 0, 0, 0, 0, 0, 0, 0, 0, 0, 0, 0, 2]"
532,59.166.0.0,*,149.171.126.2,111,*,*,*,"[13, 13, 10, 14, 14, 12, 20, 10, 12, 10, 9, 13, 13]"
533,59.166.0.0,*,149.171.126.2,143,*,*,*,"[7, 3, 10, 5, 3, 0, 7, 3, 5, 7, 5, 7, 8]"
534,59.166.0.0,*,149.171.126.2,17087,*,*,*,"[2, 0, 0, 0, 0, 0, 0, 0, 0, 0, 0, 0, 0]"
535,59.166.0.0,*,149.171.126.2,18023,*,*,*,"[2, 0, 0, 0, 0, 0, 0, 0, 0, 0, 0, 0, 0]"
536,59.166.0.0,*,149.171.126.2,1906,*,*,*,"[0, 0, 0, 0, 0, 0, 0, 0, 0, 2, 0, 0, 0]"
537,59.166.0.0,*,149.171.126.2,21,*,*,*,"[7, 3, 8, 5, 2, 4, 0, 7, 5, 8, 5, 8, 6]"
538,59.166.0.0,*,149.171.126.2,22,*,*,*,"[8, 6, 7, 14, 13, 6, 7, 3, 5, 5, 11, 5, 7]"
539,59.166.0.0,*,149.171.126.2,25,*,*,*,"[11, 4, 9, 13, 16, 9, 10, 11, 15, 14, 13, 7, 8]"
540,59.166.0.0,*,149.171.126.2,27934,*,*,*,"[2, 2, 0, 0, 0, 0, 0, 0, 0, 0, 0, 0, 0]"
541,59.166.0.0,*,149.171.126.2,32664,*,*,*,"[2, 0, 0, 0, 0, 0, 0, 0, 0, 0, 0, 0, 0]"
542,59.166.0.0,*,149.171.126.2,35719,*,*,*,"[2, 0, 0, 0, 0, 0, 0, 0, 0, 0, 0, 0, 0]"
543,59.166.0.0,*,149.171.126.2,42130,*,*,*,"[2, 0, 0, 0, 0, 0, 0, 0, 0, 0, 0, 0, 0]"
544,59.166.0.0,*,149.171.126.2,45548,*,*,*,"[2, 0, 0, 0, 0, 0, 0, 0, 0, 0, 0, 0, 0]"
545,59.166.0.0,*,149.171.126.2,4950,*,*,*,"[2, 0, 0, 0, 0, 0, 0, 0, 0, 0, 0, 0, 0]"
546,59.166.0.0,*,149.171.126.2,5190,*,*,*,"[26, 23, 19, 19, 8, 17, 22, 21, 14, 21, 12, 14, 21]"
547,59.166.0.0,*,149.171.126.2,52796,*,*,*,"[2, 0, 0, 0, 0, 0, 0, 0, 0, 0, 0, 0, 0]"
548,59.166.0.0,*,149.171.126.2,53,*,*,*,"[63, 60, 61, 58, 57, 34, 57, 39, 71, 53, 51, 56, 47]"
549,59.166.0.0,*,149.171.126.2,6881,*,*,*,"[6, 24, 0, 6, 12, 6, 60, 58, 18, 6, 30, 6, 36]"
550,59.166.0.0,*,149.171.126.2,80,*,*,*,"[46, 32, 30, 23, 25, 33, 31, 32, 28, 26, 29, 24, 33]"
551,59.166.0.0,*,149.171.126.2,1254,*,*,*,"[0, 0, 2, 0, 0, 0, 0, 0, 0, 0, 0, 0, 0]"
552,59.166.0.0,*,149.171.126.2,25409,*,*,*,"[0, 0, 2, 0, 0, 0, 0, 0, 0, 0, 0, 0, 0]"
553,59.166.0.0,*,149.171.126.2,3208,*,*,*,"[0, 0, 2, 0, 0, 0, 0, 0, 0, 0, 0, 0, 0]"
554,59.166.0.0,*,149.171.126.2,32547,*,*,*,"[0, 0, 2, 0, 0, 0, 0, 0, 0, 0, 0, 0, 0]"
555,59.166.0.0,*,149.171.126.2,34154,*,*,*,"[0, 0, 2, 0, 0, 0, 0, 0, 0, 0, 0, 0, 0]"
556,59.166.0.0,*,149.171.126.2,61745,*,*,*,"[0, 0, 2, 0, 0, 0, 0, 0, 0, 0, 0, 0, 0]"
557,59.166.0.0,*,149.171.126.2,11680,*,*,*,"[0, 0, 0, 3, 0, 0, 0, 0, 0, 0, 0, 0, 0]"
558,59.166.0.0,*,149.171.126.2,32912,*,*,*,"[0, 0, 0, 3, 0, 0, 0, 0, 0, 0, 0, 0, 0]"
559,59.166.0.0,*,149.171.126.2,44685,*,*,*,"[0, 0, 0, 3, 0, 0, 0, 0, 0, 0, 0, 0, 0]"
560,59.166.0.0,*,149.171.126.2,26416,*,*,*,"[0, 0, 0, 0, 0, 0, 0, 2, 0, 0, 0, 0, 0]"
561,59.166.0.0,*,149.171.126.2,54475,*,*,*,"[0, 0, 0, 0, 0, 0, 0, 2, 0, 0, 0, 0, 0]"
562,59.166.0.0,*,149.171.126.2,54484,*,*,*,"[0, 0, 0, 0, 0, 0, 0, 2, 0, 0, 0, 0, 0]"
563,59.166.0.0,*,149.171.126.2,55348,*,*,*,"[0, 0, 0, 0, 0, 0, 0, 2, 0, 0, 0, 0, 0]"
564,59.166.0.0,*,149.171.126.2,60641,*,*,*,"[0, 0, 0, 0, 0, 0, 0, 2, 0, 0, 0, 0, 0]"
565,59.166.0.0,*,149.171.126.2,64665,*,*,*,"[0, 0, 0, 0, 0, 0, 0, 2, 0, 0, 0, 0, 0]"
566,59.166.0.0,*,149.171.126.2,36106,*,*,*,"[0, 0, 0, 0, 0, 0, 0, 0, 4, 0, 0, 0, 0]"
567,59.166.0.0,*,149.171.126.2,37612,*,*,*,"[0, 0, 0, 0, 0, 0, 0, 0, 4, 0, 0, 0, 0]"
568,59.166.0.0,*,149.171.126.2,56854,*,*,*,"[0, 0, 0, 0, 0, 0, 0, 0, 4, 0, 0, 0, 0]"
569,59.166.0.0,*,149.171.126.2,22432,*,*,*,"[0, 0, 0, 0, 0, 0, 0, 0, 0, 3, 0, 0, 0]"
570,59.166.0.0,*,149.171.126.2,3038,*,*,*,"[0, 0, 0, 0, 0, 0, 0, 0, 0, 2, 0, 0, 0]"
571,59.166.0.0,*,149.171.126.2,46326,*,*,*,"[0, 0, 0, 0, 0, 0, 0, 0, 0, 3, 0, 0, 0]"
572,59.166.0.0,*,149.171.126.2,46967,*,*,*,"[0, 0, 0, 0, 0, 0, 0, 0, 0, 3, 0, 0, 0]"
573,59.166.0.0,*,149.171.126.2,54587,*,*,*,"[0, 0, 0, 0, 0, 0, 0, 0, 0, 2, 0, 0, 0]"
574,59.166.0.0,*,149.171.126.2,13761,*,*,*,"[0, 0, 0, 0, 0, 0, 0, 0, 0, 0, 2, 0, 0]"
575,59.166.0.0,*,149.171.126.2,23815,*,*,*,"[0, 0, 0, 0, 0, 0, 0, 0, 0, 0, 2, 0, 0]"
576,59.166.0.0,*,149.171.126.2,23898,*,*,*,"[0, 0, 0, 0, 0, 0, 0, 0, 0, 0, 2, 0, 0]"
577,59.166.0.0,*,149.171.126.2,25885,*,*,*,"[0, 0, 0, 0, 0, 0, 0, 0, 0, 0, 2, 0, 0]"
578,59.166.0.0,*,149.171.126.2,31484,*,*,*,"[0, 0, 0, 0, 0, 0, 0, 0, 0, 0, 2, 0, 0]"
579,59.166.0.0,*,149.171.126.2,38033,*,*,*,"[0, 0, 0, 0, 0, 0, 0, 0, 0, 0, 2, 0, 0]"
580,59.166.0.0,*,149.171.126.2,11513,*,*,*,"[0, 0, 0, 0, 0, 0, 0, 0, 0, 0, 0, 2, 0]"
581,59.166.0.0,*,149.171.126.2,19056,*,*,*,"[0, 0, 0, 0, 0, 0, 0, 0, 0, 0, 0, 2, 0]"
582,59.166.0.0,*,149.171.126.2,25974,*,*,*,"[0, 0, 0, 0, 0, 0, 0, 0, 0, 0, 0, 2, 0]"
583,59.166.0.0,*,149.171.126.2,36781,*,*,*,"[0, 0, 0, 0, 0, 0, 0, 0, 0, 0, 0, 2, 0]"
584,59.166.0.0,*,149.171.126.2,56614,*,*,*,"[0, 0, 0, 0, 0, 0, 0, 0, 0, 0, 0, 2, 0]"
585,59.166.0.0,*,149.171.126.2,56852,*,*,*,"[0, 0, 0, 0, 0, 0, 0, 0, 0, 0, 0, 2, 0]"
586,59.166.0.0,*,149.171.126.2,16398,*,*,*,"[0, 0, 0, 0, 0, 0, 0, 0, 0, 0, 0, 0, 2]"
587,59.166.0.0,*,149.171.126.2,21133,*,*,*,"[0, 0, 0, 0, 0, 0, 0, 0, 0, 0, 0, 0, 2]"
588,59.166.0.0,*,149.171.126.2,48182,*,*,*,"[0, 0, 0, 0, 0, 0, 0, 0, 0, 0, 0, 0, 2]"
589,59.166.0.0,*,149.171.126.2,53740,*,*,*,"[0, 0, 0, 0, 0, 0, 0, 0, 0, 0, 0, 0, 2]"
590,59.166.0.0,*,149.171.126.2,56959,*,*,*,"[0, 0, 0, 0, 0, 0, 0, 0, 0, 0, 0, 0, 2]"
591,59.166.0.0,*,149.171.126.2,63753,*,*,*,"[0, 0, 0, 0, 0, 0, 0, 0, 0, 0, 0, 0, 2]"
592,59.166.0.0,*,149.171.126.3,111,*,*,*,"[22, 15, 10, 14, 10, 11, 12, 6, 13, 7, 12, 13, 19]"
593,59.166.0.0,*,149.171.126.3,143,*,*,*,"[7, 7, 7, 3, 10, 5, 10, 6, 8, 7, 5, 9, 4]"
594,59.166.0.0,*,149.171.126.3,21,*,*,*,"[5, 8, 9, 6, 8, 8, 4, 5, 8, 7, 11, 7, 7]"
595,59.166.0.0,*,149.171.126.3,22,*,*,*,"[7, 3, 5, 7, 7, 5, 3, 2, 3, 3, 7, 5, 7]"
596,59.166.0.0,*,149.171.126.3,25,*,*,*,"[20, 10, 20, 13, 9, 13, 11, 9, 13, 10, 20, 9, 13]"
597,59.166.0.0,*,149.171.126.3,5190,*,*,*,"[21, 37, 14, 13, 18, 17, 22, 9, 24, 21, 24, 19, 18]"
598,59.166.0.0,*,149.171.126.3,53,*,*,*,"[64, 35, 48, 54, 54, 60, 47, 50, 59, 57, 49, 49, 60]"
599,59.166.0.0,*,149.171.126.3,6881,*,*,*,"[18, 6, 6, 13, 12, 6, 49, 55, 12, 18, 19, 12, 25]"
600,59.166.0.0,*,149.171.126.3,80,*,*,*,"[35, 38, 24, 32, 23, 29, 29, 27, 23, 27, 26, 18, 33]"
601,59.166.0.0,*,149.171.126.3,17751,*,*,*,"[0, 0, 2, 0, 0, 0, 0, 0, 0, 0, 0, 0, 0]"
602,59.166.0.0,*,149.171.126.3,3062,*,*,*,"[0, 4, 0, 0, 0, 0, 0, 0, 0, 0, 0, 0, 0]"
603,59.166.0.0,*,149.171.126.3,34463,*,*,*,"[0, 4, 0, 0, 0, 0, 0, 0, 0, 0, 0, 0, 0]"
604,59.166.0.0,*,149.171.126.3,38395,*,*,*,"[0, 4, 0, 0, 0, 0, 0, 0, 0, 0, 0, 0, 0]"
605,59.166.0.0,*,149.171.126.3,54867,*,*,*,"[0, 2, 0, 0, 0, 0, 0, 0, 0, 0, 0, 0, 0]"
606,59.166.0.0,*,149.171.126.3,7644,*,*,*,"[0, 0, 2, 0, 0, 0, 0, 0, 0, 0, 0, 0, 0]"
607,59.166.0.0,*,149.171.126.3,9620,*,*,*,"[0, 0, 2, 0, 0, 0, 0, 0, 0, 0, 0, 0, 0]"
608,59.166.0.0,*,149.171.126.3,1254,*,*,*,"[0, 0, 4, 0, 0, 0, 0, 0, 0, 0, 0, 0, 0]"
609,59.166.0.0,*,149.171.126.3,34154,*,*,*,"[0, 0, 4, 0, 0, 0, 0, 0, 0, 0, 0, 0, 0]"
610,59.166.0.0,*,149.171.126.3,61745,*,*,*,"[0, 0, 4, 0, 0, 0, 0, 0, 0, 0, 0, 0, 0]"
611,59.166.0.0,*,149.171.126.3,11680,*,*,*,"[0, 0, 0, 3, 0, 0, 0, 0, 0, 0, 0, 0, 0]"
612,59.166.0.0,*,149.171.126.3,32912,*,*,*,"[0, 0, 0, 3, 0, 0, 0, 0, 0, 0, 0, 0, 0]"
613,59.166.0.0,*,149.171.126.3,40725,*,*,*,"[0, 0, 0, 0, 2, 0, 0, 0, 0, 0, 0, 0, 0]"
614,59.166.0.0,*,149.171.126.3,44685,*,*,*,"[0, 0, 0, 3, 0, 0, 0, 0, 0, 0, 0, 0, 0]"
615,59.166.0.0,*,149.171.126.3,56243,*,*,*,"[0, 0, 0, 0, 2, 0, 0, 0, 0, 0, 0, 0, 0]"
616,59.166.0.0,*,149.171.126.3,60335,*,*,*,"[0, 0, 0, 0, 2, 0, 0, 0, 0, 0, 0, 0, 0]"
617,59.166.0.0,*,149.171.126.3,36222,*,*,*,"[0, 0, 0, 0, 3, 0, 0, 0, 0, 0, 0, 0, 0]"
618,59.166.0.0,*,149.171.126.3,5131,*,*,*,"[0, 0, 0, 0, 3, 0, 0, 0, 0, 0, 0, 0, 0]"
619,59.166.0.0,*,149.171.126.3,56995,*,*,*,"[0, 0, 0, 0, 3, 0, 0, 0, 0, 0, 0, 0, 0]"
620,59.166.0.0,*,149.171.126.3,12319,*,*,*,"[0, 0, 0, 0, 0, 2, 0, 0, 0, 0, 0, 0, 0]"
621,59.166.0.0,*,149.171.126.3,22481,*,*,*,"[0, 0, 0, 0, 0, 2, 0, 0, 0, 0, 0, 0, 0]"
622,59.166.0.0,*,149.171.126.3,24550,*,*,*,"[0, 0, 0, 0, 0, 2, 0, 0, 0, 0, 0, 0, 0]"
623,59.166.0.0,*,149.171.126.3,26869,*,*,*,"[0, 0, 0, 0, 0, 2, 0, 0, 0, 0, 0, 0, 0]"
624,59.166.0.0,*,149.171.126.3,41018,*,*,*,"[0, 0, 0, 0, 0, 2, 0, 0, 0, 0, 0, 0, 0]"
625,59.166.0.0,*,149.171.126.3,42265,*,*,*,"[0, 0, 0, 0, 0, 2, 0, 0, 0, 0, 0, 0, 0]"
626,59.166.0.0,*,149.171.126.3,15419,*,*,*,"[0, 0, 0, 0, 0, 0, 2, 0, 0, 0, 0, 0, 0]"
627,59.166.0.0,*,149.171.126.3,52639,*,*,*,"[0, 0, 0, 0, 0, 0, 2, 0, 0, 0, 0, 0, 0]"
628,59.166.0.0,*,149.171.126.3,8051,*,*,*,"[0, 0, 0, 0, 0, 0, 2, 0, 0, 0, 0, 0, 0]"
629,59.166.0.0,*,149.171.126.3,26416,*,*,*,"[0, 0, 0, 0, 0, 0, 0, 2, 0, 0, 0, 0, 0]"
630,59.166.0.0,*,149.171.126.3,41643,*,*,*,"[0, 0, 0, 0, 0, 0, 0, 2, 0, 0, 0, 0, 0]"
631,59.166.0.0,*,149.171.126.3,45637,*,*,*,"[0, 0, 0, 0, 0, 0, 0, 2, 0, 0, 0, 0, 0]"
632,59.166.0.0,*,149.171.126.3,54484,*,*,*,"[0, 0, 0, 0, 0, 0, 0, 2, 0, 0, 0, 0, 0]"
633,59.166.0.0,*,149.171.126.3,59699,*,*,*,"[0, 0, 0, 0, 0, 0, 0, 2, 0, 0, 0, 0, 0]"
634,59.166.0.0,*,149.171.126.3,60641,*,*,*,"[0, 0, 0, 0, 0, 0, 0, 2, 0, 0, 0, 0, 0]"
635,59.166.0.0,*,149.171.126.3,11460,*,*,*,"[0, 0, 0, 0, 0, 0, 0, 0, 2, 0, 0, 0, 0]"
636,59.166.0.0,*,149.171.126.3,13455,*,*,*,"[0, 0, 0, 0, 0, 0, 0, 0, 2, 0, 0, 0, 0]"
637,59.166.0.0,*,149.171.126.3,22627,*,*,*,"[0, 0, 0, 0, 0, 0, 0, 0, 2, 0, 0, 0, 0]"
638,59.166.0.0,*,149.171.126.3,26631,*,*,*,"[0, 0, 0, 0, 0, 0, 0, 0, 2, 0, 0, 0, 0]"
639,59.166.0.0,*,149.171.126.3,33577,*,*,*,"[0, 0, 0, 0, 0, 0, 0, 0, 2, 0, 0, 0, 0]"
640,59.166.0.0,*,149.171.126.3,36106,*,*,*,"[0, 0, 0, 0, 0, 0, 0, 0, 4, 0, 0, 0, 0]"
641,59.166.0.0,*,149.171.126.3,37612,*,*,*,"[0, 0, 0, 0, 0, 0, 0, 0, 4, 0, 0, 0, 0]"
642,59.166.0.0,*,149.171.126.3,4212,*,*,*,"[0, 0, 0, 0, 0, 0, 0, 0, 2, 0, 0, 0, 0]"
643,59.166.0.0,*,149.171.126.3,56854,*,*,*,"[0, 0, 0, 0, 0, 0, 0, 0, 4, 0, 0, 0, 0]"
644,59.166.0.0,*,149.171.126.3,8998,*,*,*,"[0, 0, 0, 0, 0, 0, 0, 0, 2, 0, 0, 0, 0]"
645,59.166.0.0,*,149.171.126.3,22432,*,*,*,"[0, 0, 0, 0, 0, 0, 0, 0, 0, 3, 0, 0, 0]"
646,59.166.0.0,*,149.171.126.3,23937,*,*,*,"[0, 0, 0, 0, 0, 0, 0, 0, 0, 2, 0, 0, 0]"
647,59.166.0.0,*,149.171.126.3,29976,*,*,*,"[0, 0, 0, 0, 0, 0, 0, 0, 0, 2, 0, 0, 0]"
648,59.166.0.0,*,149.171.126.3,38936,*,*,*,"[0, 0, 0, 0, 0, 0, 0, 0, 0, 2, 0, 0, 0]"
649,59.166.0.0,*,149.171.126.3,46326,*,*,*,"[0, 0, 0, 0, 0, 0, 0, 0, 0, 3, 0, 0, 0]"
650,59.166.0.0,*,149.171.126.3,46967,*,*,*,"[0, 0, 0, 0, 0, 0, 0, 0, 0, 3, 0, 0, 0]"
651,59.166.0.0,*,149.171.126.3,52561,*,*,*,"[0, 0, 0, 0, 0, 0, 0, 0, 0, 2, 0, 0, 0]"
652,59.166.0.0,*,149.171.126.3,60317,*,*,*,"[0, 0, 0, 0, 0, 0, 0, 0, 0, 2, 0, 0, 0]"
653,59.166.0.0,*,149.171.126.3,16120,*,*,*,"[0, 0, 0, 0, 0, 0, 0, 0, 0, 0, 2, 0, 0]"
654,59.166.0.0,*,149.171.126.3,23815,*,*,*,"[0, 0, 0, 0, 0, 0, 0, 0, 0, 0, 3, 0, 0]"
655,59.166.0.0,*,149.171.126.3,23898,*,*,*,"[0, 0, 0, 0, 0, 0, 0, 0, 0, 0, 3, 0, 0]"
656,59.166.0.0,*,149.171.126.3,25885,*,*,*,"[0, 0, 0, 0, 0, 0, 0, 0, 0, 0, 3, 0, 0]"
657,59.166.0.0,*,149.171.126.3,32991,*,*,*,"[0, 0, 0, 0, 0, 0, 0, 0, 0, 0, 5, 0, 0]"
658,59.166.0.0,*,149.171.126.3,49991,*,*,*,"[0, 0, 0, 0, 0, 0, 0, 0, 0, 0, 4, 0, 0]"
659,59.166.0.0,*,149.171.126.3,57668,*,*,*,"[0, 0, 0, 0, 0, 0, 0, 0, 0, 0, 4, 0, 0]"
660,59.166.0.0,*,149.171.126.3,62120,*,*,*,"[0, 0, 0, 0, 0, 0, 0, 0, 0, 0, 2, 0, 0]"
661,59.166.0.0,*,149.171.126.3,64158,*,*,*,"[0, 0, 0, 0, 0, 0, 0, 0, 0, 0, 2, 0, 0]"
662,59.166.0.0,*,149.171.126.3,11513,*,*,*,"[0, 0, 0, 0, 0, 0, 0, 0, 0, 0, 0, 3, 0]"
663,59.166.0.0,*,149.171.126.3,19056,*,*,*,"[0, 0, 0, 0, 0, 0, 0, 0, 0, 0, 0, 3, 0]"
664,59.166.0.0,*,149.171.126.3,25974,*,*,*,"[0, 0, 0, 0, 0, 0, 0, 0, 0, 0, 0, 2, 0]"
665,59.166.0.0,*,149.171.126.3,36781,*,*,*,"[0, 0, 0, 0, 0, 0, 0, 0, 0, 0, 0, 2, 0]"
666,59.166.0.0,*,149.171.126.3,56614,*,*,*,"[0, 0, 0, 0, 0, 0, 0, 0, 0, 0, 0, 3, 0]"
667,59.166.0.0,*,149.171.126.3,56852,*,*,*,"[0, 0, 0, 0, 0, 0, 0, 0, 0, 0, 0, 2, 0]"
668,59.166.0.0,*,149.171.126.3,13839,*,*,*,"[0, 0, 0, 0, 0, 0, 0, 0, 0, 0, 0, 0, 3]"
669,59.166.0.0,*,149.171.126.3,16398,*,*,*,"[0, 0, 0, 0, 0, 0, 0, 0, 0, 0, 0, 0, 2]"
670,59.166.0.0,*,149.171.126.3,26866,*,*,*,"[0, 0, 0, 0, 0, 0, 0, 0, 0, 0, 0, 0, 3]"
671,59.166.0.0,*,149.171.126.3,50688,*,*,*,"[0, 0, 0, 0, 0, 0, 0, 0, 0, 0, 0, 0, 3]"
672,59.166.0.0,*,149.171.126.3,53740,*,*,*,"[0, 0, 0, 0, 0, 0, 0, 0, 0, 0, 0, 0, 2]"
673,59.166.0.0,*,149.171.126.3,56959,*,*,*,"[0, 0, 0, 0, 0, 0, 0, 0, 0, 0, 0, 0, 2]"
674,59.166.0.0,*,149.171.126.4,111,*,*,*,"[9, 10, 14, 9, 7, 16, 10, 9, 14, 12, 15, 14, 7]"
675,59.166.0.0,*,149.171.126.4,143,*,*,*,"[10, 4, 5, 5, 10, 3, 3, 3, 5, 8, 3, 5, 7]"
676,59.166.0.0,*,149.171.126.4,17087,*,*,*,"[3, 0, 0, 0, 0, 0, 0, 0, 0, 0, 0, 0, 0]"
677,59.166.0.0,*,149.171.126.4,18023,*,*,*,"[2, 0, 0, 0, 0, 0, 0, 0, 0, 0, 0, 0, 0]"
678,59.166.0.0,*,149.171.126.4,21,*,*,*,"[9, 4, 10, 8, 8, 7, 4, 5, 0, 12, 9, 3, 9]"
679,59.166.0.0,*,149.171.126.4,22,*,*,*,"[3, 8, 4, 9, 5, 6, 7, 3, 9, 7, 11, 9, 15]"
680,59.166.0.0,*,149.171.126.4,25,*,*,*,"[8, 7, 13, 16, 16, 9, 13, 4, 12, 8, 9, 15, 11]"
681,59.166.0.0,*,149.171.126.4,27934,*,*,*,"[2, 0, 0, 0, 0, 0, 0, 0, 0, 0, 0, 0, 0]"
682,59.166.0.0,*,149.171.126.4,32664,*,*,*,"[2, 0, 0, 0, 0, 0, 0, 0, 0, 0, 0, 0, 0]"
683,59.166.0.0,*,149.171.126.4,35719,*,*,*,"[2, 0, 0, 0, 0, 0, 0, 0, 0, 0, 0, 0, 0]"
684,59.166.0.0,*,149.171.126.4,42130,*,*,*,"[2, 0, 0, 0, 0, 0, 0, 0, 0, 0, 0, 0, 0]"
685,59.166.0.0,*,149.171.126.4,45548,*,*,*,"[3, 0, 0, 0, 0, 0, 0, 0, 0, 0, 0, 0, 0]"
686,59.166.0.0,*,149.171.126.4,4950,*,*,*,"[2, 0, 0, 0, 0, 0, 0, 0, 0, 0, 0, 0, 0]"
687,59.166.0.0,*,149.171.126.4,5190,*,*,*,"[23, 23, 17, 15, 12, 21, 24, 14, 21, 15, 14, 11, 11]"
688,59.166.0.0,*,149.171.126.4,52796,*,*,*,"[3, 0, 0, 0, 0, 0, 0, 0, 0, 0, 0, 0, 0]"
689,59.166.0.0,*,149.171.126.4,53,*,*,*,"[77, 45, 59, 42, 66, 48, 51, 44, 55, 63, 54, 39, 53]"
690,59.166.0.0,*,149.171.126.4,6881,*,*,*,"[13, 0, 0, 24, 12, 18, 79, 62, 7, 12, 30, 18, 24]"
691,59.166.0.0,*,149.171.126.4,80,*,*,*,"[28, 33, 31, 28, 35, 27, 34, 30, 27, 26, 20, 26, 37]"
692,59.166.0.0,*,149.171.126.4,13142,*,*,*,"[0, 0, 3, 0, 0, 0, 0, 0, 0, 0, 0, 0, 0]"
693,59.166.0.0,*,149.171.126.4,27976,*,*,*,"[0, 0, 3, 0, 0, 0, 0, 0, 0, 0, 0, 0, 0]"
694,59.166.0.0,*,149.171.126.4,35397,*,*,*,"[0, 0, 3, 0, 0, 0, 0, 0, 0, 0, 0, 0, 0]"
695,59.166.0.0,*,149.171.126.4,11680,*,*,*,"[0, 0, 2, 2, 0, 0, 0, 0, 0, 0, 0, 0, 0]"
696,59.166.0.0,*,149.171.126.4,25409,*,*,*,"[0, 0, 2, 0, 0, 0, 0, 0, 0, 0, 0, 0, 0]"
697,59.166.0.0,*,149.171.126.4,26927,*,*,*,"[0, 0, 2, 0, 0, 0, 0, 0, 0, 0, 0, 0, 0]"
698,59.166.0.0,*,149.171.126.4,3208,*,*,*,"[0, 0, 2, 0, 0, 0, 0, 0, 0, 0, 0, 0, 0]"
699,59.166.0.0,*,149.171.126.4,32547,*,*,*,"[0, 0, 2, 0, 0, 0, 0, 0, 0, 0, 0, 0, 0]"
700,59.166.0.0,*,149.171.126.4,32912,*,*,*,"[0, 0, 2, 2, 0, 0, 0, 0, 0, 0, 0, 0, 0]"
701,59.166.0.0,*,149.171.126.4,34484,*,*,*,"[0, 0, 2, 0, 0, 0, 0, 0, 0, 0, 0, 0, 0]"
702,59.166.0.0,*,149.171.126.4,44685,*,*,*,"[0, 0, 2, 2, 0, 0, 0, 0, 0, 0, 0, 0, 0]"
703,59.166.0.0,*,149.171.126.4,60997,*,*,*,"[0, 0, 2, 0, 0, 0, 0, 0, 0, 0, 0, 0, 0]"
704,59.166.0.0,*,149.171.126.4,1397,*,*,*,"[0, 0, 0, 2, 0, 0, 0, 0, 0, 0, 0, 0, 0]"
705,59.166.0.0,*,149.171.126.4,21831,*,*,*,"[0, 0, 0, 2, 0, 0, 0, 0, 0, 0, 0, 0, 0]"
706,59.166.0.0,*,149.171.126.4,30639,*,*,*,"[0, 0, 0, 3, 0, 0, 0, 0, 0, 0, 0, 0, 0]"
707,59.166.0.0,*,149.171.126.4,36239,*,*,*,"[0, 0, 0, 0, 0, 0, 0, 0, 0, 0, 0, 0, 2]"
708,59.166.0.0,*,149.171.126.4,45133,*,*,*,"[0, 0, 0, 2, 0, 0, 0, 0, 0, 0, 0, 0, 0]"
709,59.166.0.0,*,149.171.126.4,57588,*,*,*,"[0, 0, 0, 3, 0, 0, 0, 0, 0, 0, 0, 0, 0]"
710,59.166.0.0,*,149.171.126.4,58003,*,*,*,"[0, 0, 0, 3, 0, 0, 0, 0, 0, 0, 0, 0, 0]"
711,59.166.0.0,*,149.171.126.4,12319,*,*,*,"[0, 0, 0, 0, 0, 2, 0, 0, 0, 0, 0, 0, 0]"
712,59.166.0.0,*,149.171.126.4,12916,*,*,*,"[0, 0, 0, 0, 2, 0, 0, 0, 0, 0, 0, 0, 0]"
713,59.166.0.0,*,149.171.126.4,24550,*,*,*,"[0, 0, 0, 0, 0, 2, 0, 0, 0, 0, 0, 0, 0]"
714,59.166.0.0,*,149.171.126.4,29238,*,*,*,"[0, 0, 0, 0, 2, 0, 0, 0, 0, 0, 0, 0, 0]"
715,59.166.0.0,*,149.171.126.4,33656,*,*,*,"[0, 0, 0, 0, 2, 0, 0, 0, 0, 0, 0, 0, 0]"
716,59.166.0.0,*,149.171.126.4,34073,*,*,*,"[0, 0, 0, 0, 2, 0, 0, 0, 0, 0, 0, 0, 0]"
717,59.166.0.0,*,149.171.126.4,36050,*,*,*,"[0, 0, 0, 0, 2, 0, 0, 0, 0, 0, 0, 0, 0]"
718,59.166.0.0,*,149.171.126.4,42265,*,*,*,"[0, 0, 0, 0, 0, 2, 0, 0, 0, 0, 0, 0, 0]"
719,59.166.0.0,*,149.171.126.4,45633,*,*,*,"[0, 0, 0, 0, 2, 0, 0, 0, 0, 0, 0, 0, 0]"
720,59.166.0.0,*,149.171.126.4,5491,*,*,*,"[0, 0, 0, 0, 2, 0, 0, 0, 0, 0, 0, 0, 0]"
721,59.166.0.0,*,149.171.126.4,18292,*,*,*,"[0, 0, 0, 0, 0, 2, 0, 0, 0, 0, 0, 0, 0]"
722,59.166.0.0,*,149.171.126.4,18741,*,*,*,"[0, 0, 0, 0, 0, 2, 0, 0, 0, 0, 0, 0, 0]"
723,59.166.0.0,*,149.171.126.4,28875,*,*,*,"[0, 0, 0, 0, 0, 2, 0, 0, 0, 0, 0, 0, 0]"
724,59.166.0.0,*,149.171.126.4,43825,*,*,*,"[0, 0, 0, 0, 0, 2, 0, 0, 0, 0, 0, 0, 0]"
725,59.166.0.0,*,149.171.126.4,50827,*,*,*,"[0, 0, 0, 0, 0, 2, 0, 0, 0, 0, 0, 0, 0]"
726,59.166.0.0,*,149.171.126.4,60894,*,*,*,"[0, 0, 0, 0, 0, 2, 0, 0, 0, 0, 0, 0, 0]"
727,59.166.0.0,*,149.171.126.4,54475,*,*,*,"[0, 0, 0, 0, 0, 0, 0, 2, 0, 0, 0, 0, 0]"
728,59.166.0.0,*,149.171.126.4,55348,*,*,*,"[0, 0, 0, 0, 0, 0, 0, 2, 0, 0, 0, 0, 0]"
729,59.166.0.0,*,149.171.126.4,64665,*,*,*,"[0, 0, 0, 0, 0, 0, 0, 2, 0, 0, 0, 0, 0]"
730,59.166.0.0,*,149.171.126.4,1906,*,*,*,"[0, 0, 0, 0, 0, 0, 0, 0, 0, 3, 0, 0, 0]"
731,59.166.0.0,*,149.171.126.4,22432,*,*,*,"[0, 0, 0, 0, 0, 0, 0, 0, 0, 4, 0, 0, 0]"
732,59.166.0.0,*,149.171.126.4,23937,*,*,*,"[0, 0, 0, 0, 0, 0, 0, 0, 0, 2, 0, 0, 0]"
733,59.166.0.0,*,149.171.126.4,3038,*,*,*,"[0, 0, 0, 0, 0, 0, 0, 0, 0, 3, 0, 0, 0]"
734,59.166.0.0,*,149.171.126.4,38936,*,*,*,"[0, 0, 0, 0, 0, 0, 0, 0, 0, 2, 0, 0, 0]"
735,59.166.0.0,*,149.171.126.4,46326,*,*,*,"[0, 0, 0, 0, 0, 0, 0, 0, 0, 4, 0, 0, 0]"
736,59.166.0.0,*,149.171.126.4,46967,*,*,*,"[0, 0, 0, 0, 0, 0, 0, 0, 0, 4, 0, 0, 0]"
737,59.166.0.0,*,149.171.126.4,52561,*,*,*,"[0, 0, 0, 0, 0, 0, 0, 0, 0, 2, 0, 0, 0]"
738,59.166.0.0,*,149.171.126.4,54587,*,*,*,"[0, 0, 0, 0, 0, 0, 0, 0, 0, 3, 0, 0, 0]"
739,59.166.0.0,*,149.171.126.4,62821,*,*,*,"[0, 0, 0, 0, 0, 0, 0, 0, 0, 2, 0, 0, 0]"
740,59.166.0.0,*,149.171.126.4,63656,*,*,*,"[0, 0, 0, 0, 0, 0, 0, 0, 0, 2, 0, 0, 0]"
741,59.166.0.0,*,149.171.126.4,65504,*,*,*,"[0, 0, 0, 0, 0, 0, 0, 0, 0, 2, 0, 0, 0]"
742,59.166.0.0,*,149.171.126.4,13761,*,*,*,"[0, 0, 0, 0, 0, 0, 0, 0, 0, 0, 3, 0, 0]"
743,59.166.0.0,*,149.171.126.4,16120,*,*,*,"[0, 0, 0, 0, 0, 0, 0, 0, 0, 0, 3, 0, 0]"
744,59.166.0.0,*,149.171.126.4,31484,*,*,*,"[0, 0, 0, 0, 0, 0, 0, 0, 0, 0, 3, 0, 0]"
745,59.166.0.0,*,149.171.126.4,38033,*,*,*,"[0, 0, 0, 0, 0, 0, 0, 0, 0, 0, 3, 0, 0]"
746,59.166.0.0,*,149.171.126.4,62120,*,*,*,"[0, 0, 0, 0, 0, 0, 0, 0, 0, 0, 3, 0, 0]"
747,59.166.0.0,*,149.171.126.4,64158,*,*,*,"[0, 0, 0, 0, 0, 0, 0, 0, 0, 0, 3, 0, 0]"
748,59.166.0.0,*,149.171.126.4,41227,*,*,*,"[0, 0, 0, 0, 0, 0, 0, 0, 0, 0, 0, 2, 0]"
749,59.166.0.0,*,149.171.126.4,63238,*,*,*,"[0, 0, 0, 0, 0, 0, 0, 0, 0, 0, 0, 2, 0]"
750,59.166.0.0,*,149.171.126.4,6786,*,*,*,"[0, 0, 0, 0, 0, 0, 0, 0, 0, 0, 0, 2, 0]"
751,59.166.0.0,*,149.171.126.4,10394,*,*,*,"[0, 0, 0, 0, 0, 0, 0, 0, 0, 0, 0, 0, 3]"
752,59.166.0.0,*,149.171.126.4,19518,*,*,*,"[0, 0, 0, 0, 0, 0, 0, 0, 0, 0, 0, 0, 3]"
753,59.166.0.0,*,149.171.126.4,20919,*,*,*,"[0, 0, 0, 0, 0, 0, 0, 0, 0, 0, 0, 0, 2]"
754,59.166.0.0,*,149.171.126.4,32528,*,*,*,"[0, 0, 0, 0, 0, 0, 0, 0, 0, 0, 0, 0, 3]"
755,59.166.0.0,*,149.171.126.4,49502,*,*,*,"[0, 0, 0, 0, 0, 0, 0, 0, 0, 0, 0, 0, 2]"
756,59.166.0.0,*,149.171.126.5,111,*,*,*,"[15, 10, 14, 11, 17, 11, 10, 12, 11, 12, 7, 12, 15]"
757,59.166.0.0,*,149.171.126.5,143,*,*,*,"[10, 4, 10, 11, 9, 4, 7, 5, 3, 5, 7, 6, 12]"
758,59.166.0.0,*,149.171.126.5,17087,*,*,*,"[4, 0, 0, 0, 0, 0, 0, 0, 0, 0, 0, 0, 0]"
759,59.166.0.0,*,149.171.126.5,18023,*,*,*,"[3, 0, 0, 0, 0, 0, 0, 0, 0, 0, 0, 0, 0]"
760,59.166.0.0,*,149.171.126.5,21,*,*,*,"[11, 3, 8, 5, 5, 8, 7, 7, 9, 9, 10, 13, 9]"
761,59.166.0.0,*,149.171.126.5,22,*,*,*,"[4, 7, 9, 12, 5, 11, 8, 2, 0, 8, 8, 11, 8]"
762,59.166.0.0,*,149.171.126.5,25,*,*,*,"[19, 8, 21, 8, 5, 13, 11, 6, 20, 8, 18, 12, 12]"
763,59.166.0.0,*,149.171.126.5,27934,*,*,*,"[2, 0, 0, 0, 0, 0, 0, 0, 0, 0, 0, 0, 0]"
764,59.166.0.0,*,149.171.126.5,32664,*,*,*,"[3, 0, 0, 0, 0, 0, 0, 0, 0, 0, 0, 0, 0]"
765,59.166.0.0,*,149.171.126.5,35719,*,*,*,"[2, 0, 0, 0, 0, 0, 0, 0, 0, 0, 0, 0, 0]"
766,59.166.0.0,*,149.171.126.5,42130,*,*,*,"[2, 0, 0, 0, 0, 0, 0, 0, 0, 0, 0, 0, 0]"
767,59.166.0.0,*,149.171.126.5,45548,*,*,*,"[4, 0, 0, 0, 0, 0, 0, 0, 0, 0, 0, 0, 0]"
768,59.166.0.0,*,149.171.126.5,4950,*,*,*,"[3, 0, 0, 0, 0, 0, 0, 0, 0, 0, 0, 0, 0]"
769,59.166.0.0,*,149.171.126.5,5190,*,*,*,"[31, 25, 17, 12, 14, 13, 20, 21, 18, 24, 13, 17, 7]"
770,59.166.0.0,*,149.171.126.5,52796,*,*,*,"[4, 0, 0, 0, 0, 0, 0, 0, 0, 0, 0, 0, 0]"
771,59.166.0.0,*,149.171.126.5,53,*,*,*,"[55, 41, 52, 59, 58, 53, 51, 33, 59, 37, 54, 49, 49]"
772,59.166.0.0,*,149.171.126.5,6881,*,*,*,"[24, 0, 24, 18, 18, 12, 55, 24, 6, 6, 30, 6, 36]"
773,59.166.0.0,*,149.171.126.5,80,*,*,*,"[31, 21, 32, 29, 33, 30, 29, 28, 30, 39, 27, 28, 33]"
774,59.166.0.0,*,149.171.126.5,13142,*,*,*,"[0, 0, 2, 0, 0, 0, 0, 0, 0, 0, 0, 0, 0]"
775,59.166.0.0,*,149.171.126.5,26927,*,*,*,"[0, 0, 2, 0, 0, 0, 0, 0, 0, 0, 0, 0, 0]"
776,59.166.0.0,*,149.171.126.5,27976,*,*,*,"[0, 0, 2, 0, 0, 0, 0, 0, 0, 0, 0, 0, 0]"
777,59.166.0.0,*,149.171.126.5,30639,*,*,*,"[0, 0, 0, 2, 0, 0, 0, 0, 0, 0, 0, 0, 0]"
778,59.166.0.0,*,149.171.126.5,34484,*,*,*,"[0, 0, 2, 0, 0, 0, 0, 0, 0, 0, 0, 0, 0]"
779,59.166.0.0,*,149.171.126.5,35397,*,*,*,"[0, 0, 2, 0, 0, 0, 0, 0, 0, 0, 0, 0, 0]"
780,59.166.0.0,*,149.171.126.5,57588,*,*,*,"[0, 0, 2, 2, 0, 0, 0, 0, 0, 0, 0, 0, 0]"
781,59.166.0.0,*,149.171.126.5,58003,*,*,*,"[0, 0, 0, 2, 0, 0, 0, 0, 0, 0, 0, 0, 0]"
782,59.166.0.0,*,149.171.126.5,60997,*,*,*,"[0, 0, 2, 0, 0, 0, 0, 0, 0, 0, 0, 0, 0]"
783,59.166.0.0,*,149.171.126.5,36222,*,*,*,"[0, 0, 0, 0, 3, 0, 0, 0, 0, 0, 0, 0, 0]"
784,59.166.0.0,*,149.171.126.5,5131,*,*,*,"[0, 0, 0, 0, 3, 0, 0, 0, 0, 0, 0, 0, 0]"
785,59.166.0.0,*,149.171.126.5,56995,*,*,*,"[0, 0, 0, 0, 3, 0, 0, 0, 0, 0, 0, 0, 0]"
786,59.166.0.0,*,149.171.126.5,12319,*,*,*,"[0, 0, 0, 0, 0, 2, 0, 0, 0, 0, 0, 0, 0]"
787,59.166.0.0,*,149.171.126.5,22481,*,*,*,"[0, 0, 0, 0, 0, 2, 0, 0, 0, 0, 0, 0, 0]"
788,59.166.0.0,*,149.171.126.5,24550,*,*,*,"[0, 0, 0, 0, 0, 2, 0, 0, 0, 0, 0, 0, 0]"
789,59.166.0.0,*,149.171.126.5,26869,*,*,*,"[0, 0, 0, 0, 0, 2, 0, 0, 0, 0, 0, 0, 0]"
790,59.166.0.0,*,149.171.126.5,41018,*,*,*,"[0, 0, 0, 0, 0, 2, 0, 0, 0, 0, 0, 0, 0]"
791,59.166.0.0,*,149.171.126.5,42265,*,*,*,"[0, 0, 0, 0, 0, 2, 0, 0, 0, 0, 0, 0, 0]"
792,59.166.0.0,*,149.171.126.5,43825,*,*,*,"[0, 0, 0, 0, 0, 2, 0, 0, 0, 0, 0, 0, 0]"
793,59.166.0.0,*,149.171.126.5,50827,*,*,*,"[0, 0, 0, 0, 0, 2, 0, 0, 0, 0, 0, 0, 0]"
794,59.166.0.0,*,149.171.126.5,60894,*,*,*,"[0, 0, 0, 0, 0, 2, 0, 0, 0, 0, 0, 0, 0]"
795,59.166.0.0,*,149.171.126.5,21049,*,*,*,"[0, 0, 0, 0, 0, 0, 2, 0, 0, 0, 0, 0, 0]"
796,59.166.0.0,*,149.171.126.5,31861,*,*,*,"[0, 0, 0, 0, 0, 0, 2, 0, 0, 0, 0, 0, 0]"
797,59.166.0.0,*,149.171.126.5,35856,*,*,*,"[0, 0, 0, 0, 0, 0, 2, 0, 0, 0, 0, 0, 0]"
798,59.166.0.0,*,149.171.126.5,44463,*,*,*,"[0, 0, 0, 0, 0, 0, 2, 0, 0, 0, 0, 0, 0]"
799,59.166.0.0,*,149.171.126.5,46556,*,*,*,"[0, 0, 0, 0, 0, 0, 2, 0, 0, 0, 0, 0, 0]"
800,59.166.0.0,*,149.171.126.5,49483,*,*,*,"[0, 0, 0, 0, 0, 0, 2, 0, 0, 0, 0, 0, 0]"
801,59.166.0.0,*,149.171.126.5,10397,*,*,*,"[0, 0, 0, 0, 0, 0, 0, 2, 0, 0, 0, 0, 0]"
802,59.166.0.0,*,149.171.126.5,26416,*,*,*,"[0, 0, 0, 0, 0, 0, 0, 3, 0, 0, 0, 0, 0]"
803,59.166.0.0,*,149.171.126.5,44321,*,*,*,"[0, 0, 0, 0, 0, 0, 0, 2, 0, 0, 0, 0, 0]"
804,59.166.0.0,*,149.171.126.5,54484,*,*,*,"[0, 0, 0, 0, 0, 0, 0, 3, 0, 0, 0, 0, 0]"
805,59.166.0.0,*,149.171.126.5,56658,*,*,*,"[0, 0, 0, 0, 0, 0, 0, 2, 0, 0, 0, 0, 0]"
806,59.166.0.0,*,149.171.126.5,60641,*,*,*,"[0, 0, 0, 0, 0, 0, 0, 3, 0, 0, 0, 0, 0]"
807,59.166.0.0,*,149.171.126.5,10198,*,*,*,"[0, 0, 0, 0, 0, 0, 0, 0, 3, 0, 0, 0, 0]"
808,59.166.0.0,*,149.171.126.5,23937,*,*,*,"[0, 0, 0, 0, 0, 0, 0, 0, 2, 2, 0, 0, 0]"
809,59.166.0.0,*,149.171.126.5,24196,*,*,*,"[0, 0, 0, 0, 0, 0, 0, 0, 3, 0, 0, 0, 0]"
810,59.166.0.0,*,149.171.126.5,35231,*,*,*,"[0, 0, 0, 0, 0, 0, 0, 0, 3, 0, 0, 0, 0]"
811,59.166.0.0,*,149.171.126.5,36106,*,*,*,"[0, 0, 0, 0, 0, 0, 0, 0, 2, 0, 0, 0, 0]"
812,59.166.0.0,*,149.171.126.5,37612,*,*,*,"[0, 0, 0, 0, 0, 0, 0, 0, 2, 0, 0, 0, 0]"
813,59.166.0.0,*,149.171.126.5,38936,*,*,*,"[0, 0, 0, 0, 0, 0, 0, 0, 2, 2, 0, 0, 0]"
814,59.166.0.0,*,149.171.126.5,52561,*,*,*,"[0, 0, 0, 0, 0, 0, 0, 0, 2, 2, 0, 0, 0]"
815,59.166.0.0,*,149.171.126.5,56854,*,*,*,"[0, 0, 0, 0, 0, 0, 0, 0, 2, 0, 0, 0, 0]"
816,59.166.0.0,*,149.171.126.5,22432,*,*,*,"[0, 0, 0, 0, 0, 0, 0, 0, 0, 2, 0, 0, 0]"
817,59.166.0.0,*,149.171.126.5,25031,*,*,*,"[0, 0, 0, 0, 0, 0, 0, 0, 0, 3, 0, 0, 0]"
818,59.166.0.0,*,149.171.126.5,33513,*,*,*,"[0, 0, 0, 0, 0, 0, 0, 0, 0, 3, 0, 0, 0]"
819,59.166.0.0,*,149.171.126.5,46326,*,*,*,"[0, 0, 0, 0, 0, 0, 0, 0, 0, 2, 0, 0, 0]"
820,59.166.0.0,*,149.171.126.5,46967,*,*,*,"[0, 0, 0, 0, 0, 0, 0, 0, 0, 2, 0, 0, 0]"
821,59.166.0.0,*,149.171.126.5,47628,*,*,*,"[0, 0, 0, 0, 0, 0, 0, 0, 0, 3, 0, 0, 0]"
822,59.166.0.0,*,149.171.126.5,14575,*,*,*,"[0, 0, 0, 0, 0, 0, 0, 0, 0, 0, 0, 2, 0]"
823,59.166.0.0,*,149.171.126.5,16120,*,*,*,"[0, 0, 0, 0, 0, 0, 0, 0, 0, 0, 2, 0, 0]"
824,59.166.0.0,*,149.171.126.5,18583,*,*,*,"[0, 0, 0, 0, 0, 0, 0, 0, 0, 0, 0, 2, 0]"
825,59.166.0.0,*,149.171.126.5,32991,*,*,*,"[0, 0, 0, 0, 0, 0, 0, 0, 0, 0, 4, 0, 0]"
826,59.166.0.0,*,149.171.126.5,45717,*,*,*,"[0, 0, 0, 0, 0, 0, 0, 0, 0, 0, 0, 2, 0]"
827,59.166.0.0,*,149.171.126.5,49991,*,*,*,"[0, 0, 0, 0, 0, 0, 0, 0, 0, 0, 4, 0, 0]"
828,59.166.0.0,*,149.171.126.5,57668,*,*,*,"[0, 0, 0, 0, 0, 0, 0, 0, 0, 0, 4, 0, 0]"
829,59.166.0.0,*,149.171.126.5,62120,*,*,*,"[0, 0, 0, 0, 0, 0, 0, 0, 0, 0, 2, 0, 0]"
830,59.166.0.0,*,149.171.126.5,64158,*,*,*,"[0, 0, 0, 0, 0, 0, 0, 0, 0, 0, 2, 0, 0]"
831,59.166.0.0,*,149.171.126.5,11513,*,*,*,"[0, 0, 0, 0, 0, 0, 0, 0, 0, 0, 0, 3, 0]"
832,59.166.0.0,*,149.171.126.5,19056,*,*,*,"[0, 0, 0, 0, 0, 0, 0, 0, 0, 0, 0, 3, 0]"
833,59.166.0.0,*,149.171.126.5,25974,*,*,*,"[0, 0, 0, 0, 0, 0, 0, 0, 0, 0, 0, 5, 0]"
834,59.166.0.0,*,149.171.126.5,36781,*,*,*,"[0, 0, 0, 0, 0, 0, 0, 0, 0, 0, 0, 5, 0]"
835,59.166.0.0,*,149.171.126.5,41227,*,*,*,"[0, 0, 0, 0, 0, 0, 0, 0, 0, 0, 0, 2, 0]"
836,59.166.0.0,*,149.171.126.5,56614,*,*,*,"[0, 0, 0, 0, 0, 0, 0, 0, 0, 0, 0, 3, 0]"
837,59.166.0.0,*,149.171.126.5,56852,*,*,*,"[0, 0, 0, 0, 0, 0, 0, 0, 0, 0, 0, 5, 0]"
838,59.166.0.0,*,149.171.126.5,63238,*,*,*,"[0, 0, 0, 0, 0, 0, 0, 0, 0, 0, 0, 2, 0]"
839,59.166.0.0,*,149.171.126.5,6786,*,*,*,"[0, 0, 0, 0, 0, 0, 0, 0, 0, 0, 0, 2, 0]"
840,59.166.0.0,*,149.171.126.5,10394,*,*,*,"[0, 0, 0, 0, 0, 0, 0, 0, 0, 0, 0, 0, 2]"
841,59.166.0.0,*,149.171.126.5,13839,*,*,*,"[0, 0, 0, 0, 0, 0, 0, 0, 0, 0, 0, 0, 4]"
842,59.166.0.0,*,149.171.126.5,16398,*,*,*,"[0, 0, 0, 0, 0, 0, 0, 0, 0, 0, 0, 0, 2]"
843,59.166.0.0,*,149.171.126.5,19518,*,*,*,"[0, 0, 0, 0, 0, 0, 0, 0, 0, 0, 0, 0, 2]"
844,59.166.0.0,*,149.171.126.5,26866,*,*,*,"[0, 0, 0, 0, 0, 0, 0, 0, 0, 0, 0, 0, 4]"
845,59.166.0.0,*,149.171.126.5,32528,*,*,*,"[0, 0, 0, 0, 0, 0, 0, 0, 0, 0, 0, 0, 2]"
846,59.166.0.0,*,149.171.126.5,50688,*,*,*,"[0, 0, 0, 0, 0, 0, 0, 0, 0, 0, 0, 0, 4]"
847,59.166.0.0,*,149.171.126.5,53740,*,*,*,"[0, 0, 0, 0, 0, 0, 0, 0, 0, 0, 0, 0, 2]"
848,59.166.0.0,*,149.171.126.5,56959,*,*,*,"[0, 0, 0, 0, 0, 0, 0, 0, 0, 0, 0, 0, 2]"
849,59.166.0.0,*,149.171.126.6,111,*,*,*,"[15, 11, 10, 10, 7, 13, 18, 5, 9, 10, 18, 13, 14]"
850,59.166.0.0,*,149.171.126.6,143,*,*,*,"[6, 6, 6, 3, 6, 8, 8, 3, 2, 10, 7, 7, 4]"
851,59.166.0.0,*,149.171.126.6,17087,*,*,*,"[3, 0, 0, 0, 0, 0, 0, 0, 0, 0, 0, 0, 0]"
852,59.166.0.0,*,149.171.126.6,21,*,*,*,"[8, 7, 10, 9, 7, 5, 7, 7, 9, 5, 7, 9, 3]"
853,59.166.0.0,*,149.171.126.6,22,*,*,*,"[3, 4, 9, 12, 6, 13, 2, 3, 6, 8, 8, 10, 5]"
854,59.166.0.0,*,149.171.126.6,25,*,*,*,"[13, 13, 14, 10, 14, 15, 7, 7, 9, 6, 12, 11, 10]"
855,59.166.0.0,*,149.171.126.6,45548,*,*,*,"[3, 0, 0, 0, 0, 0, 0, 0, 0, 0, 0, 0, 0]"
856,59.166.0.0,*,149.171.126.6,46109,*,*,*,"[3, 0, 0, 0, 0, 0, 0, 0, 0, 0, 0, 0, 0]"
857,59.166.0.0,*,149.171.126.6,5190,*,*,*,"[21, 29, 17, 9, 13, 15, 18, 11, 16, 15, 16, 28, 10]"
858,59.166.0.0,*,149.171.126.6,52796,*,*,*,"[3, 0, 0, 0, 0, 0, 0, 0, 0, 0, 0, 0, 0]"
859,59.166.0.0,*,149.171.126.6,53,*,*,*,"[51, 52, 56, 53, 55, 41, 36, 46, 52, 57, 37, 56, 52]"
860,59.166.0.0,*,149.171.126.6,63666,*,*,*,"[3, 0, 0, 0, 0, 0, 0, 0, 0, 0, 0, 0, 0]"
861,59.166.0.0,*,149.171.126.6,6881,*,*,*,"[6, 18, 6, 30, 18, 12, 48, 28, 36, 6, 24, 0, 30]"
862,59.166.0.0,*,149.171.126.6,7315,*,*,*,"[3, 0, 0, 0, 0, 0, 0, 0, 0, 0, 0, 0, 0]"
863,59.166.0.0,*,149.171.126.6,80,*,*,*,"[27, 32, 31, 30, 24, 25, 41, 34, 25, 27, 24, 15, 27]"
864,59.166.0.0,*,149.171.126.6,15843,*,*,*,"[0, 2, 0, 0, 0, 0, 0, 0, 0, 0, 0, 0, 0]"
865,59.166.0.0,*,149.171.126.6,3062,*,*,*,"[0, 2, 0, 0, 0, 0, 0, 0, 0, 0, 0, 0, 0]"
866,59.166.0.0,*,149.171.126.6,34463,*,*,*,"[0, 2, 0, 0, 0, 0, 0, 0, 0, 0, 0, 0, 0]"
867,59.166.0.0,*,149.171.126.6,38395,*,*,*,"[0, 2, 0, 0, 0, 0, 0, 0, 0, 0, 0, 0, 0]"
868,59.166.0.0,*,149.171.126.6,49198,*,*,*,"[0, 2, 0, 0, 0, 0, 0, 0, 0, 0, 0, 0, 0]"
869,59.166.0.0,*,149.171.126.6,54867,*,*,*,"[0, 2, 0, 0, 0, 0, 0, 0, 0, 0, 0, 0, 0]"
870,59.166.0.0,*,149.171.126.6,14987,*,*,*,"[0, 0, 3, 0, 0, 0, 0, 0, 0, 0, 0, 0, 0]"
871,59.166.0.0,*,149.171.126.6,25409,*,*,*,"[0, 0, 3, 0, 0, 0, 0, 0, 0, 0, 0, 0, 0]"
872,59.166.0.0,*,149.171.126.6,26927,*,*,*,"[0, 0, 4, 0, 0, 0, 0, 0, 0, 0, 0, 0, 0]"
873,59.166.0.0,*,149.171.126.6,2869,*,*,*,"[0, 0, 3, 0, 0, 0, 0, 0, 0, 0, 0, 0, 0]"
874,59.166.0.0,*,149.171.126.6,3208,*,*,*,"[0, 0, 3, 0, 0, 0, 0, 0, 0, 0, 0, 0, 0]"
875,59.166.0.0,*,149.171.126.6,32547,*,*,*,"[0, 0, 3, 0, 0, 0, 0, 0, 0, 0, 0, 0, 0]"
876,59.166.0.0,*,149.171.126.6,3398,*,*,*,"[0, 0, 3, 0, 0, 0, 0, 0, 0, 0, 0, 0, 0]"
877,59.166.0.0,*,149.171.126.6,34484,*,*,*,"[0, 0, 4, 0, 0, 0, 0, 0, 0, 0, 0, 0, 0]"
878,59.166.0.0,*,149.171.126.6,60997,*,*,*,"[0, 0, 4, 0, 0, 0, 0, 0, 0, 0, 0, 0, 0]"
879,59.166.0.0,*,149.171.126.6,11680,*,*,*,"[0, 0, 0, 2, 0, 0, 0, 0, 0, 0, 0, 0, 0]"
880,59.166.0.0,*,149.171.126.6,1397,*,*,*,"[0, 0, 0, 3, 0, 0, 0, 0, 0, 0, 0, 0, 0]"
881,59.166.0.0,*,149.171.126.6,20048,*,*,*,"[0, 0, 0, 3, 0, 0, 0, 0, 0, 0, 0, 0, 0]"
882,59.166.0.0,*,149.171.126.6,21831,*,*,*,"[0, 0, 0, 3, 0, 0, 0, 0, 0, 0, 0, 0, 0]"
883,59.166.0.0,*,149.171.126.6,32912,*,*,*,"[0, 0, 0, 2, 0, 0, 0, 0, 0, 0, 0, 0, 0]"
884,59.166.0.0,*,149.171.126.6,44685,*,*,*,"[0, 0, 0, 2, 0, 0, 0, 0, 0, 0, 0, 0, 0]"
885,59.166.0.0,*,149.171.126.6,45133,*,*,*,"[0, 0, 0, 3, 0, 0, 0, 0, 0, 0, 0, 0, 0]"
886,59.166.0.0,*,149.171.126.6,5184,*,*,*,"[0, 0, 0, 2, 0, 0, 0, 0, 0, 0, 0, 0, 0]"
887,59.166.0.0,*,149.171.126.6,54131,*,*,*,"[0, 0, 0, 3, 0, 0, 0, 0, 0, 0, 0, 0, 0]"
888,59.166.0.0,*,149.171.126.6,57521,*,*,*,"[0, 0, 0, 3, 0, 0, 0, 0, 0, 0, 0, 0, 0]"
889,59.166.0.0,*,149.171.126.6,11821,*,*,*,"[0, 0, 0, 0, 3, 0, 0, 0, 0, 0, 0, 0, 0]"
890,59.166.0.0,*,149.171.126.6,12916,*,*,*,"[0, 0, 0, 0, 2, 0, 0, 0, 0, 0, 0, 0, 0]"
891,59.166.0.0,*,149.171.126.6,15171,*,*,*,"[0, 0, 0, 0, 3, 0, 0, 0, 0, 0, 0, 0, 0]"
892,59.166.0.0,*,149.171.126.6,17268,*,*,*,"[0, 0, 0, 0, 3, 0, 0, 0, 0, 0, 0, 0, 0]"
893,59.166.0.0,*,149.171.126.6,29238,*,*,*,"[0, 0, 0, 0, 2, 0, 0, 0, 0, 0, 0, 0, 0]"
894,59.166.0.0,*,149.171.126.6,33656,*,*,*,"[0, 0, 0, 0, 2, 0, 0, 0, 0, 0, 0, 0, 0]"
895,59.166.0.0,*,149.171.126.6,15489,*,*,*,"[0, 0, 0, 0, 0, 3, 0, 0, 0, 0, 0, 0, 0]"
896,59.166.0.0,*,149.171.126.6,34138,*,*,*,"[0, 0, 0, 0, 0, 3, 0, 0, 0, 0, 0, 0, 0]"
897,59.166.0.0,*,149.171.126.6,42523,*,*,*,"[0, 0, 0, 0, 0, 3, 0, 0, 0, 0, 0, 0, 0]"
898,59.166.0.0,*,149.171.126.6,15398,*,*,*,"[0, 0, 0, 0, 0, 0, 2, 0, 0, 0, 0, 0, 0]"
899,59.166.0.0,*,149.171.126.6,15419,*,*,*,"[0, 0, 0, 0, 0, 0, 2, 0, 0, 0, 0, 0, 0]"
900,59.166.0.0,*,149.171.126.6,31861,*,*,*,"[0, 0, 0, 0, 0, 0, 2, 0, 0, 0, 0, 0, 0]"
901,59.166.0.0,*,149.171.126.6,32328,*,*,*,"[0, 0, 0, 0, 0, 0, 2, 0, 0, 0, 0, 0, 0]"
902,59.166.0.0,*,149.171.126.6,44463,*,*,*,"[0, 0, 0, 0, 0, 0, 2, 0, 0, 0, 0, 0, 0]"
903,59.166.0.0,*,149.171.126.6,46556,*,*,*,"[0, 0, 0, 0, 0, 0, 2, 0, 0, 0, 0, 0, 0]"
904,59.166.0.0,*,149.171.126.6,52639,*,*,*,"[0, 0, 0, 0, 0, 0, 2, 0, 0, 0, 0, 0, 0]"
905,59.166.0.0,*,149.171.126.6,8051,*,*,*,"[0, 0, 0, 0, 0, 0, 2, 0, 0, 0, 0, 0, 0]"
906,59.166.0.0,*,149.171.126.6,9851,*,*,*,"[0, 0, 0, 0, 0, 0, 2, 0, 0, 0, 0, 0, 0]"
907,59.166.0.0,*,149.171.126.6,13582,*,*,*,"[0, 0, 0, 0, 0, 0, 0, 2, 0, 0, 0, 0, 0]"
908,59.166.0.0,*,149.171.126.6,17562,*,*,*,"[0, 0, 0, 0, 0, 0, 0, 3, 0, 0, 0, 0, 0]"
909,59.166.0.0,*,149.171.126.6,58238,*,*,*,"[0, 0, 0, 0, 0, 0, 0, 3, 0, 0, 0, 0, 0]"
910,59.166.0.0,*,149.171.126.6,62964,*,*,*,"[0, 0, 0, 0, 0, 0, 0, 2, 0, 0, 0, 0, 0]"
911,59.166.0.0,*,149.171.126.6,63870,*,*,*,"[0, 0, 0, 0, 0, 0, 0, 3, 0, 0, 0, 0, 0]"
912,59.166.0.0,*,149.171.126.6,65009,*,*,*,"[0, 0, 0, 0, 0, 0, 0, 2, 0, 0, 0, 0, 0]"
913,59.166.0.0,*,149.171.126.6,10198,*,*,*,"[0, 0, 0, 0, 0, 0, 0, 0, 3, 0, 0, 0, 0]"
914,59.166.0.0,*,149.171.126.6,11460,*,*,*,"[0, 0, 0, 0, 0, 0, 0, 0, 2, 0, 0, 0, 0]"
915,59.166.0.0,*,149.171.126.6,13455,*,*,*,"[0, 0, 0, 0, 0, 0, 0, 0, 2, 0, 0, 0, 0]"
916,59.166.0.0,*,149.171.126.6,24196,*,*,*,"[0, 0, 0, 0, 0, 0, 0, 0, 3, 0, 0, 0, 0]"
917,59.166.0.0,*,149.171.126.6,25974,*,*,*,"[0, 0, 0, 0, 0, 0, 0, 0, 0, 0, 0, 2, 0]"
918,59.166.0.0,*,149.171.126.6,26631,*,*,*,"[0, 0, 0, 0, 0, 0, 0, 0, 2, 0, 0, 0, 0]"
919,59.166.0.0,*,149.171.126.6,35231,*,*,*,"[0, 0, 0, 0, 0, 0, 0, 0, 3, 0, 0, 0, 0]"
920,59.166.0.0,*,149.171.126.6,22432,*,*,*,"[0, 0, 0, 0, 0, 0, 0, 0, 0, 2, 0, 0, 0]"
921,59.166.0.0,*,149.171.126.6,46326,*,*,*,"[0, 0, 0, 0, 0, 0, 0, 0, 0, 2, 0, 0, 0]"
922,59.166.0.0,*,149.171.126.6,46967,*,*,*,"[0, 0, 0, 0, 0, 0, 0, 0, 0, 2, 0, 0, 0]"
923,59.166.0.0,*,149.171.126.6,62821,*,*,*,"[0, 0, 0, 0, 0, 0, 0, 0, 0, 2, 0, 0, 0]"
924,59.166.0.0,*,149.171.126.6,63656,*,*,*,"[0, 0, 0, 0, 0, 0, 0, 0, 0, 2, 0, 0, 0]"
925,59.166.0.0,*,149.171.126.6,65504,*,*,*,"[0, 0, 0, 0, 0, 0, 0, 0, 0, 2, 0, 0, 0]"
926,59.166.0.0,*,149.171.126.6,13761,*,*,*,"[0, 0, 0, 0, 0, 0, 0, 0, 0, 0, 2, 0, 0]"
927,59.166.0.0,*,149.171.126.6,16120,*,*,*,"[0, 0, 0, 0, 0, 0, 0, 0, 0, 0, 2, 0, 0]"
928,59.166.0.0,*,149.171.126.6,31484,*,*,*,"[0, 0, 0, 0, 0, 0, 0, 0, 0, 0, 2, 0, 0]"
929,59.166.0.0,*,149.171.126.6,38033,*,*,*,"[0, 0, 0, 0, 0, 0, 0, 0, 0, 0, 2, 0, 0]"
930,59.166.0.0,*,149.171.126.6,62120,*,*,*,"[0, 0, 0, 0, 0, 0, 0, 0, 0, 0, 2, 0, 0]"
931,59.166.0.0,*,149.171.126.6,64158,*,*,*,"[0, 0, 0, 0, 0, 0, 0, 0, 0, 0, 2, 0, 0]"
932,59.166.0.0,*,149.171.126.6,36781,*,*,*,"[0, 0, 0, 0, 0, 0, 0, 0, 0, 0, 0, 2, 0]"
933,59.166.0.0,*,149.171.126.6,41227,*,*,*,"[0, 0, 0, 0, 0, 0, 0, 0, 0, 0, 0, 3, 0]"
934,59.166.0.0,*,149.171.126.6,56852,*,*,*,"[0, 0, 0, 0, 0, 0, 0, 0, 0, 0, 0, 2, 0]"
935,59.166.0.0,*,149.171.126.6,63238,*,*,*,"[0, 0, 0, 0, 0, 0, 0, 0, 0, 0, 0, 3, 0]"
936,59.166.0.0,*,149.171.126.6,6786,*,*,*,"[0, 0, 0, 0, 0, 0, 0, 0, 0, 0, 0, 3, 0]"
937,59.166.0.0,*,149.171.126.6,13839,*,*,*,"[0, 0, 0, 0, 0, 0, 0, 0, 0, 0, 0, 0, 2]"
938,59.166.0.0,*,149.171.126.6,26866,*,*,*,"[0, 0, 0, 0, 0, 0, 0, 0, 0, 0, 0, 0, 2]"
939,59.166.0.0,*,149.171.126.6,50688,*,*,*,"[0, 0, 0, 0, 0, 0, 0, 0, 0, 0, 0, 0, 2]"
940,59.166.0.0,*,149.171.126.7,111,*,*,*,"[12, 15, 11, 12, 8, 15, 12, 7, 11, 5, 8, 16, 12]"
941,59.166.0.0,*,149.171.126.7,11399,*,*,*,"[2, 0, 0, 0, 0, 0, 0, 0, 0, 0, 0, 0, 0]"
942,59.166.0.0,*,149.171.126.7,143,*,*,*,"[7, 4, 10, 6, 6, 5, 4, 6, 4, 6, 10, 3, 9]"
943,59.166.0.0,*,149.171.126.7,21,*,*,*,"[8, 6, 4, 10, 8, 5, 3, 6, 8, 5, 7, 6, 4]"
944,59.166.0.0,*,149.171.126.7,22,*,*,*,"[6, 7, 11, 9, 9, 7, 3, 3, 12, 4, 8, 8, 5]"
945,59.166.0.0,*,149.171.126.7,25,*,*,*,"[10, 11, 9, 9, 13, 8, 11, 7, 13, 11, 9, 11, 7]"
946,59.166.0.0,*,149.171.126.7,26143,*,*,*,"[2, 0, 0, 0, 0, 0, 0, 0, 0, 0, 0, 0, 0]"
947,59.166.0.0,*,149.171.126.7,27934,*,*,*,"[3, 0, 0, 0, 0, 0, 0, 0, 0, 0, 0, 0, 0]"
948,59.166.0.0,*,149.171.126.7,35719,*,*,*,"[3, 0, 0, 0, 0, 0, 0, 0, 0, 0, 0, 0, 0]"
949,59.166.0.0,*,149.171.126.7,42130,*,*,*,"[3, 0, 0, 0, 0, 0, 0, 0, 0, 0, 0, 0, 0]"
950,59.166.0.0,*,149.171.126.7,5190,*,*,*,"[26, 25, 16, 18, 14, 14, 19, 11, 16, 19, 22, 15, 22]"
951,59.166.0.0,*,149.171.126.7,52294,*,*,*,"[2, 0, 0, 0, 0, 0, 0, 0, 0, 0, 0, 0, 0]"
952,59.166.0.0,*,149.171.126.7,53,*,*,*,"[57, 46, 62, 50, 65, 49, 58, 45, 60, 52, 51, 44, 52]"
953,59.166.0.0,*,149.171.126.7,6881,*,*,*,"[18, 19, 12, 31, 30, 18, 91, 72, 18, 12, 30, 27, 55]"
954,59.166.0.0,*,149.171.126.7,80,*,*,*,"[31, 20, 30, 34, 31, 21, 31, 26, 32, 28, 34, 15, 23]"
955,59.166.0.0,*,149.171.126.7,15843,*,*,*,"[0, 3, 0, 0, 0, 0, 0, 0, 0, 0, 0, 0, 0]"
956,59.166.0.0,*,149.171.126.7,43267,*,*,*,"[0, 2, 0, 0, 0, 0, 0, 0, 0, 0, 0, 0, 0]"
957,59.166.0.0,*,149.171.126.7,49198,*,*,*,"[0, 3, 0, 0, 0, 0, 0, 0, 0, 0, 0, 0, 0]"
958,59.166.0.0,*,149.171.126.7,54867,*,*,*,"[0, 3, 0, 0, 0, 0, 0, 0, 0, 0, 0, 0, 0]"
959,59.166.0.0,*,149.171.126.7,57753,*,*,*,"[0, 2, 0, 0, 0, 0, 0, 0, 0, 0, 0, 0, 0]"
960,59.166.0.0,*,149.171.126.7,61834,*,*,*,"[0, 2, 0, 0, 0, 0, 0, 0, 0, 0, 0, 0, 0]"
961,59.166.0.0,*,149.171.126.7,11680,*,*,*,"[0, 0, 0, 2, 0, 0, 0, 0, 0, 0, 0, 0, 0]"
962,59.166.0.0,*,149.171.126.7,1254,*,*,*,"[0, 0, 2, 0, 0, 0, 0, 0, 0, 0, 0, 0, 0]"
963,59.166.0.0,*,149.171.126.7,32912,*,*,*,"[0, 0, 0, 2, 0, 0, 0, 0, 0, 0, 0, 0, 0]"
964,59.166.0.0,*,149.171.126.7,34154,*,*,*,"[0, 0, 2, 0, 0, 0, 0, 0, 0, 0, 0, 0, 0]"
965,59.166.0.0,*,149.171.126.7,44685,*,*,*,"[0, 0, 0, 2, 0, 0, 0, 0, 0, 0, 0, 0, 0]"
966,59.166.0.0,*,149.171.126.7,61745,*,*,*,"[0, 0, 3, 0, 0, 0, 0, 0, 0, 0, 0, 0, 0]"
967,59.166.0.0,*,149.171.126.7,1397,*,*,*,"[0, 0, 0, 3, 0, 0, 0, 0, 0, 0, 0, 0, 0]"
968,59.166.0.0,*,149.171.126.7,21831,*,*,*,"[0, 0, 0, 3, 0, 0, 0, 0, 0, 0, 0, 0, 0]"
969,59.166.0.0,*,149.171.126.7,30639,*,*,*,"[0, 0, 0, 4, 0, 0, 0, 0, 0, 0, 0, 0, 0]"
970,59.166.0.0,*,149.171.126.7,45133,*,*,*,"[0, 0, 0, 3, 0, 0, 0, 0, 0, 0, 0, 0, 0]"
971,59.166.0.0,*,149.171.126.7,57588,*,*,*,"[0, 0, 0, 4, 0, 0, 0, 0, 0, 0, 0, 0, 0]"
972,59.166.0.0,*,149.171.126.7,58003,*,*,*,"[0, 0, 0, 4, 0, 0, 0, 0, 0, 0, 0, 0, 0]"
973,59.166.0.0,*,149.171.126.7,40725,*,*,*,"[0, 0, 0, 0, 2, 0, 0, 0, 0, 0, 0, 0, 0]"
974,59.166.0.0,*,149.171.126.7,56243,*,*,*,"[0, 0, 0, 0, 2, 0, 0, 0, 0, 0, 0, 0, 0]"
975,59.166.0.0,*,149.171.126.7,60335,*,*,*,"[0, 0, 0, 0, 2, 0, 0, 0, 0, 0, 0, 0, 0]"
976,59.166.0.0,*,149.171.126.7,18292,*,*,*,"[0, 0, 0, 0, 0, 2, 0, 0, 0, 0, 0, 0, 0]"
977,59.166.0.0,*,149.171.126.7,18741,*,*,*,"[0, 0, 0, 0, 0, 2, 0, 0, 0, 0, 0, 0, 0]"
978,59.166.0.0,*,149.171.126.7,28875,*,*,*,"[0, 0, 0, 0, 0, 2, 0, 0, 0, 0, 0, 0, 0]"
979,59.166.0.0,*,149.171.126.7,54475,*,*,*,"[0, 0, 0, 0, 0, 0, 0, 2, 0, 0, 0, 0, 0]"
980,59.166.0.0,*,149.171.126.7,55348,*,*,*,"[0, 0, 0, 0, 0, 0, 0, 2, 0, 0, 0, 0, 0]"
981,59.166.0.0,*,149.171.126.7,64665,*,*,*,"[0, 0, 0, 0, 0, 0, 0, 2, 0, 0, 0, 0, 0]"
982,59.166.0.0,*,149.171.126.7,36106,*,*,*,"[0, 0, 0, 0, 0, 0, 0, 0, 4, 0, 0, 0, 0]"
983,59.166.0.0,*,149.171.126.7,37612,*,*,*,"[0, 0, 0, 0, 0, 0, 0, 0, 4, 0, 0, 0, 0]"
984,59.166.0.0,*,149.171.126.7,56854,*,*,*,"[0, 0, 0, 0, 0, 0, 0, 0, 4, 0, 0, 0, 0]"
985,59.166.0.0,*,149.171.126.7,62821,*,*,*,"[0, 0, 0, 0, 0, 0, 0, 0, 0, 2, 0, 0, 0]"
986,59.166.0.0,*,149.171.126.7,63656,*,*,*,"[0, 0, 0, 0, 0, 0, 0, 0, 0, 2, 0, 0, 0]"
987,59.166.0.0,*,149.171.126.7,65504,*,*,*,"[0, 0, 0, 0, 0, 0, 0, 0, 0, 2, 0, 0, 0]"
988,59.166.0.0,*,149.171.126.7,13761,*,*,*,"[0, 0, 0, 0, 0, 0, 0, 0, 0, 0, 2, 0, 0]"
989,59.166.0.0,*,149.171.126.7,16120,*,*,*,"[0, 0, 0, 0, 0, 0, 0, 0, 0, 0, 2, 0, 0]"
990,59.166.0.0,*,149.171.126.7,23815,*,*,*,"[0, 0, 0, 0, 0, 0, 0, 0, 0, 0, 2, 0, 0]"
991,59.166.0.0,*,149.171.126.7,23898,*,*,*,"[0, 0, 0, 0, 0, 0, 0, 0, 0, 0, 2, 0, 0]"
992,59.166.0.0,*,149.171.126.7,25885,*,*,*,"[0, 0, 0, 0, 0, 0, 0, 0, 0, 0, 2, 0, 0]"
993,59.166.0.0,*,149.171.126.7,31484,*,*,*,"[0, 0, 0, 0, 0, 0, 0, 0, 0, 0, 2, 0, 0]"
994,59.166.0.0,*,149.171.126.7,38033,*,*,*,"[0, 0, 0, 0, 0, 0, 0, 0, 0, 0, 2, 0, 0]"
995,59.166.0.0,*,149.171.126.7,62120,*,*,*,"[0, 0, 0, 0, 0, 0, 0, 0, 0, 0, 2, 0, 0]"
996,59.166.0.0,*,149.171.126.7,64158,*,*,*,"[0, 0, 0, 0, 0, 0, 0, 0, 0, 0, 2, 0, 0]"
997,59.166.0.0,*,149.171.126.7,14575,*,*,*,"[0, 0, 0, 0, 0, 0, 0, 0, 0, 0, 0, 2, 0]"
998,59.166.0.0,*,149.171.126.7,18583,*,*,*,"[0, 0, 0, 0, 0, 0, 0, 0, 0, 0, 0, 2, 0]"
999,59.166.0.0,*,149.171.126.7,25974,*,*,*,"[0, 0, 0, 0, 0, 0, 0, 0, 0, 0, 0, 3, 0]"
1000,59.166.0.0,*,149.171.126.7,36781,*,*,*,"[0, 0, 0, 0, 0, 0, 0, 0, 0, 0, 0, 3, 0]"
1001,59.166.0.0,*,149.171.126.7,45717,*,*,*,"[0, 0, 0, 0, 0, 0, 0, 0, 0, 0, 0, 2, 0]"
1002,59.166.0.0,*,149.171.126.7,56852,*,*,*,"[0, 0, 0, 0, 0, 0, 0, 0, 0, 0, 0, 3, 0]"
1003,59.166.0.0,*,149.171.126.7,13839,*,*,*,"[0, 0, 0, 0, 0, 0, 0, 0, 0, 0, 0, 0, 2]"
1004,59.166.0.0,*,149.171.126.7,26866,*,*,*,"[0, 0, 0, 0, 0, 0, 0, 0, 0, 0, 0, 0, 2]"
1005,59.166.0.0,*,149.171.126.7,50688,*,*,*,"[0, 0, 0, 0, 0, 0, 0, 0, 0, 0, 0, 0, 2]"
1006,59.166.0.0,*,149.171.126.8,111,*,*,*,"[10, 11, 14, 8, 14, 12, 11, 7, 5, 18, 12, 15, 14]"
1007,59.166.0.0,*,149.171.126.8,11399,*,*,*,"[2, 0, 0, 0, 0, 0, 0, 0, 0, 0, 0, 0, 0]"
1008,59.166.0.0,*,149.171.126.8,143,*,*,*,"[9, 4, 3, 9, 4, 9, 5, 4, 14, 4, 7, 10, 10]"
1009,59.166.0.0,*,149.171.126.8,21,*,*,*,"[4, 7, 9, 4, 11, 3, 8, 3, 10, 5, 4, 0, 3]"
1010,59.166.0.0,*,149.171.126.8,22,*,*,*,"[4, 8, 14, 14, 8, 4, 0, 3, 7, 4, 7, 6, 6]"
1011,59.166.0.0,*,149.171.126.8,25,*,*,*,"[17, 10, 14, 13, 16, 12, 10, 9, 17, 7, 8, 10, 13]"
1012,59.166.0.0,*,149.171.126.8,26143,*,*,*,"[2, 0, 0, 0, 0, 0, 0, 0, 0, 0, 0, 0, 0]"
1013,59.166.0.0,*,149.171.126.8,5190,*,*,*,"[12, 18, 12, 10, 14, 24, 28, 11, 19, 22, 10, 12, 17]"
1014,59.166.0.0,*,149.171.126.8,52294,*,*,*,"[2, 0, 0, 0, 0, 0, 0, 0, 0, 0, 0, 0, 0]"
1015,59.166.0.0,*,149.171.126.8,53,*,*,*,"[50, 47, 55, 44, 54, 56, 55, 51, 46, 32, 50, 40, 56]"
1016,59.166.0.0,*,149.171.126.8,80,*,*,*,"[29, 15, 27, 25, 30, 29, 28, 20, 24, 23, 19, 21, 26]"
1017,59.166.0.0,*,149.171.126.8,14724,*,*,*,"[0, 2, 0, 0, 0, 0, 0, 0, 0, 0, 0, 0, 0]"
1018,59.166.0.0,*,149.171.126.8,31010,*,*,*,"[0, 2, 0, 0, 0, 0, 0, 0, 0, 0, 0, 0, 0]"
1019,59.166.0.0,*,149.171.126.8,43267,*,*,*,"[0, 3, 0, 0, 0, 0, 0, 0, 0, 0, 0, 0, 0]"
1020,59.166.0.0,*,149.171.126.8,49439,*,*,*,"[0, 2, 0, 0, 0, 0, 0, 0, 0, 0, 0, 0, 0]"
1021,59.166.0.0,*,149.171.126.8,57753,*,*,*,"[0, 3, 0, 0, 0, 0, 0, 0, 0, 0, 0, 0, 0]"
1022,59.166.0.0,*,149.171.126.8,61834,*,*,*,"[0, 3, 0, 0, 0, 0, 0, 0, 0, 0, 0, 0, 0]"
1023,59.166.0.0,*,149.171.126.8,6881,*,*,*,"[0, 12, 18, 48, 6, 12, 30, 42, 6, 12, 18, 0, 37]"
1024,59.166.0.0,*,149.171.126.8,1254,*,*,*,"[0, 0, 3, 0, 0, 0, 0, 0, 0, 0, 0, 0, 0]"
1025,59.166.0.0,*,149.171.126.8,13142,*,*,*,"[0, 0, 3, 0, 0, 0, 0, 0, 0, 0, 0, 0, 0]"
1026,59.166.0.0,*,149.171.126.8,27976,*,*,*,"[0, 0, 3, 0, 0, 0, 0, 0, 0, 0, 0, 0, 0]"
1027,59.166.0.0,*,149.171.126.8,34154,*,*,*,"[0, 0, 3, 0, 0, 0, 0, 0, 0, 0, 0, 0, 0]"
1028,59.166.0.0,*,149.171.126.8,35397,*,*,*,"[0, 0, 3, 0, 0, 0, 0, 0, 0, 0, 0, 0, 0]"
1029,59.166.0.0,*,149.171.126.8,61745,*,*,*,"[0, 0, 3, 0, 0, 0, 0, 0, 0, 0, 0, 0, 0]"
1030,59.166.0.0,*,149.171.126.8,11821,*,*,*,"[0, 0, 0, 0, 3, 0, 0, 0, 0, 0, 0, 0, 0]"
1031,59.166.0.0,*,149.171.126.8,15171,*,*,*,"[0, 0, 0, 0, 3, 0, 0, 0, 0, 0, 0, 0, 0]"
1032,59.166.0.0,*,149.171.126.8,17268,*,*,*,"[0, 0, 0, 0, 3, 0, 0, 0, 0, 0, 0, 0, 0]"
1033,59.166.0.0,*,149.171.126.8,36222,*,*,*,"[0, 0, 0, 0, 2, 0, 0, 0, 0, 0, 0, 0, 0]"
1034,59.166.0.0,*,149.171.126.8,40725,*,*,*,"[0, 0, 0, 0, 2, 0, 0, 0, 0, 0, 0, 0, 0]"
1035,59.166.0.0,*,149.171.126.8,5131,*,*,*,"[0, 0, 0, 0, 2, 0, 0, 0, 0, 0, 0, 0, 0]"
1036,59.166.0.0,*,149.171.126.8,56243,*,*,*,"[0, 0, 0, 0, 2, 0, 0, 0, 0, 0, 0, 0, 0]"
1037,59.166.0.0,*,149.171.126.8,56995,*,*,*,"[0, 0, 0, 0, 2, 0, 0, 0, 0, 0, 0, 0, 0]"
1038,59.166.0.0,*,149.171.126.8,60335,*,*,*,"[0, 0, 0, 0, 2, 0, 0, 0, 0, 0, 0, 0, 0]"
1039,59.166.0.0,*,149.171.126.8,15419,*,*,*,"[0, 0, 0, 0, 0, 0, 2, 0, 0, 0, 0, 0, 0]"
1040,59.166.0.0,*,149.171.126.8,21049,*,*,*,"[0, 0, 0, 0, 0, 0, 3, 0, 0, 0, 0, 0, 0]"
1041,59.166.0.0,*,149.171.126.8,31861,*,*,*,"[0, 0, 0, 0, 0, 0, 2, 0, 0, 0, 0, 0, 0]"
1042,59.166.0.0,*,149.171.126.8,35856,*,*,*,"[0, 0, 0, 0, 0, 0, 3, 0, 0, 0, 0, 0, 0]"
1043,59.166.0.0,*,149.171.126.8,44463,*,*,*,"[0, 0, 0, 0, 0, 0, 2, 0, 0, 0, 0, 0, 0]"
1044,59.166.0.0,*,149.171.126.8,46556,*,*,*,"[0, 0, 0, 0, 0, 0, 2, 0, 0, 0, 0, 0, 0]"
1045,59.166.0.0,*,149.171.126.8,49483,*,*,*,"[0, 0, 0, 0, 0, 0, 3, 0, 0, 0, 0, 0, 0]"
1046,59.166.0.0,*,149.171.126.8,52639,*,*,*,"[0, 0, 0, 0, 0, 0, 2, 0, 0, 0, 0, 0, 0]"
1047,59.166.0.0,*,149.171.126.8,8051,*,*,*,"[0, 0, 0, 0, 0, 0, 2, 0, 0, 0, 0, 0, 0]"
1048,59.166.0.0,*,149.171.126.8,17562,*,*,*,"[0, 0, 0, 0, 0, 0, 0, 2, 0, 0, 0, 0, 0]"
1049,59.166.0.0,*,149.171.126.8,58238,*,*,*,"[0, 0, 0, 0, 0, 0, 0, 2, 0, 0, 0, 0, 0]"
1050,59.166.0.0,*,149.171.126.8,63870,*,*,*,"[0, 0, 0, 0, 0, 0, 0, 2, 0, 0, 0, 0, 0]"
1051,59.166.0.0,*,149.171.126.8,10397,*,*,*,"[0, 0, 0, 0, 0, 0, 0, 0, 2, 0, 0, 0, 0]"
1052,59.166.0.0,*,149.171.126.8,22627,*,*,*,"[0, 0, 0, 0, 0, 0, 0, 0, 2, 0, 0, 0, 0]"
1053,59.166.0.0,*,149.171.126.8,36106,*,*,*,"[0, 0, 0, 0, 0, 0, 0, 0, 4, 0, 0, 0, 0]"
1054,59.166.0.0,*,149.171.126.8,37612,*,*,*,"[0, 0, 0, 0, 0, 0, 0, 0, 4, 0, 0, 0, 0]"
1055,59.166.0.0,*,149.171.126.8,4212,*,*,*,"[0, 0, 0, 0, 0, 0, 0, 0, 2, 0, 0, 0, 0]"
1056,59.166.0.0,*,149.171.126.8,44321,*,*,*,"[0, 0, 0, 0, 0, 0, 0, 0, 2, 0, 0, 0, 0]"
1057,59.166.0.0,*,149.171.126.8,56658,*,*,*,"[0, 0, 0, 0, 0, 0, 0, 0, 2, 0, 0, 0, 0]"
1058,59.166.0.0,*,149.171.126.8,56854,*,*,*,"[0, 0, 0, 0, 0, 0, 0, 0, 4, 0, 0, 0, 0]"
1059,59.166.0.0,*,149.171.126.8,8998,*,*,*,"[0, 0, 0, 0, 0, 0, 0, 0, 2, 0, 0, 0, 0]"
1060,59.166.0.0,*,149.171.126.8,1906,*,*,*,"[0, 0, 0, 0, 0, 0, 0, 0, 0, 2, 0, 0, 0]"
1061,59.166.0.0,*,149.171.126.8,3038,*,*,*,"[0, 0, 0, 0, 0, 0, 0, 0, 0, 2, 0, 0, 0]"
1062,59.166.0.0,*,149.171.126.8,54587,*,*,*,"[0, 0, 0, 0, 0, 0, 0, 0, 0, 2, 0, 0, 0]"
1063,59.166.0.0,*,149.171.126.8,16120,*,*,*,"[0, 0, 0, 0, 0, 0, 0, 0, 0, 0, 2, 0, 0]"
1064,59.166.0.0,*,149.171.126.8,62120,*,*,*,"[0, 0, 0, 0, 0, 0, 0, 0, 0, 0, 2, 0, 0]"
1065,59.166.0.0,*,149.171.126.8,64158,*,*,*,"[0, 0, 0, 0, 0, 0, 0, 0, 0, 0, 2, 0, 0]"
1066,59.166.0.0,*,149.171.126.9,111,*,*,*,"[12, 13, 13, 10, 11, 9, 12, 9, 18, 15, 12, 14, 14]"
1067,59.166.0.0,*,149.171.126.9,11399,*,*,*,"[3, 0, 0, 0, 0, 0, 0, 0, 0, 0, 0, 0, 0]"
1068,59.166.0.0,*,149.171.126.9,143,*,*,*,"[4, 10, 8, 8, 7, 11, 5, 2, 9, 7, 0, 9, 4]"
1069,59.166.0.0,*,149.171.126.9,18023,*,*,*,"[2, 0, 0, 0, 0, 0, 0, 0, 0, 0, 0, 0, 0]"
1070,59.166.0.0,*,149.171.126.9,21,*,*,*,"[14, 3, 5, 5, 8, 7, 0, 4, 4, 8, 7, 5, 6]"
1071,59.166.0.0,*,149.171.126.9,22,*,*,*,"[4, 8, 4, 10, 14, 6, 5, 3, 0, 7, 9, 10, 7]"
1072,59.166.0.0,*,149.171.126.9,25,*,*,*,"[9, 9, 9, 16, 11, 11, 11, 11, 8, 13, 9, 5, 12]"
1073,59.166.0.0,*,149.171.126.9,26143,*,*,*,"[3, 0, 0, 0, 0, 0, 0, 0, 0, 0, 0, 0, 0]"
1074,59.166.0.0,*,149.171.126.9,27934,*,*,*,"[5, 0, 0, 0, 0, 0, 0, 0, 0, 0, 0, 0, 0]"
1075,59.166.0.0,*,149.171.126.9,32664,*,*,*,"[2, 0, 0, 0, 0, 0, 0, 0, 0, 0, 0, 0, 0]"
1076,59.166.0.0,*,149.171.126.9,35719,*,*,*,"[5, 0, 0, 0, 0, 0, 0, 0, 0, 0, 0, 0, 0]"
1077,59.166.0.0,*,149.171.126.9,42130,*,*,*,"[5, 0, 0, 0, 0, 0, 0, 0, 0, 0, 0, 0, 0]"
1078,59.166.0.0,*,149.171.126.9,4950,*,*,*,"[2, 0, 0, 0, 0, 0, 0, 0, 0, 0, 0, 0, 0]"
1079,59.166.0.0,*,149.171.126.9,5190,*,*,*,"[17, 26, 21, 10, 14, 16, 8, 4, 18, 25, 16, 12, 12]"
1080,59.166.0.0,*,149.171.126.9,52294,*,*,*,"[3, 0, 0, 0, 0, 0, 0, 0, 0, 0, 0, 0, 0]"
1081,59.166.0.0,*,149.171.126.9,52801,*,*,*,"[2, 0, 0, 0, 0, 0, 0, 0, 0, 0, 0, 0, 0]"
1082,59.166.0.0,*,149.171.126.9,53,*,*,*,"[56, 52, 62, 49, 51, 66, 70, 41, 56, 43, 61, 46, 52]"
1083,59.166.0.0,*,149.171.126.9,56048,*,*,*,"[2, 0, 0, 0, 0, 0, 0, 0, 0, 0, 0, 0, 0]"
1084,59.166.0.0,*,149.171.126.9,64030,*,*,*,"[2, 0, 0, 0, 0, 0, 0, 0, 0, 0, 0, 0, 0]"
1085,59.166.0.0,*,149.171.126.9,6881,*,*,*,"[6, 6, 12, 36, 42, 6, 30, 36, 25, 6, 6, 0, 12]"
1086,59.166.0.0,*,149.171.126.9,80,*,*,*,"[28, 14, 22, 25, 33, 25, 32, 20, 33, 25, 26, 26, 37]"
1087,59.166.0.0,*,149.171.126.9,11680,*,*,*,"[0, 0, 0, 3, 0, 0, 0, 0, 0, 0, 0, 0, 0]"
1088,59.166.0.0,*,149.171.126.9,32912,*,*,*,"[0, 0, 0, 3, 0, 0, 0, 0, 0, 0, 0, 0, 0]"
1089,59.166.0.0,*,149.171.126.9,44685,*,*,*,"[0, 0, 0, 3, 0, 0, 0, 0, 0, 0, 0, 0, 0]"
1090,59.166.0.0,*,149.171.126.9,36222,*,*,*,"[0, 0, 0, 0, 3, 0, 0, 0, 0, 0, 0, 0, 0]"
1091,59.166.0.0,*,149.171.126.9,5131,*,*,*,"[0, 0, 0, 0, 3, 0, 0, 0, 0, 0, 0, 0, 0]"
1092,59.166.0.0,*,149.171.126.9,56995,*,*,*,"[0, 0, 0, 0, 3, 0, 0, 0, 0, 0, 0, 0, 0]"
1093,59.166.0.0,*,149.171.126.9,65385,*,*,*,"[0, 0, 0, 0, 0, 0, 0, 2, 0, 0, 0, 0, 0]"
1094,59.166.0.0,*,149.171.126.9,22481,*,*,*,"[0, 0, 0, 0, 0, 2, 0, 0, 0, 0, 0, 0, 0]"
1095,59.166.0.0,*,149.171.126.9,26869,*,*,*,"[0, 0, 0, 0, 0, 2, 0, 0, 0, 0, 0, 0, 0]"
1096,59.166.0.0,*,149.171.126.9,41018,*,*,*,"[0, 0, 0, 0, 0, 2, 0, 0, 0, 0, 0, 0, 0]"
1097,59.166.0.0,*,149.171.126.9,16619,*,*,*,"[0, 0, 0, 0, 0, 0, 0, 2, 0, 0, 0, 0, 0]"
1098,59.166.0.0,*,149.171.126.9,56334,*,*,*,"[0, 0, 0, 0, 0, 0, 0, 0, 0, 0, 0, 2, 0]"
1099,59.166.0.0,*,149.171.126.9,11460,*,*,*,"[0, 0, 0, 0, 0, 0, 0, 0, 2, 0, 0, 0, 0]"
1100,59.166.0.0,*,149.171.126.9,13455,*,*,*,"[0, 0, 0, 0, 0, 0, 0, 0, 2, 0, 0, 0, 0]"
1101,59.166.0.0,*,149.171.126.9,26631,*,*,*,"[0, 0, 0, 0, 0, 0, 0, 0, 2, 0, 0, 0, 0]"
1102,59.166.0.0,*,149.171.126.9,20465,*,*,*,"[0, 0, 0, 0, 0, 0, 0, 0, 0, 2, 0, 0, 0]"
1103,59.166.0.0,*,149.171.126.9,22432,*,*,*,"[0, 0, 0, 0, 0, 0, 0, 0, 0, 3, 0, 0, 0]"
1104,59.166.0.0,*,149.171.126.9,23937,*,*,*,"[0, 0, 0, 0, 0, 0, 0, 0, 0, 2, 0, 0, 0]"
1105,59.166.0.0,*,149.171.126.9,33291,*,*,*,"[0, 0, 0, 0, 0, 0, 0, 0, 0, 2, 0, 0, 0]"
1106,59.166.0.0,*,149.171.126.9,38936,*,*,*,"[0, 0, 0, 0, 0, 0, 0, 0, 0, 2, 0, 0, 0]"
1107,59.166.0.0,*,149.171.126.9,46326,*,*,*,"[0, 0, 0, 0, 0, 0, 0, 0, 0, 3, 0, 0, 0]"
1108,59.166.0.0,*,149.171.126.9,46967,*,*,*,"[0, 0, 0, 0, 0, 0, 0, 0, 0, 3, 0, 0, 0]"
1109,59.166.0.0,*,149.171.126.9,52561,*,*,*,"[0, 0, 0, 0, 0, 0, 0, 0, 0, 2, 0, 0, 0]"
1110,59.166.0.0,*,149.171.126.9,58190,*,*,*,"[0, 0, 0, 0, 0, 0, 0, 0, 0, 2, 0, 0, 0]"
1111,59.166.0.0,*,149.171.126.9,16120,*,*,*,"[0, 0, 0, 0, 0, 0, 0, 0, 0, 0, 2, 0, 0]"
1112,59.166.0.0,*,149.171.126.9,32991,*,*,*,"[0, 0, 0, 0, 0, 0, 0, 0, 0, 0, 2, 0, 0]"
1113,59.166.0.0,*,149.171.126.9,49991,*,*,*,"[0, 0, 0, 0, 0, 0, 0, 0, 0, 0, 2, 0, 0]"
1114,59.166.0.0,*,149.171.126.9,57668,*,*,*,"[0, 0, 0, 0, 0, 0, 0, 0, 0, 0, 2, 0, 0]"
1115,59.166.0.0,*,149.171.126.9,62120,*,*,*,"[0, 0, 0, 0, 0, 0, 0, 0, 0, 0, 2, 0, 0]"
1116,59.166.0.0,*,149.171.126.9,64158,*,*,*,"[0, 0, 0, 0, 0, 0, 0, 0, 0, 0, 2, 0, 0]"
1117,59.166.0.0,*,149.171.126.9,13904,*,*,*,"[0, 0, 0, 0, 0, 0, 0, 0, 0, 0, 0, 2, 0]"
1118,59.166.0.0,*,149.171.126.9,55155,*,*,*,"[0, 0, 0, 0, 0, 0, 0, 0, 0, 0, 0, 2, 0]"
1119,59.166.0.0,*,149.171.126.9,13839,*,*,*,"[0, 0, 0, 0, 0, 0, 0, 0, 0, 0, 0, 0, 3]"
1120,59.166.0.0,*,149.171.126.9,26866,*,*,*,"[0, 0, 0, 0, 0, 0, 0, 0, 0, 0, 0, 0, 3]"
1121,59.166.0.0,*,149.171.126.9,50688,*,*,*,"[0, 0, 0, 0, 0, 0, 0, 0, 0, 0, 0, 0, 3]"
1122,59.166.0.1,*,149.171.126.0,111,*,*,*,"[8, 4, 9, 16, 7, 9, 9, 7, 17, 17, 13, 14, 12]"
1123,59.166.0.1,*,149.171.126.0,143,*,*,*,"[8, 4, 5, 8, 6, 6, 9, 3, 6, 4, 5, 6, 4]"
1124,59.166.0.1,*,149.171.126.0,17087,*,*,*,"[2, 0, 0, 0, 0, 0, 0, 0, 0, 0, 0, 0, 0]"
1125,59.166.0.1,*,149.171.126.0,21,*,*,*,"[6, 6, 8, 6, 7, 6, 10, 2, 8, 9, 7, 5, 7]"
1126,59.166.0.1,*,149.171.126.0,22,*,*,*,"[2, 10, 11, 6, 5, 12, 0, 3, 3, 3, 8, 14, 12]"
1127,59.166.0.1,*,149.171.126.0,25,*,*,*,"[14, 12, 16, 15, 13, 15, 9, 15, 10, 13, 14, 13, 17]"
1128,59.166.0.1,*,149.171.126.0,45548,*,*,*,"[2, 0, 0, 0, 0, 0, 0, 0, 0, 0, 0, 0, 0]"
1129,59.166.0.1,*,149.171.126.0,5190,*,*,*,"[20, 38, 12, 16, 16, 18, 19, 10, 16, 27, 10, 14, 17]"
1130,59.166.0.1,*,149.171.126.0,52796,*,*,*,"[2, 0, 0, 0, 0, 0, 0, 0, 0, 0, 0, 0, 0]"
1131,59.166.0.1,*,149.171.126.0,53,*,*,*,"[70, 62, 57, 45, 63, 57, 46, 46, 59, 54, 60, 55, 66]"
1132,59.166.0.1,*,149.171.126.0,6881,*,*,*,"[6, 12, 18, 30, 24, 12, 36, 36, 0, 6, 18, 6, 36]"
1133,59.166.0.1,*,149.171.126.0,80,*,*,*,"[22, 33, 37, 26, 39, 31, 27, 21, 33, 30, 29, 29, 24]"
1134,59.166.0.1,*,149.171.126.0,15843,*,*,*,"[0, 2, 0, 0, 0, 0, 0, 0, 0, 0, 0, 0, 0]"
1135,59.166.0.1,*,149.171.126.0,49198,*,*,*,"[0, 2, 0, 0, 0, 0, 0, 0, 0, 0, 0, 0, 0]"
1136,59.166.0.1,*,149.171.126.0,54867,*,*,*,"[0, 2, 0, 0, 0, 0, 0, 0, 0, 0, 0, 0, 0]"
1137,59.166.0.1,*,149.171.126.0,14987,*,*,*,"[0, 0, 2, 0, 0, 0, 0, 0, 0, 0, 0, 0, 0]"
1138,59.166.0.1,*,149.171.126.0,17751,*,*,*,"[0, 0, 2, 0, 0, 0, 0, 0, 0, 0, 0, 0, 0]"
1139,59.166.0.1,*,149.171.126.0,25409,*,*,*,"[0, 0, 3, 0, 0, 0, 0, 0, 0, 0, 0, 0, 0]"
1140,59.166.0.1,*,149.171.126.0,2869,*,*,*,"[0, 0, 2, 0, 0, 0, 0, 0, 0, 0, 0, 0, 0]"
1141,59.166.0.1,*,149.171.126.0,3208,*,*,*,"[0, 0, 3, 0, 0, 0, 0, 0, 0, 0, 0, 0, 0]"
1142,59.166.0.1,*,149.171.126.0,32547,*,*,*,"[0, 0, 3, 0, 0, 0, 0, 0, 0, 0, 0, 0, 0]"
1143,59.166.0.1,*,149.171.126.0,3398,*,*,*,"[0, 0, 2, 0, 0, 0, 0, 0, 0, 0, 0, 0, 0]"
1144,59.166.0.1,*,149.171.126.0,55012,*,*,*,"[0, 0, 2, 0, 0, 0, 0, 0, 0, 0, 0, 0, 0]"
1145,59.166.0.1,*,149.171.126.0,7644,*,*,*,"[0, 0, 2, 0, 0, 0, 0, 0, 0, 0, 0, 0, 0]"
1146,59.166.0.1,*,149.171.126.0,9620,*,*,*,"[0, 0, 2, 0, 0, 0, 0, 0, 0, 0, 0, 0, 0]"
1147,59.166.0.1,*,149.171.126.0,10589,*,*,*,"[0, 0, 0, 2, 0, 0, 0, 0, 0, 0, 0, 0, 0]"
1148,59.166.0.1,*,149.171.126.0,30906,*,*,*,"[0, 0, 0, 2, 0, 0, 0, 0, 0, 0, 0, 0, 0]"
1149,59.166.0.1,*,149.171.126.0,46019,*,*,*,"[0, 0, 0, 2, 0, 0, 0, 0, 0, 0, 0, 0, 0]"
1150,59.166.0.1,*,149.171.126.0,34073,*,*,*,"[0, 0, 0, 0, 3, 0, 0, 0, 0, 0, 0, 0, 0]"
1151,59.166.0.1,*,149.171.126.0,45633,*,*,*,"[0, 0, 0, 0, 3, 0, 0, 0, 0, 0, 0, 0, 0]"
1152,59.166.0.1,*,149.171.126.0,5491,*,*,*,"[0, 0, 0, 0, 3, 0, 0, 0, 0, 0, 0, 0, 0]"
1153,59.166.0.1,*,149.171.126.0,15489,*,*,*,"[0, 0, 0, 0, 0, 2, 0, 0, 0, 0, 0, 0, 0]"
1154,59.166.0.1,*,149.171.126.0,18292,*,*,*,"[0, 0, 0, 0, 0, 2, 0, 0, 0, 0, 0, 0, 0]"
1155,59.166.0.1,*,149.171.126.0,18741,*,*,*,"[0, 0, 0, 0, 0, 2, 0, 0, 0, 0, 0, 0, 0]"
1156,59.166.0.1,*,149.171.126.0,28875,*,*,*,"[0, 0, 0, 0, 0, 2, 0, 0, 0, 0, 0, 0, 0]"
1157,59.166.0.1,*,149.171.126.0,34138,*,*,*,"[0, 0, 0, 0, 0, 2, 0, 0, 0, 0, 0, 0, 0]"
1158,59.166.0.1,*,149.171.126.0,42523,*,*,*,"[0, 0, 0, 0, 0, 2, 0, 0, 0, 0, 0, 0, 0]"
1159,59.166.0.1,*,149.171.126.0,15398,*,*,*,"[0, 0, 0, 0, 0, 0, 3, 0, 0, 0, 0, 0, 0]"
1160,59.166.0.1,*,149.171.126.0,21049,*,*,*,"[0, 0, 0, 0, 0, 0, 2, 0, 0, 0, 0, 0, 0]"
1161,59.166.0.1,*,149.171.126.0,25349,*,*,*,"[0, 0, 0, 0, 0, 0, 2, 0, 0, 0, 0, 0, 0]"
1162,59.166.0.1,*,149.171.126.0,32328,*,*,*,"[0, 0, 0, 0, 0, 0, 3, 0, 0, 0, 0, 0, 0]"
1163,59.166.0.1,*,149.171.126.0,35856,*,*,*,"[0, 0, 0, 0, 0, 0, 2, 0, 0, 0, 0, 0, 0]"
1164,59.166.0.1,*,149.171.126.0,38225,*,*,*,"[0, 0, 0, 0, 0, 0, 2, 0, 0, 0, 0, 0, 0]"
1165,59.166.0.1,*,149.171.126.0,49483,*,*,*,"[0, 0, 0, 0, 0, 0, 2, 0, 0, 0, 0, 0, 0]"
1166,59.166.0.1,*,149.171.126.0,52431,*,*,*,"[0, 0, 0, 0, 0, 0, 2, 0, 0, 0, 0, 0, 0]"
1167,59.166.0.1,*,149.171.126.0,9851,*,*,*,"[0, 0, 0, 0, 0, 0, 3, 0, 0, 0, 0, 0, 0]"
1168,59.166.0.1,*,149.171.126.0,26416,*,*,*,"[0, 0, 0, 0, 0, 0, 0, 2, 0, 0, 0, 0, 0]"
1169,59.166.0.1,*,149.171.126.0,54484,*,*,*,"[0, 0, 0, 0, 0, 0, 0, 2, 0, 0, 0, 0, 0]"
1170,59.166.0.1,*,149.171.126.0,60641,*,*,*,"[0, 0, 0, 0, 0, 0, 0, 2, 0, 0, 0, 0, 0]"
1171,59.166.0.1,*,149.171.126.0,10198,*,*,*,"[0, 0, 0, 0, 0, 0, 0, 0, 3, 0, 0, 0, 0]"
1172,59.166.0.1,*,149.171.126.0,11460,*,*,*,"[0, 0, 0, 0, 0, 0, 0, 0, 2, 0, 0, 0, 0]"
1173,59.166.0.1,*,149.171.126.0,13455,*,*,*,"[0, 0, 0, 0, 0, 0, 0, 0, 3, 0, 0, 0, 0]"
1174,59.166.0.1,*,149.171.126.0,22627,*,*,*,"[0, 0, 0, 0, 0, 0, 0, 0, 2, 0, 0, 0, 0]"
1175,59.166.0.1,*,149.171.126.0,24196,*,*,*,"[0, 0, 0, 0, 0, 0, 0, 0, 3, 0, 0, 0, 0]"
1176,59.166.0.1,*,149.171.126.0,26631,*,*,*,"[0, 0, 0, 0, 0, 0, 0, 0, 2, 0, 0, 0, 0]"
1177,59.166.0.1,*,149.171.126.0,35231,*,*,*,"[0, 0, 0, 0, 0, 0, 0, 0, 3, 0, 0, 0, 0]"
1178,59.166.0.1,*,149.171.126.0,4212,*,*,*,"[0, 0, 0, 0, 0, 0, 0, 0, 2, 0, 0, 0, 0]"
1179,59.166.0.1,*,149.171.126.0,8998,*,*,*,"[0, 0, 0, 0, 0, 0, 0, 0, 2, 0, 0, 0, 0]"
1180,59.166.0.1,*,149.171.126.0,22432,*,*,*,"[0, 0, 0, 0, 0, 0, 0, 0, 0, 3, 0, 0, 0]"
1181,59.166.0.1,*,149.171.126.0,23937,*,*,*,"[0, 0, 0, 0, 0, 0, 0, 0, 0, 3, 0, 0, 0]"
1182,59.166.0.1,*,149.171.126.0,38936,*,*,*,"[0, 0, 0, 0, 0, 0, 0, 0, 0, 3, 0, 0, 0]"
1183,59.166.0.1,*,149.171.126.0,46326,*,*,*,"[0, 0, 0, 0, 0, 0, 0, 0, 0, 3, 0, 0, 0]"
1184,59.166.0.1,*,149.171.126.0,46967,*,*,*,"[0, 0, 0, 0, 0, 0, 0, 0, 0, 3, 0, 0, 0]"
1185,59.166.0.1,*,149.171.126.0,52561,*,*,*,"[0, 0, 0, 0, 0, 0, 0, 0, 0, 3, 0, 0, 0]"
1186,59.166.0.1,*,149.171.126.0,16120,*,*,*,"[0, 0, 0, 0, 0, 0, 0, 0, 0, 0, 3, 0, 0]"
1187,59.166.0.1,*,149.171.126.0,23815,*,*,*,"[0, 0, 0, 0, 0, 0, 0, 0, 0, 0, 2, 0, 0]"
1188,59.166.0.1,*,149.171.126.0,23898,*,*,*,"[0, 0, 0, 0, 0, 0, 0, 0, 0, 0, 2, 0, 0]"
1189,59.166.0.1,*,149.171.126.0,25885,*,*,*,"[0, 0, 0, 0, 0, 0, 0, 0, 0, 0, 2, 0, 0]"
1190,59.166.0.1,*,149.171.126.0,62120,*,*,*,"[0, 0, 0, 0, 0, 0, 0, 0, 0, 0, 3, 0, 0]"
1191,59.166.0.1,*,149.171.126.0,64158,*,*,*,"[0, 0, 0, 0, 0, 0, 0, 0, 0, 0, 3, 0, 0]"
1192,59.166.0.1,*,149.171.126.0,11513,*,*,*,"[0, 0, 0, 0, 0, 0, 0, 0, 0, 0, 0, 5, 0]"
1193,59.166.0.1,*,149.171.126.0,19056,*,*,*,"[0, 0, 0, 0, 0, 0, 0, 0, 0, 0, 0, 5, 0]"
1194,59.166.0.1,*,149.171.126.0,46593,*,*,*,"[0, 0, 0, 0, 0, 0, 0, 0, 0, 0, 0, 2, 0]"
1195,59.166.0.1,*,149.171.126.0,56614,*,*,*,"[0, 0, 0, 0, 0, 0, 0, 0, 0, 0, 0, 5, 0]"
1196,59.166.0.1,*,149.171.126.0,13839,*,*,*,"[0, 0, 0, 0, 0, 0, 0, 0, 0, 0, 0, 0, 3]"
1197,59.166.0.1,*,149.171.126.0,16398,*,*,*,"[0, 0, 0, 0, 0, 0, 0, 0, 0, 0, 0, 0, 2]"
1198,59.166.0.1,*,149.171.126.0,26866,*,*,*,"[0, 0, 0, 0, 0, 0, 0, 0, 0, 0, 0, 0, 3]"
1199,59.166.0.1,*,149.171.126.0,50688,*,*,*,"[0, 0, 0, 0, 0, 0, 0, 0, 0, 0, 0, 0, 3]"
1200,59.166.0.1,*,149.171.126.0,53740,*,*,*,"[0, 0, 0, 0, 0, 0, 0, 0, 0, 0, 0, 0, 2]"
1201,59.166.0.1,*,149.171.126.0,56959,*,*,*,"[0, 0, 0, 0, 0, 0, 0, 0, 0, 0, 0, 0, 2]"
1202,59.166.0.1,*,149.171.126.1,111,*,*,*,"[14, 17, 13, 13, 12, 12, 17, 10, 18, 16, 12, 9, 15]"
1203,59.166.0.1,*,149.171.126.1,11399,*,*,*,"[2, 0, 0, 0, 0, 0, 0, 0, 0, 0, 0, 0, 0]"
1204,59.166.0.1,*,149.171.126.1,143,*,*,*,"[9, 4, 8, 8, 7, 5, 7, 2, 8, 8, 5, 10, 3]"
1205,59.166.0.1,*,149.171.126.1,17087,*,*,*,"[3, 0, 0, 0, 0, 0, 0, 0, 0, 0, 0, 0, 0]"
1206,59.166.0.1,*,149.171.126.1,18023,*,*,*,"[2, 0, 0, 0, 0, 0, 0, 0, 0, 0, 0, 0, 0]"
1207,59.166.0.1,*,149.171.126.1,21,*,*,*,"[8, 7, 4, 3, 8, 8, 8, 9, 8, 8, 7, 6, 7]"
1208,59.166.0.1,*,149.171.126.1,22,*,*,*,"[4, 7, 8, 16, 7, 5, 2, 3, 3, 6, 6, 6, 7]"
1209,59.166.0.1,*,149.171.126.1,25,*,*,*,"[18, 13, 13, 10, 12, 10, 7, 11, 12, 16, 15, 13, 12]"
1210,59.166.0.1,*,149.171.126.1,26143,*,*,*,"[2, 0, 0, 0, 0, 0, 0, 0, 0, 0, 0, 0, 0]"
1211,59.166.0.1,*,149.171.126.1,32664,*,*,*,"[2, 0, 0, 0, 0, 0, 0, 0, 0, 0, 0, 0, 0]"
1212,59.166.0.1,*,149.171.126.1,45548,*,*,*,"[3, 0, 0, 0, 0, 0, 0, 0, 0, 0, 0, 0, 0]"
1213,59.166.0.1,*,149.171.126.1,4950,*,*,*,"[2, 0, 0, 0, 0, 0, 0, 0, 0, 0, 0, 0, 0]"
1214,59.166.0.1,*,149.171.126.1,5190,*,*,*,"[14, 28, 13, 12, 13, 15, 28, 13, 21, 23, 30, 19, 9]"
1215,59.166.0.1,*,149.171.126.1,52294,*,*,*,"[2, 0, 0, 0, 0, 0, 0, 0, 0, 0, 0, 0, 0]"
1216,59.166.0.1,*,149.171.126.1,52796,*,*,*,"[3, 0, 0, 0, 0, 0, 0, 0, 0, 0, 0, 0, 0]"
1217,59.166.0.1,*,149.171.126.1,53,*,*,*,"[49, 38, 66, 55, 49, 54, 40, 44, 66, 48, 51, 35, 65]"
1218,59.166.0.1,*,149.171.126.1,6881,*,*,*,"[24, 36, 12, 48, 6, 6, 48, 60, 0, 25, 6, 6, 48]"
1219,59.166.0.1,*,149.171.126.1,80,*,*,*,"[30, 18, 25, 28, 17, 21, 28, 25, 27, 23, 21, 24, 38]"
1220,59.166.0.1,*,149.171.126.1,13142,*,*,*,"[0, 2, 0, 0, 0, 0, 0, 0, 0, 0, 0, 0, 0]"
1221,59.166.0.1,*,149.171.126.1,15843,*,*,*,"[0, 2, 0, 0, 0, 0, 0, 0, 0, 0, 0, 0, 0]"
1222,59.166.0.1,*,149.171.126.1,27976,*,*,*,"[0, 2, 0, 0, 0, 0, 0, 0, 0, 0, 0, 0, 0]"
1223,59.166.0.1,*,149.171.126.1,3062,*,*,*,"[0, 2, 0, 0, 0, 0, 0, 0, 0, 0, 0, 0, 0]"
1224,59.166.0.1,*,149.171.126.1,34463,*,*,*,"[0, 2, 0, 0, 0, 0, 0, 0, 0, 0, 0, 0, 0]"
1225,59.166.0.1,*,149.171.126.1,35397,*,*,*,"[0, 2, 0, 0, 0, 0, 0, 0, 0, 0, 0, 0, 0]"
1226,59.166.0.1,*,149.171.126.1,38395,*,*,*,"[0, 2, 0, 0, 0, 0, 0, 0, 0, 0, 0, 0, 0]"
1227,59.166.0.1,*,149.171.126.1,49198,*,*,*,"[0, 2, 0, 0, 0, 0, 0, 0, 0, 0, 0, 0, 0]"
1228,59.166.0.1,*,149.171.126.1,54867,*,*,*,"[0, 2, 0, 0, 0, 0, 0, 0, 0, 0, 0, 0, 0]"
1229,59.166.0.1,*,149.171.126.1,30639,*,*,*,"[0, 0, 0, 2, 0, 0, 0, 0, 0, 0, 0, 0, 0]"
1230,59.166.0.1,*,149.171.126.1,57588,*,*,*,"[0, 0, 0, 2, 0, 0, 0, 0, 0, 0, 0, 0, 0]"
1231,59.166.0.1,*,149.171.126.1,58003,*,*,*,"[0, 0, 0, 2, 0, 0, 0, 0, 0, 0, 0, 0, 0]"
1232,59.166.0.1,*,149.171.126.1,12916,*,*,*,"[0, 0, 0, 0, 3, 0, 0, 0, 0, 0, 0, 0, 0]"
1233,59.166.0.1,*,149.171.126.1,29238,*,*,*,"[0, 0, 0, 0, 3, 0, 0, 0, 0, 0, 0, 0, 0]"
1234,59.166.0.1,*,149.171.126.1,33656,*,*,*,"[0, 0, 0, 0, 3, 0, 0, 0, 0, 0, 0, 0, 0]"
1235,59.166.0.1,*,149.171.126.1,15489,*,*,*,"[0, 0, 0, 0, 0, 2, 0, 0, 0, 0, 0, 0, 0]"
1236,59.166.0.1,*,149.171.126.1,18292,*,*,*,"[0, 0, 0, 0, 0, 2, 0, 0, 0, 0, 0, 0, 0]"
1237,59.166.0.1,*,149.171.126.1,18741,*,*,*,"[0, 0, 0, 0, 0, 2, 0, 0, 0, 0, 0, 0, 0]"
1238,59.166.0.1,*,149.171.126.1,22627,*,*,*,"[0, 0, 0, 0, 0, 0, 0, 0, 3, 0, 0, 0, 0]"
1239,59.166.0.1,*,149.171.126.1,28875,*,*,*,"[0, 0, 0, 0, 0, 2, 0, 0, 0, 0, 0, 0, 0]"
1240,59.166.0.1,*,149.171.126.1,34138,*,*,*,"[0, 0, 0, 0, 0, 2, 0, 0, 0, 0, 0, 0, 0]"
1241,59.166.0.1,*,149.171.126.1,42523,*,*,*,"[0, 0, 0, 0, 0, 2, 0, 0, 0, 0, 0, 0, 0]"
1242,59.166.0.1,*,149.171.126.1,43825,*,*,*,"[0, 0, 0, 0, 0, 2, 0, 0, 0, 0, 0, 0, 0]"
1243,59.166.0.1,*,149.171.126.1,50827,*,*,*,"[0, 0, 0, 0, 0, 2, 0, 0, 0, 0, 0, 0, 0]"
1244,59.166.0.1,*,149.171.126.1,60894,*,*,*,"[0, 0, 0, 0, 0, 2, 0, 0, 0, 0, 0, 0, 0]"
1245,59.166.0.1,*,149.171.126.1,15398,*,*,*,"[0, 0, 0, 0, 0, 0, 2, 0, 0, 0, 0, 0, 0]"
1246,59.166.0.1,*,149.171.126.1,17562,*,*,*,"[0, 0, 0, 0, 0, 0, 0, 3, 0, 0, 0, 0, 0]"
1247,59.166.0.1,*,149.171.126.1,21049,*,*,*,"[0, 0, 0, 0, 0, 0, 3, 0, 0, 0, 0, 0, 0]"
1248,59.166.0.1,*,149.171.126.1,32328,*,*,*,"[0, 0, 0, 0, 0, 0, 2, 0, 0, 0, 0, 0, 0]"
1249,59.166.0.1,*,149.171.126.1,35856,*,*,*,"[0, 0, 0, 0, 0, 0, 3, 0, 0, 0, 0, 0, 0]"
1250,59.166.0.1,*,149.171.126.1,49483,*,*,*,"[0, 0, 0, 0, 0, 0, 3, 0, 0, 0, 0, 0, 0]"
1251,59.166.0.1,*,149.171.126.1,58238,*,*,*,"[0, 0, 0, 0, 0, 0, 0, 3, 0, 0, 0, 0, 0]"
1252,59.166.0.1,*,149.171.126.1,63870,*,*,*,"[0, 0, 0, 0, 0, 0, 0, 3, 0, 0, 0, 0, 0]"
1253,59.166.0.1,*,149.171.126.1,9851,*,*,*,"[0, 0, 0, 0, 0, 0, 2, 0, 0, 0, 0, 0, 0]"
1254,59.166.0.1,*,149.171.126.1,13582,*,*,*,"[0, 0, 0, 0, 0, 0, 0, 2, 0, 0, 0, 0, 0]"
1255,59.166.0.1,*,149.171.126.1,26416,*,*,*,"[0, 0, 0, 0, 0, 0, 0, 2, 0, 0, 0, 0, 0]"
1256,59.166.0.1,*,149.171.126.1,54484,*,*,*,"[0, 0, 0, 0, 0, 0, 0, 2, 0, 0, 0, 0, 0]"
1257,59.166.0.1,*,149.171.126.1,60641,*,*,*,"[0, 0, 0, 0, 0, 0, 0, 2, 0, 0, 0, 0, 0]"
1258,59.166.0.1,*,149.171.126.1,65009,*,*,*,"[0, 0, 0, 0, 0, 0, 0, 2, 0, 0, 0, 0, 0]"
1259,59.166.0.1,*,149.171.126.1,36106,*,*,*,"[0, 0, 0, 0, 0, 0, 0, 0, 4, 0, 0, 0, 0]"
1260,59.166.0.1,*,149.171.126.1,37612,*,*,*,"[0, 0, 0, 0, 0, 0, 0, 0, 4, 0, 0, 0, 0]"
1261,59.166.0.1,*,149.171.126.1,4212,*,*,*,"[0, 0, 0, 0, 0, 0, 0, 0, 3, 0, 0, 0, 0]"
1262,59.166.0.1,*,149.171.126.1,56854,*,*,*,"[0, 0, 0, 0, 0, 0, 0, 0, 4, 0, 0, 0, 0]"
1263,59.166.0.1,*,149.171.126.1,8998,*,*,*,"[0, 0, 0, 0, 0, 0, 0, 0, 3, 0, 0, 0, 0]"
1264,59.166.0.1,*,149.171.126.1,22432,*,*,*,"[0, 0, 0, 0, 0, 0, 0, 0, 0, 4, 0, 0, 0]"
1265,59.166.0.1,*,149.171.126.1,46326,*,*,*,"[0, 0, 0, 0, 0, 0, 0, 0, 0, 4, 0, 0, 0]"
1266,59.166.0.1,*,149.171.126.1,46967,*,*,*,"[0, 0, 0, 0, 0, 0, 0, 0, 0, 4, 0, 0, 0]"
1267,59.166.0.1,*,149.171.126.1,62821,*,*,*,"[0, 0, 0, 0, 0, 0, 0, 0, 0, 3, 0, 0, 0]"
1268,59.166.0.1,*,149.171.126.1,63656,*,*,*,"[0, 0, 0, 0, 0, 0, 0, 0, 0, 3, 0, 0, 0]"
1269,59.166.0.1,*,149.171.126.1,65504,*,*,*,"[0, 0, 0, 0, 0, 0, 0, 0, 0, 3, 0, 0, 0]"
1270,59.166.0.1,*,149.171.126.1,23815,*,*,*,"[0, 0, 0, 0, 0, 0, 0, 0, 0, 0, 2, 0, 0]"
1271,59.166.0.1,*,149.171.126.1,23898,*,*,*,"[0, 0, 0, 0, 0, 0, 0, 0, 0, 0, 2, 0, 0]"
1272,59.166.0.1,*,149.171.126.1,25885,*,*,*,"[0, 0, 0, 0, 0, 0, 0, 0, 0, 0, 2, 0, 0]"
1273,59.166.0.1,*,149.171.126.1,13904,*,*,*,"[0, 0, 0, 0, 0, 0, 0, 0, 0, 0, 0, 3, 0]"
1274,59.166.0.1,*,149.171.126.1,41227,*,*,*,"[0, 0, 0, 0, 0, 0, 0, 0, 0, 0, 0, 2, 0]"
1275,59.166.0.1,*,149.171.126.1,55155,*,*,*,"[0, 0, 0, 0, 0, 0, 0, 0, 0, 0, 0, 3, 0]"
1276,59.166.0.1,*,149.171.126.1,56334,*,*,*,"[0, 0, 0, 0, 0, 0, 0, 0, 0, 0, 0, 3, 0]"
1277,59.166.0.1,*,149.171.126.1,63238,*,*,*,"[0, 0, 0, 0, 0, 0, 0, 0, 0, 0, 0, 2, 0]"
1278,59.166.0.1,*,149.171.126.1,6786,*,*,*,"[0, 0, 0, 0, 0, 0, 0, 0, 0, 0, 0, 2, 0]"
1279,59.166.0.1,*,149.171.126.1,13839,*,*,*,"[0, 0, 0, 0, 0, 0, 0, 0, 0, 0, 0, 0, 4]"
1280,59.166.0.1,*,149.171.126.1,26866,*,*,*,"[0, 0, 0, 0, 0, 0, 0, 0, 0, 0, 0, 0, 4]"
1281,59.166.0.1,*,149.171.126.1,50688,*,*,*,"[0, 0, 0, 0, 0, 0, 0, 0, 0, 0, 0, 0, 4]"
1282,59.166.0.1,*,149.171.126.2,111,*,*,*,"[16, 9, 12, 8, 17, 9, 6, 9, 15, 15, 14, 10, 10]"
1283,59.166.0.1,*,149.171.126.2,143,*,*,*,"[6, 6, 11, 4, 6, 11, 5, 8, 7, 3, 7, 10, 7]"
1284,59.166.0.1,*,149.171.126.2,17087,*,*,*,"[3, 0, 0, 0, 0, 0, 0, 0, 0, 0, 0, 0, 0]"
1285,59.166.0.1,*,149.171.126.2,21,*,*,*,"[6, 4, 2, 3, 4, 0, 11, 8, 3, 6, 3, 5, 4]"
1286,59.166.0.1,*,149.171.126.2,22,*,*,*,"[0, 8, 9, 17, 9, 9, 2, 0, 3, 6, 12, 7, 10]"
1287,59.166.0.1,*,149.171.126.2,25,*,*,*,"[12, 12, 9, 13, 22, 8, 7, 11, 16, 7, 11, 10, 12]"
1288,59.166.0.1,*,149.171.126.2,27934,*,*,*,"[2, 0, 0, 0, 0, 0, 0, 0, 0, 0, 0, 0, 0]"
1289,59.166.0.1,*,149.171.126.2,35719,*,*,*,"[2, 0, 0, 0, 0, 0, 0, 0, 0, 0, 0, 0, 0]"
1290,59.166.0.1,*,149.171.126.2,42130,*,*,*,"[2, 0, 0, 0, 0, 0, 0, 0, 0, 0, 0, 0, 0]"
1291,59.166.0.1,*,149.171.126.2,45548,*,*,*,"[3, 0, 0, 0, 0, 0, 0, 0, 0, 0, 0, 0, 0]"
1292,59.166.0.1,*,149.171.126.2,5190,*,*,*,"[21, 32, 17, 11, 13, 24, 22, 8, 18, 15, 11, 11, 19]"
1293,59.166.0.1,*,149.171.126.2,52796,*,*,*,"[3, 0, 0, 0, 0, 0, 0, 0, 0, 0, 0, 0, 0]"
1294,59.166.0.1,*,149.171.126.2,53,*,*,*,"[68, 56, 60, 62, 65, 59, 49, 47, 58, 43, 46, 57, 53]"
1295,59.166.0.1,*,149.171.126.2,6881,*,*,*,"[6, 6, 0, 44, 30, 24, 31, 49, 24, 0, 12, 6, 37]"
1296,59.166.0.1,*,149.171.126.2,80,*,*,*,"[30, 29, 22, 25, 25, 30, 27, 26, 22, 18, 28, 26, 19]"
1297,59.166.0.1,*,149.171.126.2,17751,*,*,*,"[0, 2, 0, 0, 0, 0, 0, 0, 0, 0, 0, 0, 0]"
1298,59.166.0.1,*,149.171.126.2,7644,*,*,*,"[0, 2, 0, 0, 0, 0, 0, 0, 0, 0, 0, 0, 0]"
1299,59.166.0.1,*,149.171.126.2,9620,*,*,*,"[0, 2, 0, 0, 0, 0, 0, 0, 0, 0, 0, 0, 0]"
1300,59.166.0.1,*,149.171.126.2,1397,*,*,*,"[0, 0, 0, 2, 0, 0, 0, 0, 0, 0, 0, 0, 0]"
1301,59.166.0.1,*,149.171.126.2,21831,*,*,*,"[0, 0, 0, 2, 0, 0, 0, 0, 0, 0, 0, 0, 0]"
1302,59.166.0.1,*,149.171.126.2,45133,*,*,*,"[0, 0, 0, 2, 0, 0, 0, 0, 0, 0, 0, 0, 0]"
1303,59.166.0.1,*,149.171.126.2,11821,*,*,*,"[0, 0, 0, 0, 2, 0, 0, 0, 0, 0, 0, 0, 0]"
1304,59.166.0.1,*,149.171.126.2,15171,*,*,*,"[0, 0, 0, 0, 2, 0, 0, 0, 0, 0, 0, 0, 0]"
1305,59.166.0.1,*,149.171.126.2,17268,*,*,*,"[0, 0, 0, 0, 2, 0, 0, 0, 0, 0, 0, 0, 0]"
1306,59.166.0.1,*,149.171.126.2,40725,*,*,*,"[0, 0, 0, 0, 2, 0, 0, 0, 0, 0, 0, 0, 0]"
1307,59.166.0.1,*,149.171.126.2,56243,*,*,*,"[0, 0, 0, 0, 2, 0, 0, 0, 0, 0, 0, 0, 0]"
1308,59.166.0.1,*,149.171.126.2,60335,*,*,*,"[0, 0, 0, 0, 2, 0, 0, 0, 0, 0, 0, 0, 0]"
1309,59.166.0.1,*,149.171.126.2,13839,*,*,*,"[0, 0, 0, 0, 0, 0, 0, 0, 0, 0, 0, 0, 2]"
1310,59.166.0.1,*,149.171.126.2,15398,*,*,*,"[0, 0, 0, 0, 0, 0, 3, 0, 0, 0, 0, 0, 0]"
1311,59.166.0.1,*,149.171.126.2,15419,*,*,*,"[0, 0, 0, 0, 0, 0, 2, 0, 0, 0, 0, 0, 0]"
1312,59.166.0.1,*,149.171.126.2,21049,*,*,*,"[0, 0, 0, 0, 0, 0, 3, 0, 0, 0, 0, 0, 0]"
1313,59.166.0.1,*,149.171.126.2,32328,*,*,*,"[0, 0, 0, 0, 0, 0, 3, 0, 0, 0, 0, 0, 0]"
1314,59.166.0.1,*,149.171.126.2,35856,*,*,*,"[0, 0, 0, 0, 0, 0, 3, 0, 0, 0, 0, 0, 0]"
1315,59.166.0.1,*,149.171.126.2,49483,*,*,*,"[0, 0, 0, 0, 0, 0, 3, 0, 0, 0, 0, 0, 0]"
1316,59.166.0.1,*,149.171.126.2,52639,*,*,*,"[0, 0, 0, 0, 0, 0, 2, 0, 0, 0, 0, 0, 0]"
1317,59.166.0.1,*,149.171.126.2,8051,*,*,*,"[0, 0, 0, 0, 0, 0, 2, 0, 0, 0, 0, 0, 0]"
1318,59.166.0.1,*,149.171.126.2,9851,*,*,*,"[0, 0, 0, 0, 0, 0, 3, 0, 0, 0, 0, 0, 0]"
1319,59.166.0.1,*,149.171.126.2,13582,*,*,*,"[0, 0, 0, 0, 0, 0, 0, 2, 0, 0, 0, 0, 0]"
1320,59.166.0.1,*,149.171.126.2,26416,*,*,*,"[0, 0, 0, 0, 0, 0, 0, 3, 0, 0, 0, 0, 0]"
1321,59.166.0.1,*,149.171.126.2,41643,*,*,*,"[0, 0, 0, 0, 0, 0, 0, 2, 0, 0, 0, 0, 0]"
1322,59.166.0.1,*,149.171.126.2,45637,*,*,*,"[0, 0, 0, 0, 0, 0, 0, 2, 0, 0, 0, 0, 0]"
1323,59.166.0.1,*,149.171.126.2,54484,*,*,*,"[0, 0, 0, 0, 0, 0, 0, 3, 0, 0, 0, 0, 0]"
1324,59.166.0.1,*,149.171.126.2,59699,*,*,*,"[0, 0, 0, 0, 0, 0, 0, 2, 0, 0, 0, 0, 0]"
1325,59.166.0.1,*,149.171.126.2,60641,*,*,*,"[0, 0, 0, 0, 0, 0, 0, 3, 0, 0, 0, 0, 0]"
1326,59.166.0.1,*,149.171.126.2,62964,*,*,*,"[0, 0, 0, 0, 0, 0, 0, 2, 0, 0, 0, 0, 0]"
1327,59.166.0.1,*,149.171.126.2,65009,*,*,*,"[0, 0, 0, 0, 0, 0, 0, 2, 0, 0, 0, 0, 0]"
1328,59.166.0.1,*,149.171.126.2,62821,*,*,*,"[0, 0, 0, 0, 0, 0, 0, 0, 0, 2, 0, 0, 0]"
1329,59.166.0.1,*,149.171.126.2,63656,*,*,*,"[0, 0, 0, 0, 0, 0, 0, 0, 0, 2, 0, 0, 0]"
1330,59.166.0.1,*,149.171.126.2,65504,*,*,*,"[0, 0, 0, 0, 0, 0, 0, 0, 0, 2, 0, 0, 0]"
1331,59.166.0.1,*,149.171.126.2,20919,*,*,*,"[0, 0, 0, 0, 0, 0, 0, 0, 0, 0, 0, 2, 0]"
1332,59.166.0.1,*,149.171.126.2,36239,*,*,*,"[0, 0, 0, 0, 0, 0, 0, 0, 0, 0, 0, 2, 0]"
1333,59.166.0.1,*,149.171.126.2,49502,*,*,*,"[0, 0, 0, 0, 0, 0, 0, 0, 0, 0, 0, 2, 0]"
1334,59.166.0.1,*,149.171.126.2,26866,*,*,*,"[0, 0, 0, 0, 0, 0, 0, 0, 0, 0, 0, 0, 2]"
1335,59.166.0.1,*,149.171.126.2,50688,*,*,*,"[0, 0, 0, 0, 0, 0, 0, 0, 0, 0, 0, 0, 2]"
1336,59.166.0.1,*,149.171.126.3,111,*,*,*,"[14, 18, 14, 12, 17, 15, 10, 9, 10, 15, 13, 21, 13]"
1337,59.166.0.1,*,149.171.126.3,143,*,*,*,"[6, 12, 7, 13, 4, 8, 9, 10, 12, 5, 6, 3, 5]"
1338,59.166.0.1,*,149.171.126.3,21,*,*,*,"[3, 8, 7, 8, 8, 8, 5, 2, 6, 8, 9, 7, 4]"
1339,59.166.0.1,*,149.171.126.3,22,*,*,*,"[7, 6, 8, 9, 10, 11, 5, 0, 10, 4, 4, 8, 10]"
1340,59.166.0.1,*,149.171.126.3,25,*,*,*,"[17, 11, 19, 8, 9, 8, 10, 12, 10, 16, 12, 15, 10]"
1341,59.166.0.1,*,149.171.126.3,5190,*,*,*,"[8, 36, 18, 15, 17, 18, 13, 9, 20, 13, 14, 8, 13]"
1342,59.166.0.1,*,149.171.126.3,53,*,*,*,"[56, 61, 55, 53, 55, 58, 38, 38, 43, 61, 51, 55, 44]"
1343,59.166.0.1,*,149.171.126.3,80,*,*,*,"[30, 29, 23, 31, 29, 28, 31, 23, 27, 32, 28, 16, 36]"
1344,59.166.0.1,*,149.171.126.3,43267,*,*,*,"[0, 2, 0, 0, 0, 0, 0, 0, 0, 0, 0, 0, 0]"
1345,59.166.0.1,*,149.171.126.3,57753,*,*,*,"[0, 2, 0, 0, 0, 0, 0, 0, 0, 0, 0, 0, 0]"
1346,59.166.0.1,*,149.171.126.3,61834,*,*,*,"[0, 2, 0, 0, 0, 0, 0, 0, 0, 0, 0, 0, 0]"
1347,59.166.0.1,*,149.171.126.3,6881,*,*,*,"[0, 18, 12, 25, 20, 18, 36, 37, 31, 6, 19, 18, 24]"
1348,59.166.0.1,*,149.171.126.3,7644,*,*,*,"[0, 0, 3, 0, 0, 0, 0, 0, 0, 0, 0, 0, 0]"
1349,59.166.0.1,*,149.171.126.3,14987,*,*,*,"[0, 0, 2, 0, 0, 0, 0, 0, 0, 0, 0, 0, 0]"
1350,59.166.0.1,*,149.171.126.3,17751,*,*,*,"[0, 0, 3, 0, 0, 0, 0, 0, 0, 0, 0, 0, 0]"
1351,59.166.0.1,*,149.171.126.3,2869,*,*,*,"[0, 0, 2, 0, 0, 0, 0, 0, 0, 0, 0, 0, 0]"
1352,59.166.0.1,*,149.171.126.3,3398,*,*,*,"[0, 0, 2, 0, 0, 0, 0, 0, 0, 0, 0, 0, 0]"
1353,59.166.0.1,*,149.171.126.3,9620,*,*,*,"[0, 0, 3, 0, 0, 0, 0, 0, 0, 0, 0, 0, 0]"
1354,59.166.0.1,*,149.171.126.3,1397,*,*,*,"[0, 0, 0, 4, 0, 0, 0, 0, 0, 0, 0, 0, 0]"
1355,59.166.0.1,*,149.171.126.3,21831,*,*,*,"[0, 0, 0, 4, 0, 0, 0, 0, 0, 0, 0, 0, 0]"
1356,59.166.0.1,*,149.171.126.3,30639,*,*,*,"[0, 0, 0, 3, 0, 0, 0, 0, 0, 0, 0, 0, 0]"
1357,59.166.0.1,*,149.171.126.3,45133,*,*,*,"[0, 0, 0, 4, 0, 0, 0, 0, 0, 0, 0, 0, 0]"
1358,59.166.0.1,*,149.171.126.3,57588,*,*,*,"[0, 0, 0, 3, 0, 0, 0, 0, 0, 0, 0, 0, 0]"
1359,59.166.0.1,*,149.171.126.3,58003,*,*,*,"[0, 0, 0, 3, 0, 0, 0, 0, 0, 0, 0, 0, 0]"
1360,59.166.0.1,*,149.171.126.3,12916,*,*,*,"[0, 0, 0, 0, 2, 0, 0, 0, 0, 0, 0, 0, 0]"
1361,59.166.0.1,*,149.171.126.3,26373,*,*,*,"[0, 0, 0, 0, 2, 0, 0, 0, 0, 0, 0, 0, 0]"
1362,59.166.0.1,*,149.171.126.3,29238,*,*,*,"[0, 0, 0, 0, 2, 0, 0, 0, 0, 0, 0, 0, 0]"
1363,59.166.0.1,*,149.171.126.3,33656,*,*,*,"[0, 0, 0, 0, 2, 0, 0, 0, 0, 0, 0, 0, 0]"
1364,59.166.0.1,*,149.171.126.3,34073,*,*,*,"[0, 0, 0, 0, 3, 0, 0, 0, 0, 0, 0, 0, 0]"
1365,59.166.0.1,*,149.171.126.3,40239,*,*,*,"[0, 0, 0, 0, 2, 0, 0, 0, 0, 0, 0, 0, 0]"
1366,59.166.0.1,*,149.171.126.3,45633,*,*,*,"[0, 0, 0, 0, 3, 0, 0, 0, 0, 0, 0, 0, 0]"
1367,59.166.0.1,*,149.171.126.3,5491,*,*,*,"[0, 0, 0, 0, 3, 0, 0, 0, 0, 0, 0, 0, 0]"
1368,59.166.0.1,*,149.171.126.3,6517,*,*,*,"[0, 0, 0, 0, 2, 0, 0, 0, 0, 0, 0, 0, 0]"
1369,59.166.0.1,*,149.171.126.3,18292,*,*,*,"[0, 0, 0, 0, 0, 2, 0, 0, 0, 0, 0, 0, 0]"
1370,59.166.0.1,*,149.171.126.3,18741,*,*,*,"[0, 0, 0, 0, 0, 2, 0, 0, 0, 0, 0, 0, 0]"
1371,59.166.0.1,*,149.171.126.3,25349,*,*,*,"[0, 0, 0, 0, 0, 3, 0, 0, 0, 0, 0, 0, 0]"
1372,59.166.0.1,*,149.171.126.3,28875,*,*,*,"[0, 0, 0, 0, 0, 2, 0, 0, 0, 0, 0, 0, 0]"
1373,59.166.0.1,*,149.171.126.3,38225,*,*,*,"[0, 0, 0, 0, 0, 3, 0, 0, 0, 0, 0, 0, 0]"
1374,59.166.0.1,*,149.171.126.3,43825,*,*,*,"[0, 0, 0, 0, 0, 2, 0, 0, 0, 0, 0, 0, 0]"
1375,59.166.0.1,*,149.171.126.3,50827,*,*,*,"[0, 0, 0, 0, 0, 2, 0, 0, 0, 0, 0, 0, 0]"
1376,59.166.0.1,*,149.171.126.3,51394,*,*,*,"[0, 0, 0, 0, 0, 2, 0, 0, 0, 0, 0, 0, 0]"
1377,59.166.0.1,*,149.171.126.3,52431,*,*,*,"[0, 0, 0, 0, 0, 3, 0, 0, 0, 0, 0, 0, 0]"
1378,59.166.0.1,*,149.171.126.3,60894,*,*,*,"[0, 0, 0, 0, 0, 2, 0, 0, 0, 0, 0, 0, 0]"
1379,59.166.0.1,*,149.171.126.3,15419,*,*,*,"[0, 0, 0, 0, 0, 0, 2, 0, 0, 0, 0, 0, 0]"
1380,59.166.0.1,*,149.171.126.3,52639,*,*,*,"[0, 0, 0, 0, 0, 0, 2, 0, 0, 0, 0, 0, 0]"
1381,59.166.0.1,*,149.171.126.3,8051,*,*,*,"[0, 0, 0, 0, 0, 0, 2, 0, 0, 0, 0, 0, 0]"
1382,59.166.0.1,*,149.171.126.3,10198,*,*,*,"[0, 0, 0, 0, 0, 0, 0, 0, 2, 0, 0, 0, 0]"
1383,59.166.0.1,*,149.171.126.3,11460,*,*,*,"[0, 0, 0, 0, 0, 0, 0, 0, 2, 0, 0, 0, 0]"
1384,59.166.0.1,*,149.171.126.3,13455,*,*,*,"[0, 0, 0, 0, 0, 0, 0, 0, 2, 0, 0, 0, 0]"
1385,59.166.0.1,*,149.171.126.3,24196,*,*,*,"[0, 0, 0, 0, 0, 0, 0, 0, 2, 0, 0, 0, 0]"
1386,59.166.0.1,*,149.171.126.3,26631,*,*,*,"[0, 0, 0, 0, 0, 0, 0, 0, 2, 0, 0, 0, 0]"
1387,59.166.0.1,*,149.171.126.3,35231,*,*,*,"[0, 0, 0, 0, 0, 0, 0, 0, 2, 0, 0, 0, 0]"
1388,59.166.0.1,*,149.171.126.3,1906,*,*,*,"[0, 0, 0, 0, 0, 0, 0, 0, 0, 2, 0, 0, 0]"
1389,59.166.0.1,*,149.171.126.3,23937,*,*,*,"[0, 0, 0, 0, 0, 0, 0, 0, 0, 2, 0, 0, 0]"
1390,59.166.0.1,*,149.171.126.3,3038,*,*,*,"[0, 0, 0, 0, 0, 0, 0, 0, 0, 2, 0, 0, 0]"
1391,59.166.0.1,*,149.171.126.3,38936,*,*,*,"[0, 0, 0, 0, 0, 0, 0, 0, 0, 2, 0, 0, 0]"
1392,59.166.0.1,*,149.171.126.3,52561,*,*,*,"[0, 0, 0, 0, 0, 0, 0, 0, 0, 2, 0, 0, 0]"
1393,59.166.0.1,*,149.171.126.3,54587,*,*,*,"[0, 0, 0, 0, 0, 0, 0, 0, 0, 2, 0, 0, 0]"
1394,59.166.0.1,*,149.171.126.3,62821,*,*,*,"[0, 0, 0, 0, 0, 0, 0, 0, 0, 2, 0, 0, 0]"
1395,59.166.0.1,*,149.171.126.3,63656,*,*,*,"[0, 0, 0, 0, 0, 0, 0, 0, 0, 2, 0, 0, 0]"
1396,59.166.0.1,*,149.171.126.3,65504,*,*,*,"[0, 0, 0, 0, 0, 0, 0, 0, 0, 2, 0, 0, 0]"
1397,59.166.0.1,*,149.171.126.3,13761,*,*,*,"[0, 0, 0, 0, 0, 0, 0, 0, 0, 0, 3, 0, 0]"
1398,59.166.0.1,*,149.171.126.3,23815,*,*,*,"[0, 0, 0, 0, 0, 0, 0, 0, 0, 0, 2, 0, 0]"
1399,59.166.0.1,*,149.171.126.3,23898,*,*,*,"[0, 0, 0, 0, 0, 0, 0, 0, 0, 0, 2, 0, 0]"
1400,59.166.0.1,*,149.171.126.3,25885,*,*,*,"[0, 0, 0, 0, 0, 0, 0, 0, 0, 0, 2, 0, 0]"
1401,59.166.0.1,*,149.171.126.3,31484,*,*,*,"[0, 0, 0, 0, 0, 0, 0, 0, 0, 0, 3, 0, 0]"
1402,59.166.0.1,*,149.171.126.3,32991,*,*,*,"[0, 0, 0, 0, 0, 0, 0, 0, 0, 0, 3, 0, 0]"
1403,59.166.0.1,*,149.171.126.3,38033,*,*,*,"[0, 0, 0, 0, 0, 0, 0, 0, 0, 0, 3, 0, 0]"
1404,59.166.0.1,*,149.171.126.3,49991,*,*,*,"[0, 0, 0, 0, 0, 0, 0, 0, 0, 0, 3, 0, 0]"
1405,59.166.0.1,*,149.171.126.3,57668,*,*,*,"[0, 0, 0, 0, 0, 0, 0, 0, 0, 0, 3, 0, 0]"
1406,59.166.0.1,*,149.171.126.3,14575,*,*,*,"[0, 0, 0, 0, 0, 0, 0, 0, 0, 0, 0, 2, 0]"
1407,59.166.0.1,*,149.171.126.3,18583,*,*,*,"[0, 0, 0, 0, 0, 0, 0, 0, 0, 0, 0, 2, 0]"
1408,59.166.0.1,*,149.171.126.3,20919,*,*,*,"[0, 0, 0, 0, 0, 0, 0, 0, 0, 0, 0, 2, 0]"
1409,59.166.0.1,*,149.171.126.3,25974,*,*,*,"[0, 0, 0, 0, 0, 0, 0, 0, 0, 0, 0, 2, 0]"
1410,59.166.0.1,*,149.171.126.3,36239,*,*,*,"[0, 0, 0, 0, 0, 0, 0, 0, 0, 0, 0, 2, 0]"
1411,59.166.0.1,*,149.171.126.3,36781,*,*,*,"[0, 0, 0, 0, 0, 0, 0, 0, 0, 0, 0, 2, 0]"
1412,59.166.0.1,*,149.171.126.3,45717,*,*,*,"[0, 0, 0, 0, 0, 0, 0, 0, 0, 0, 0, 2, 0]"
1413,59.166.0.1,*,149.171.126.3,49502,*,*,*,"[0, 0, 0, 0, 0, 0, 0, 0, 0, 0, 0, 2, 0]"
1414,59.166.0.1,*,149.171.126.3,56852,*,*,*,"[0, 0, 0, 0, 0, 0, 0, 0, 0, 0, 0, 2, 0]"
1415,59.166.0.1,*,149.171.126.3,13839,*,*,*,"[0, 0, 0, 0, 0, 0, 0, 0, 0, 0, 0, 0, 2]"
1416,59.166.0.1,*,149.171.126.3,14642,*,*,*,"[0, 0, 0, 0, 0, 0, 0, 0, 0, 0, 0, 0, 2]"
1417,59.166.0.1,*,149.171.126.3,26866,*,*,*,"[0, 0, 0, 0, 0, 0, 0, 0, 0, 0, 0, 0, 2]"
1418,59.166.0.1,*,149.171.126.3,50688,*,*,*,"[0, 0, 0, 0, 0, 0, 0, 0, 0, 0, 0, 0, 2]"
1419,59.166.0.1,*,149.171.126.4,111,*,*,*,"[16, 9, 7, 19, 7, 12, 11, 13, 10, 15, 4, 10, 13]"
1420,59.166.0.1,*,149.171.126.4,143,*,*,*,"[17, 9, 9, 3, 9, 7, 3, 3, 5, 8, 14, 4, 7]"
1421,59.166.0.1,*,149.171.126.4,18023,*,*,*,"[2, 0, 0, 0, 0, 0, 0, 0, 0, 0, 0, 0, 0]"
1422,59.166.0.1,*,149.171.126.4,21,*,*,*,"[7, 7, 6, 8, 8, 4, 6, 3, 7, 5, 0, 7, 7]"
1423,59.166.0.1,*,149.171.126.4,22,*,*,*,"[2, 8, 9, 13, 9, 7, 3, 0, 5, 6, 9, 9, 5]"
1424,59.166.0.1,*,149.171.126.4,25,*,*,*,"[16, 18, 14, 14, 13, 18, 7, 6, 15, 12, 10, 14, 7]"
1425,59.166.0.1,*,149.171.126.4,27934,*,*,*,"[2, 0, 0, 0, 0, 0, 0, 0, 0, 0, 0, 0, 0]"
1426,59.166.0.1,*,149.171.126.4,32664,*,*,*,"[2, 0, 0, 0, 0, 0, 0, 0, 0, 0, 0, 0, 0]"
1427,59.166.0.1,*,149.171.126.4,35719,*,*,*,"[2, 0, 0, 0, 0, 0, 0, 0, 0, 0, 0, 0, 0]"
1428,59.166.0.1,*,149.171.126.4,42130,*,*,*,"[2, 0, 0, 0, 0, 0, 0, 0, 0, 0, 0, 0, 0]"
1429,59.166.0.1,*,149.171.126.4,4950,*,*,*,"[2, 0, 0, 0, 0, 0, 0, 0, 0, 0, 0, 0, 0]"
1430,59.166.0.1,*,149.171.126.4,5190,*,*,*,"[15, 19, 22, 17, 14, 19, 29, 17, 21, 17, 12, 12, 17]"
1431,59.166.0.1,*,149.171.126.4,53,*,*,*,"[61, 58, 49, 61, 55, 57, 54, 50, 60, 56, 43, 49, 46]"
1432,59.166.0.1,*,149.171.126.4,6881,*,*,*,"[6, 6, 6, 37, 12, 12, 42, 42, 6, 12, 12, 24, 24]"
1433,59.166.0.1,*,149.171.126.4,80,*,*,*,"[37, 27, 26, 29, 22, 31, 26, 19, 33, 22, 29, 20, 30]"
1434,59.166.0.1,*,149.171.126.4,15843,*,*,*,"[0, 3, 0, 0, 0, 0, 0, 0, 0, 0, 0, 0, 0]"
1435,59.166.0.1,*,149.171.126.4,49198,*,*,*,"[0, 3, 0, 0, 0, 0, 0, 0, 0, 0, 0, 0, 0]"
1436,59.166.0.1,*,149.171.126.4,54867,*,*,*,"[0, 3, 0, 0, 0, 0, 0, 0, 0, 0, 0, 0, 0]"
1437,59.166.0.1,*,149.171.126.4,1254,*,*,*,"[0, 0, 2, 0, 0, 0, 0, 0, 0, 0, 0, 0, 0]"
1438,59.166.0.1,*,149.171.126.4,26927,*,*,*,"[0, 0, 2, 0, 0, 0, 0, 0, 0, 0, 0, 0, 0]"
1439,59.166.0.1,*,149.171.126.4,34154,*,*,*,"[0, 0, 2, 0, 0, 0, 0, 0, 0, 0, 0, 0, 0]"
1440,59.166.0.1,*,149.171.126.4,34484,*,*,*,"[0, 0, 2, 0, 0, 0, 0, 0, 0, 0, 0, 0, 0]"
1441,59.166.0.1,*,149.171.126.4,60997,*,*,*,"[0, 0, 2, 0, 0, 0, 0, 0, 0, 0, 0, 0, 0]"
1442,59.166.0.1,*,149.171.126.4,61745,*,*,*,"[0, 0, 2, 0, 0, 0, 0, 0, 0, 0, 0, 0, 0]"
1443,59.166.0.1,*,149.171.126.4,1397,*,*,*,"[0, 0, 0, 5, 0, 0, 0, 0, 0, 0, 0, 0, 0]"
1444,59.166.0.1,*,149.171.126.4,21831,*,*,*,"[0, 0, 0, 5, 0, 0, 0, 0, 0, 0, 0, 0, 0]"
1445,59.166.0.1,*,149.171.126.4,35168,*,*,*,"[0, 0, 0, 2, 0, 0, 0, 0, 0, 0, 0, 0, 0]"
1446,59.166.0.1,*,149.171.126.4,45133,*,*,*,"[0, 0, 0, 5, 0, 0, 0, 0, 0, 0, 0, 0, 0]"
1447,59.166.0.1,*,149.171.126.4,12916,*,*,*,"[0, 0, 0, 0, 3, 0, 0, 0, 0, 0, 0, 0, 0]"
1448,59.166.0.1,*,149.171.126.4,29238,*,*,*,"[0, 0, 0, 0, 3, 0, 0, 0, 0, 0, 0, 0, 0]"
1449,59.166.0.1,*,149.171.126.4,33656,*,*,*,"[0, 0, 0, 0, 3, 0, 0, 0, 0, 0, 0, 0, 0]"
1450,59.166.0.1,*,149.171.126.4,34073,*,*,*,"[0, 0, 0, 0, 2, 0, 0, 0, 0, 0, 0, 0, 0]"
1451,59.166.0.1,*,149.171.126.4,36222,*,*,*,"[0, 0, 0, 0, 2, 0, 0, 0, 0, 0, 0, 0, 0]"
1452,59.166.0.1,*,149.171.126.4,45633,*,*,*,"[0, 0, 0, 0, 2, 0, 0, 0, 0, 0, 0, 0, 0]"
1453,59.166.0.1,*,149.171.126.4,5131,*,*,*,"[0, 0, 0, 0, 2, 0, 0, 0, 0, 0, 0, 0, 0]"
1454,59.166.0.1,*,149.171.126.4,5491,*,*,*,"[0, 0, 0, 0, 2, 0, 0, 0, 0, 0, 0, 0, 0]"
1455,59.166.0.1,*,149.171.126.4,56995,*,*,*,"[0, 0, 0, 0, 2, 0, 0, 0, 0, 0, 0, 0, 0]"
1456,59.166.0.1,*,149.171.126.4,18292,*,*,*,"[0, 0, 0, 0, 0, 2, 0, 0, 0, 0, 0, 0, 0]"
1457,59.166.0.1,*,149.171.126.4,18741,*,*,*,"[0, 0, 0, 0, 0, 2, 0, 0, 0, 0, 0, 0, 0]"
1458,59.166.0.1,*,149.171.126.4,28875,*,*,*,"[0, 0, 0, 0, 0, 2, 0, 0, 0, 0, 0, 0, 0]"
1459,59.166.0.1,*,149.171.126.4,21049,*,*,*,"[0, 0, 0, 0, 0, 0, 2, 0, 0, 0, 0, 0, 0]"
1460,59.166.0.1,*,149.171.126.4,31861,*,*,*,"[0, 0, 0, 0, 0, 0, 2, 0, 0, 0, 0, 0, 0]"
1461,59.166.0.1,*,149.171.126.4,35856,*,*,*,"[0, 0, 0, 0, 0, 0, 2, 0, 0, 0, 0, 0, 0]"
1462,59.166.0.1,*,149.171.126.4,44463,*,*,*,"[0, 0, 0, 0, 0, 0, 2, 0, 0, 0, 0, 0, 0]"
1463,59.166.0.1,*,149.171.126.4,46556,*,*,*,"[0, 0, 0, 0, 0, 0, 2, 0, 0, 0, 0, 0, 0]"
1464,59.166.0.1,*,149.171.126.4,49483,*,*,*,"[0, 0, 0, 0, 0, 0, 2, 0, 0, 0, 0, 0, 0]"
1465,59.166.0.1,*,149.171.126.4,13582,*,*,*,"[0, 0, 0, 0, 0, 0, 0, 2, 0, 0, 0, 0, 0]"
1466,59.166.0.1,*,149.171.126.4,62964,*,*,*,"[0, 0, 0, 0, 0, 0, 0, 2, 0, 0, 0, 0, 0]"
1467,59.166.0.1,*,149.171.126.4,65009,*,*,*,"[0, 0, 0, 0, 0, 0, 0, 2, 0, 0, 0, 0, 0]"
1468,59.166.0.1,*,149.171.126.4,10198,*,*,*,"[0, 0, 0, 0, 0, 0, 0, 0, 2, 0, 0, 0, 0]"
1469,59.166.0.1,*,149.171.126.4,22627,*,*,*,"[0, 0, 0, 0, 0, 0, 0, 0, 2, 0, 0, 0, 0]"
1470,59.166.0.1,*,149.171.126.4,24196,*,*,*,"[0, 0, 0, 0, 0, 0, 0, 0, 2, 0, 0, 0, 0]"
1471,59.166.0.1,*,149.171.126.4,35231,*,*,*,"[0, 0, 0, 0, 0, 0, 0, 0, 2, 0, 0, 0, 0]"
1472,59.166.0.1,*,149.171.126.4,41643,*,*,*,"[0, 0, 0, 0, 0, 0, 0, 0, 2, 0, 0, 0, 0]"
1473,59.166.0.1,*,149.171.126.4,4212,*,*,*,"[0, 0, 0, 0, 0, 0, 0, 0, 2, 0, 0, 0, 0]"
1474,59.166.0.1,*,149.171.126.4,45637,*,*,*,"[0, 0, 0, 0, 0, 0, 0, 0, 2, 0, 0, 0, 0]"
1475,59.166.0.1,*,149.171.126.4,59699,*,*,*,"[0, 0, 0, 0, 0, 0, 0, 0, 2, 0, 0, 0, 0]"
1476,59.166.0.1,*,149.171.126.4,8998,*,*,*,"[0, 0, 0, 0, 0, 0, 0, 0, 2, 0, 0, 0, 0]"
1477,59.166.0.1,*,149.171.126.4,22432,*,*,*,"[0, 0, 0, 0, 0, 0, 0, 0, 0, 3, 0, 0, 0]"
1478,59.166.0.1,*,149.171.126.4,46326,*,*,*,"[0, 0, 0, 0, 0, 0, 0, 0, 0, 3, 0, 0, 0]"
1479,59.166.0.1,*,149.171.126.4,46967,*,*,*,"[0, 0, 0, 0, 0, 0, 0, 0, 0, 3, 0, 0, 0]"
1480,59.166.0.1,*,149.171.126.4,11513,*,*,*,"[0, 0, 0, 0, 0, 0, 0, 0, 0, 0, 0, 4, 0]"
1481,59.166.0.1,*,149.171.126.4,19056,*,*,*,"[0, 0, 0, 0, 0, 0, 0, 0, 0, 0, 0, 4, 0]"
1482,59.166.0.1,*,149.171.126.4,41227,*,*,*,"[0, 0, 0, 0, 0, 0, 0, 0, 0, 0, 0, 2, 0]"
1483,59.166.0.1,*,149.171.126.4,56614,*,*,*,"[0, 0, 0, 0, 0, 0, 0, 0, 0, 0, 0, 4, 0]"
1484,59.166.0.1,*,149.171.126.4,63238,*,*,*,"[0, 0, 0, 0, 0, 0, 0, 0, 0, 0, 0, 2, 0]"
1485,59.166.0.1,*,149.171.126.4,6786,*,*,*,"[0, 0, 0, 0, 0, 0, 0, 0, 0, 0, 0, 2, 0]"
1486,59.166.0.1,*,149.171.126.4,10394,*,*,*,"[0, 0, 0, 0, 0, 0, 0, 0, 0, 0, 0, 0, 3]"
1487,59.166.0.1,*,149.171.126.4,16398,*,*,*,"[0, 0, 0, 0, 0, 0, 0, 0, 0, 0, 0, 0, 2]"
1488,59.166.0.1,*,149.171.126.4,19518,*,*,*,"[0, 0, 0, 0, 0, 0, 0, 0, 0, 0, 0, 0, 3]"
1489,59.166.0.1,*,149.171.126.4,32528,*,*,*,"[0, 0, 0, 0, 0, 0, 0, 0, 0, 0, 0, 0, 3]"
1490,59.166.0.1,*,149.171.126.4,53740,*,*,*,"[0, 0, 0, 0, 0, 0, 0, 0, 0, 0, 0, 0, 2]"
1491,59.166.0.1,*,149.171.126.4,56959,*,*,*,"[0, 0, 0, 0, 0, 0, 0, 0, 0, 0, 0, 0, 2]"
1492,59.166.0.1,*,149.171.126.5,111,*,*,*,"[12, 12, 14, 14, 15, 10, 13, 8, 20, 10, 12, 10, 13]"
1493,59.166.0.1,*,149.171.126.5,11399,*,*,*,"[2, 0, 0, 0, 0, 0, 0, 0, 0, 0, 0, 0, 0]"
1494,59.166.0.1,*,149.171.126.5,143,*,*,*,"[8, 5, 11, 4, 9, 4, 5, 5, 4, 7, 8, 3, 9]"
1495,59.166.0.1,*,149.171.126.5,21,*,*,*,"[6, 4, 13, 4, 9, 10, 5, 4, 2, 5, 6, 8, 8]"
1496,59.166.0.1,*,149.171.126.5,22,*,*,*,"[4, 7, 9, 14, 9, 10, 5, 3, 4, 6, 7, 10, 12]"
1497,59.166.0.1,*,149.171.126.5,25,*,*,*,"[12, 12, 18, 16, 5, 11, 11, 7, 12, 13, 10, 9, 11]"
1498,59.166.0.1,*,149.171.126.5,26143,*,*,*,"[2, 0, 0, 0, 0, 0, 0, 0, 0, 0, 0, 0, 0]"
1499,59.166.0.1,*,149.171.126.5,5190,*,*,*,"[15, 31, 11, 11, 5, 24, 25, 17, 25, 21, 15, 16, 19]"
1500,59.166.0.1,*,149.171.126.5,52294,*,*,*,"[2, 0, 0, 0, 0, 0, 0, 0, 0, 0, 0, 0, 0]"
1501,59.166.0.1,*,149.171.126.5,53,*,*,*,"[55, 52, 43, 45, 44, 50, 59, 42, 57, 55, 64, 57, 51]"
1502,59.166.0.1,*,149.171.126.5,6881,*,*,*,"[12, 24, 12, 43, 19, 30, 49, 54, 30, 6, 0, 18, 42]"
1503,59.166.0.1,*,149.171.126.5,80,*,*,*,"[32, 23, 23, 25, 25, 18, 36, 27, 26, 22, 22, 23, 37]"
1504,59.166.0.1,*,149.171.126.5,17751,*,*,*,"[0, 0, 2, 0, 0, 0, 0, 0, 0, 0, 0, 0, 0]"
1505,59.166.0.1,*,149.171.126.5,43267,*,*,*,"[0, 2, 0, 0, 0, 0, 0, 0, 0, 0, 0, 0, 0]"
1506,59.166.0.1,*,149.171.126.5,57753,*,*,*,"[0, 2, 0, 0, 0, 0, 0, 0, 0, 0, 0, 0, 0]"
1507,59.166.0.1,*,149.171.126.5,61834,*,*,*,"[0, 2, 0, 0, 0, 0, 0, 0, 0, 0, 0, 0, 0]"
1508,59.166.0.1,*,149.171.126.5,7644,*,*,*,"[0, 0, 2, 0, 0, 0, 0, 0, 0, 0, 0, 0, 0]"
1509,59.166.0.1,*,149.171.126.5,9620,*,*,*,"[0, 0, 2, 0, 0, 0, 0, 0, 0, 0, 0, 0, 0]"
1510,59.166.0.1,*,149.171.126.5,13142,*,*,*,"[0, 0, 3, 0, 0, 0, 0, 0, 0, 0, 0, 0, 0]"
1511,59.166.0.1,*,149.171.126.5,14987,*,*,*,"[0, 0, 2, 0, 0, 0, 0, 0, 0, 0, 0, 0, 0]"
1512,59.166.0.1,*,149.171.126.5,27976,*,*,*,"[0, 0, 3, 0, 0, 0, 0, 0, 0, 0, 0, 0, 0]"
1513,59.166.0.1,*,149.171.126.5,2869,*,*,*,"[0, 0, 2, 0, 0, 0, 0, 0, 0, 0, 0, 0, 0]"
1514,59.166.0.1,*,149.171.126.5,30639,*,*,*,"[0, 0, 3, 0, 0, 0, 0, 0, 0, 0, 0, 0, 0]"
1515,59.166.0.1,*,149.171.126.5,3398,*,*,*,"[0, 0, 2, 0, 0, 0, 0, 0, 0, 0, 0, 0, 0]"
1516,59.166.0.1,*,149.171.126.5,35397,*,*,*,"[0, 0, 3, 0, 0, 0, 0, 0, 0, 0, 0, 0, 0]"
1517,59.166.0.1,*,149.171.126.5,57588,*,*,*,"[0, 0, 3, 0, 0, 0, 0, 0, 0, 0, 0, 0, 0]"
1518,59.166.0.1,*,149.171.126.5,58003,*,*,*,"[0, 0, 3, 0, 0, 0, 0, 0, 0, 0, 0, 0, 0]"
1519,59.166.0.1,*,149.171.126.5,1397,*,*,*,"[0, 0, 0, 2, 0, 0, 0, 0, 0, 0, 0, 0, 0]"
1520,59.166.0.1,*,149.171.126.5,21831,*,*,*,"[0, 0, 0, 2, 0, 0, 0, 0, 0, 0, 0, 0, 0]"
1521,59.166.0.1,*,149.171.126.5,45133,*,*,*,"[0, 0, 0, 2, 0, 0, 0, 0, 0, 0, 0, 0, 0]"
1522,59.166.0.1,*,149.171.126.5,12319,*,*,*,"[0, 0, 0, 0, 0, 2, 0, 0, 0, 0, 0, 0, 0]"
1523,59.166.0.1,*,149.171.126.5,12916,*,*,*,"[0, 0, 0, 0, 2, 0, 0, 0, 0, 0, 0, 0, 0]"
1524,59.166.0.1,*,149.171.126.5,24550,*,*,*,"[0, 0, 0, 0, 0, 2, 0, 0, 0, 0, 0, 0, 0]"
1525,59.166.0.1,*,149.171.126.5,26373,*,*,*,"[0, 0, 0, 0, 3, 4, 0, 0, 0, 0, 0, 0, 0]"
1526,59.166.0.1,*,149.171.126.5,29238,*,*,*,"[0, 0, 0, 0, 2, 0, 0, 0, 0, 0, 0, 0, 0]"
1527,59.166.0.1,*,149.171.126.5,33656,*,*,*,"[0, 0, 0, 0, 2, 0, 0, 0, 0, 0, 0, 0, 0]"
1528,59.166.0.1,*,149.171.126.5,40239,*,*,*,"[0, 0, 0, 0, 3, 3, 0, 0, 0, 0, 0, 0, 0]"
1529,59.166.0.1,*,149.171.126.5,42265,*,*,*,"[0, 0, 0, 0, 0, 2, 0, 0, 0, 0, 0, 0, 0]"
1530,59.166.0.1,*,149.171.126.5,6517,*,*,*,"[0, 0, 0, 0, 3, 3, 0, 0, 0, 0, 0, 0, 0]"
1531,59.166.0.1,*,149.171.126.5,18292,*,*,*,"[0, 0, 0, 0, 0, 2, 0, 0, 0, 0, 0, 0, 0]"
1532,59.166.0.1,*,149.171.126.5,18741,*,*,*,"[0, 0, 0, 0, 0, 2, 0, 0, 0, 0, 0, 0, 0]"
1533,59.166.0.1,*,149.171.126.5,25349,*,*,*,"[0, 0, 0, 0, 0, 2, 0, 0, 0, 0, 0, 0, 0]"
1534,59.166.0.1,*,149.171.126.5,28875,*,*,*,"[0, 0, 0, 0, 0, 2, 0, 0, 0, 0, 0, 0, 0]"
1535,59.166.0.1,*,149.171.126.5,38225,*,*,*,"[0, 0, 0, 0, 0, 2, 0, 0, 0, 0, 0, 0, 0]"
1536,59.166.0.1,*,149.171.126.5,52431,*,*,*,"[0, 0, 0, 0, 0, 2, 0, 0, 0, 0, 0, 0, 0]"
1537,59.166.0.1,*,149.171.126.5,15419,*,*,*,"[0, 0, 0, 0, 0, 0, 2, 0, 0, 0, 0, 0, 0]"
1538,59.166.0.1,*,149.171.126.5,52639,*,*,*,"[0, 0, 0, 0, 0, 0, 2, 0, 0, 0, 0, 0, 0]"
1539,59.166.0.1,*,149.171.126.5,8051,*,*,*,"[0, 0, 0, 0, 0, 0, 2, 0, 0, 0, 0, 0, 0]"
1540,59.166.0.1,*,149.171.126.5,54475,*,*,*,"[0, 0, 0, 0, 0, 0, 0, 2, 0, 0, 0, 0, 0]"
1541,59.166.0.1,*,149.171.126.5,55348,*,*,*,"[0, 0, 0, 0, 0, 0, 0, 2, 0, 0, 0, 0, 0]"
1542,59.166.0.1,*,149.171.126.5,64665,*,*,*,"[0, 0, 0, 0, 0, 0, 0, 2, 0, 0, 0, 0, 0]"
1543,59.166.0.1,*,149.171.126.5,43189,*,*,*,"[0, 0, 0, 0, 0, 0, 0, 0, 2, 0, 0, 0, 0]"
1544,59.166.0.1,*,149.171.126.5,22432,*,*,*,"[0, 0, 0, 0, 0, 0, 0, 0, 0, 2, 0, 0, 0]"
1545,59.166.0.1,*,149.171.126.5,46326,*,*,*,"[0, 0, 0, 0, 0, 0, 0, 0, 0, 2, 0, 0, 0]"
1546,59.166.0.1,*,149.171.126.5,46967,*,*,*,"[0, 0, 0, 0, 0, 0, 0, 0, 0, 2, 0, 0, 0]"
1547,59.166.0.1,*,149.171.126.5,16120,*,*,*,"[0, 0, 0, 0, 0, 0, 0, 0, 0, 0, 2, 0, 0]"
1548,59.166.0.1,*,149.171.126.5,23815,*,*,*,"[0, 0, 0, 0, 0, 0, 0, 0, 0, 0, 2, 0, 0]"
1549,59.166.0.1,*,149.171.126.5,23898,*,*,*,"[0, 0, 0, 0, 0, 0, 0, 0, 0, 0, 2, 0, 0]"
1550,59.166.0.1,*,149.171.126.5,25885,*,*,*,"[0, 0, 0, 0, 0, 0, 0, 0, 0, 0, 2, 0, 0]"
1551,59.166.0.1,*,149.171.126.5,62120,*,*,*,"[0, 0, 0, 0, 0, 0, 0, 0, 0, 0, 2, 0, 0]"
1552,59.166.0.1,*,149.171.126.5,64158,*,*,*,"[0, 0, 0, 0, 0, 0, 0, 0, 0, 0, 2, 0, 0]"
1553,59.166.0.1,*,149.171.126.5,14575,*,*,*,"[0, 0, 0, 0, 0, 0, 0, 0, 0, 0, 0, 2, 0]"
1554,59.166.0.1,*,149.171.126.5,18583,*,*,*,"[0, 0, 0, 0, 0, 0, 0, 0, 0, 0, 0, 2, 0]"
1555,59.166.0.1,*,149.171.126.5,41227,*,*,*,"[0, 0, 0, 0, 0, 0, 0, 0, 0, 0, 0, 3, 0]"
1556,59.166.0.1,*,149.171.126.5,45717,*,*,*,"[0, 0, 0, 0, 0, 0, 0, 0, 0, 0, 0, 2, 0]"
1557,59.166.0.1,*,149.171.126.5,63238,*,*,*,"[0, 0, 0, 0, 0, 0, 0, 0, 0, 0, 0, 3, 0]"
1558,59.166.0.1,*,149.171.126.5,6786,*,*,*,"[0, 0, 0, 0, 0, 0, 0, 0, 0, 0, 0, 3, 0]"
1559,59.166.0.1,*,149.171.126.5,10394,*,*,*,"[0, 0, 0, 0, 0, 0, 0, 0, 0, 0, 0, 0, 2]"
1560,59.166.0.1,*,149.171.126.5,16398,*,*,*,"[0, 0, 0, 0, 0, 0, 0, 0, 0, 0, 0, 0, 3]"
1561,59.166.0.1,*,149.171.126.5,19518,*,*,*,"[0, 0, 0, 0, 0, 0, 0, 0, 0, 0, 0, 0, 2]"
1562,59.166.0.1,*,149.171.126.5,32528,*,*,*,"[0, 0, 0, 0, 0, 0, 0, 0, 0, 0, 0, 0, 2]"
1563,59.166.0.1,*,149.171.126.5,53740,*,*,*,"[0, 0, 0, 0, 0, 0, 0, 0, 0, 0, 0, 0, 3]"
1564,59.166.0.1,*,149.171.126.5,56959,*,*,*,"[0, 0, 0, 0, 0, 0, 0, 0, 0, 0, 0, 0, 3]"
1565,59.166.0.1,*,149.171.126.6,111,*,*,*,"[13, 16, 11, 17, 7, 11, 10, 9, 6, 8, 17, 9, 14]"
1566,59.166.0.1,*,149.171.126.6,11399,*,*,*,"[2, 0, 0, 0, 0, 0, 0, 0, 0, 0, 0, 0, 0]"
1567,59.166.0.1,*,149.171.126.6,143,*,*,*,"[6, 7, 11, 7, 4, 3, 10, 5, 3, 8, 5, 6, 12]"
1568,59.166.0.1,*,149.171.126.6,18023,*,*,*,"[2, 0, 0, 0, 0, 0, 0, 0, 0, 0, 0, 0, 0]"
1569,59.166.0.1,*,149.171.126.6,21,*,*,*,"[5, 9, 6, 10, 7, 4, 2, 4, 7, 4, 7, 10, 9]"
1570,59.166.0.1,*,149.171.126.6,22,*,*,*,"[2, 5, 3, 5, 12, 9, 6, 2, 7, 5, 6, 7, 9]"
1571,59.166.0.1,*,149.171.126.6,25,*,*,*,"[9, 6, 9, 10, 16, 17, 13, 10, 7, 9, 11, 13, 14]"
1572,59.166.0.1,*,149.171.126.6,26143,*,*,*,"[2, 0, 0, 0, 0, 0, 0, 0, 0, 0, 0, 0, 0]"
1573,59.166.0.1,*,149.171.126.6,32664,*,*,*,"[2, 0, 0, 0, 0, 0, 0, 0, 0, 0, 0, 0, 0]"
1574,59.166.0.1,*,149.171.126.6,4950,*,*,*,"[2, 0, 0, 0, 0, 0, 0, 0, 0, 0, 0, 0, 0]"
1575,59.166.0.1,*,149.171.126.6,5190,*,*,*,"[16, 27, 12, 13, 10, 14, 23, 20, 28, 16, 10, 7, 13]"
1576,59.166.0.1,*,149.171.126.6,52294,*,*,*,"[2, 0, 0, 0, 0, 0, 0, 0, 0, 0, 0, 0, 0]"
1577,59.166.0.1,*,149.171.126.6,53,*,*,*,"[59, 59, 55, 63, 54, 48, 52, 35, 38, 43, 62, 58, 66]"
1578,59.166.0.1,*,149.171.126.6,6881,*,*,*,"[12, 12, 6, 42, 6, 24, 51, 38, 48, 6, 31, 0, 12]"
1579,59.166.0.1,*,149.171.126.6,80,*,*,*,"[37, 29, 22, 25, 36, 25, 26, 29, 27, 22, 28, 33, 27]"
1580,59.166.0.1,*,149.171.126.6,14724,*,*,*,"[0, 2, 0, 0, 0, 0, 0, 0, 0, 0, 0, 0, 0]"
1581,59.166.0.1,*,149.171.126.6,15843,*,*,*,"[0, 3, 0, 0, 0, 0, 0, 0, 0, 0, 0, 0, 0]"
1582,59.166.0.1,*,149.171.126.6,31010,*,*,*,"[0, 2, 0, 0, 0, 0, 0, 0, 0, 0, 0, 0, 0]"
1583,59.166.0.1,*,149.171.126.6,43267,*,*,*,"[0, 2, 0, 0, 0, 0, 0, 0, 0, 0, 0, 0, 0]"
1584,59.166.0.1,*,149.171.126.6,49198,*,*,*,"[0, 3, 0, 0, 0, 0, 0, 0, 0, 0, 0, 0, 0]"
1585,59.166.0.1,*,149.171.126.6,49439,*,*,*,"[0, 2, 0, 0, 0, 0, 0, 0, 0, 0, 0, 0, 0]"
1586,59.166.0.1,*,149.171.126.6,54867,*,*,*,"[0, 3, 0, 0, 0, 0, 0, 0, 0, 0, 0, 0, 0]"
1587,59.166.0.1,*,149.171.126.6,57753,*,*,*,"[0, 2, 0, 0, 0, 0, 0, 0, 0, 0, 0, 0, 0]"
1588,59.166.0.1,*,149.171.126.6,60997,*,*,*,"[0, 0, 2, 0, 0, 0, 0, 0, 0, 0, 0, 0, 0]"
1589,59.166.0.1,*,149.171.126.6,61834,*,*,*,"[0, 2, 0, 0, 0, 0, 0, 0, 0, 0, 0, 0, 0]"
1590,59.166.0.1,*,149.171.126.6,64554,*,*,*,"[0, 2, 0, 0, 0, 0, 0, 0, 0, 0, 0, 0, 0]"
1591,59.166.0.1,*,149.171.126.6,26927,*,*,*,"[0, 0, 2, 0, 0, 0, 0, 0, 0, 0, 0, 0, 0]"
1592,59.166.0.1,*,149.171.126.6,34484,*,*,*,"[0, 0, 2, 0, 0, 0, 0, 0, 0, 0, 0, 0, 0]"
1593,59.166.0.1,*,149.171.126.6,13761,*,*,*,"[0, 0, 0, 0, 0, 0, 0, 0, 0, 0, 3, 0, 0]"
1594,59.166.0.1,*,149.171.126.6,1397,*,*,*,"[0, 0, 0, 3, 0, 0, 0, 0, 0, 0, 0, 0, 0]"
1595,59.166.0.1,*,149.171.126.6,21831,*,*,*,"[0, 0, 0, 3, 0, 0, 0, 0, 0, 0, 0, 0, 0]"
1596,59.166.0.1,*,149.171.126.6,30639,*,*,*,"[0, 0, 0, 3, 0, 0, 0, 0, 0, 0, 0, 0, 0]"
1597,59.166.0.1,*,149.171.126.6,40725,*,*,*,"[0, 0, 0, 2, 0, 0, 0, 0, 0, 0, 0, 0, 0]"
1598,59.166.0.1,*,149.171.126.6,45133,*,*,*,"[0, 0, 0, 3, 0, 0, 0, 0, 0, 0, 0, 0, 0]"
1599,59.166.0.1,*,149.171.126.6,56243,*,*,*,"[0, 0, 0, 2, 0, 0, 0, 0, 0, 0, 0, 0, 0]"
1600,59.166.0.1,*,149.171.126.6,57588,*,*,*,"[0, 0, 0, 3, 0, 0, 0, 0, 0, 0, 0, 0, 0]"
1601,59.166.0.1,*,149.171.126.6,58003,*,*,*,"[0, 0, 0, 3, 0, 0, 0, 0, 0, 0, 0, 0, 0]"
1602,59.166.0.1,*,149.171.126.6,60335,*,*,*,"[0, 0, 0, 2, 0, 0, 0, 0, 0, 0, 0, 0, 0]"
1603,59.166.0.1,*,149.171.126.6,10589,*,*,*,"[0, 0, 0, 0, 2, 0, 0, 0, 0, 0, 0, 0, 0]"
1604,59.166.0.1,*,149.171.126.6,12916,*,*,*,"[0, 0, 0, 0, 3, 0, 0, 0, 0, 0, 0, 0, 0]"
1605,59.166.0.1,*,149.171.126.6,29238,*,*,*,"[0, 0, 0, 0, 3, 0, 0, 0, 0, 0, 0, 0, 0]"
1606,59.166.0.1,*,149.171.126.6,30906,*,*,*,"[0, 0, 0, 0, 2, 0, 0, 0, 0, 0, 0, 0, 0]"
1607,59.166.0.1,*,149.171.126.6,33656,*,*,*,"[0, 0, 0, 0, 3, 0, 0, 0, 0, 0, 0, 0, 0]"
1608,59.166.0.1,*,149.171.126.6,46019,*,*,*,"[0, 0, 0, 0, 2, 0, 0, 0, 0, 0, 0, 0, 0]"
1609,59.166.0.1,*,149.171.126.6,13582,*,*,*,"[0, 0, 0, 0, 0, 0, 0, 2, 0, 0, 0, 0, 0]"
1610,59.166.0.1,*,149.171.126.6,62964,*,*,*,"[0, 0, 0, 0, 0, 0, 0, 2, 0, 0, 0, 0, 0]"
1611,59.166.0.1,*,149.171.126.6,65009,*,*,*,"[0, 0, 0, 0, 0, 0, 0, 2, 0, 0, 0, 0, 0]"
1612,59.166.0.1,*,149.171.126.6,10198,*,*,*,"[0, 0, 0, 0, 0, 0, 0, 0, 2, 0, 0, 0, 0]"
1613,59.166.0.1,*,149.171.126.6,22627,*,*,*,"[0, 0, 0, 0, 0, 0, 0, 0, 2, 0, 0, 0, 0]"
1614,59.166.0.1,*,149.171.126.6,24196,*,*,*,"[0, 0, 0, 0, 0, 0, 0, 0, 2, 0, 0, 0, 0]"
1615,59.166.0.1,*,149.171.126.6,35231,*,*,*,"[0, 0, 0, 0, 0, 0, 0, 0, 2, 0, 0, 0, 0]"
1616,59.166.0.1,*,149.171.126.6,4212,*,*,*,"[0, 0, 0, 0, 0, 0, 0, 0, 2, 0, 0, 0, 0]"
1617,59.166.0.1,*,149.171.126.6,8998,*,*,*,"[0, 0, 0, 0, 0, 0, 0, 0, 2, 0, 0, 0, 0]"
1618,59.166.0.1,*,149.171.126.6,25031,*,*,*,"[0, 0, 0, 0, 0, 0, 0, 0, 0, 2, 0, 0, 0]"
1619,59.166.0.1,*,149.171.126.6,33513,*,*,*,"[0, 0, 0, 0, 0, 0, 0, 0, 0, 2, 0, 0, 0]"
1620,59.166.0.1,*,149.171.126.6,47628,*,*,*,"[0, 0, 0, 0, 0, 0, 0, 0, 0, 2, 0, 0, 0]"
1621,59.166.0.1,*,149.171.126.6,62821,*,*,*,"[0, 0, 0, 0, 0, 0, 0, 0, 0, 2, 0, 0, 0]"
1622,59.166.0.1,*,149.171.126.6,63656,*,*,*,"[0, 0, 0, 0, 0, 0, 0, 0, 0, 2, 0, 0, 0]"
1623,59.166.0.1,*,149.171.126.6,65504,*,*,*,"[0, 0, 0, 0, 0, 0, 0, 0, 0, 2, 0, 0, 0]"
1624,59.166.0.1,*,149.171.126.6,13904,*,*,*,"[0, 0, 0, 0, 0, 0, 0, 0, 0, 0, 0, 3, 0]"
1625,59.166.0.1,*,149.171.126.6,16120,*,*,*,"[0, 0, 0, 0, 0, 0, 0, 0, 0, 0, 2, 0, 0]"
1626,59.166.0.1,*,149.171.126.6,31484,*,*,*,"[0, 0, 0, 0, 0, 0, 0, 0, 0, 0, 3, 0, 0]"
1627,59.166.0.1,*,149.171.126.6,38033,*,*,*,"[0, 0, 0, 0, 0, 0, 0, 0, 0, 0, 3, 0, 0]"
1628,59.166.0.1,*,149.171.126.6,55155,*,*,*,"[0, 0, 0, 0, 0, 0, 0, 0, 0, 0, 0, 3, 0]"
1629,59.166.0.1,*,149.171.126.6,56334,*,*,*,"[0, 0, 0, 0, 0, 0, 0, 0, 0, 0, 0, 3, 0]"
1630,59.166.0.1,*,149.171.126.6,62120,*,*,*,"[0, 0, 0, 0, 0, 0, 0, 0, 0, 0, 2, 0, 0]"
1631,59.166.0.1,*,149.171.126.6,64158,*,*,*,"[0, 0, 0, 0, 0, 0, 0, 0, 0, 0, 2, 0, 0]"
1632,59.166.0.1,*,149.171.126.6,11513,*,*,*,"[0, 0, 0, 0, 0, 0, 0, 0, 0, 0, 0, 2, 0]"
1633,59.166.0.1,*,149.171.126.6,19056,*,*,*,"[0, 0, 0, 0, 0, 0, 0, 0, 0, 0, 0, 2, 0]"
1634,59.166.0.1,*,149.171.126.6,20919,*,*,*,"[0, 0, 0, 0, 0, 0, 0, 0, 0, 0, 0, 2, 0]"
1635,59.166.0.1,*,149.171.126.6,36239,*,*,*,"[0, 0, 0, 0, 0, 0, 0, 0, 0, 0, 0, 2, 0]"
1636,59.166.0.1,*,149.171.126.6,41227,*,*,*,"[0, 0, 0, 0, 0, 0, 0, 0, 0, 0, 0, 2, 0]"
1637,59.166.0.1,*,149.171.126.6,49502,*,*,*,"[0, 0, 0, 0, 0, 0, 0, 0, 0, 0, 0, 2, 0]"
1638,59.166.0.1,*,149.171.126.6,56614,*,*,*,"[0, 0, 0, 0, 0, 0, 0, 0, 0, 0, 0, 2, 0]"
1639,59.166.0.1,*,149.171.126.6,63238,*,*,*,"[0, 0, 0, 0, 0, 0, 0, 0, 0, 0, 0, 2, 0]"
1640,59.166.0.1,*,149.171.126.6,6786,*,*,*,"[0, 0, 0, 0, 0, 0, 0, 0, 0, 0, 0, 2, 0]"
1641,59.166.0.1,*,149.171.126.6,10394,*,*,*,"[0, 0, 0, 0, 0, 0, 0, 0, 0, 0, 0, 0, 3]"
1642,59.166.0.1,*,149.171.126.6,19518,*,*,*,"[0, 0, 0, 0, 0, 0, 0, 0, 0, 0, 0, 0, 3]"
1643,59.166.0.1,*,149.171.126.6,21133,*,*,*,"[0, 0, 0, 0, 0, 0, 0, 0, 0, 0, 0, 0, 5]"
1644,59.166.0.1,*,149.171.126.6,32528,*,*,*,"[0, 0, 0, 0, 0, 0, 0, 0, 0, 0, 0, 0, 3]"
1645,59.166.0.1,*,149.171.126.6,48182,*,*,*,"[0, 0, 0, 0, 0, 0, 0, 0, 0, 0, 0, 0, 5]"
1646,59.166.0.1,*,149.171.126.6,63753,*,*,*,"[0, 0, 0, 0, 0, 0, 0, 0, 0, 0, 0, 0, 5]"
1647,59.166.0.1,*,149.171.126.7,111,*,*,*,"[14, 15, 9, 12, 9, 8, 13, 8, 13, 16, 10, 13, 10]"
1648,59.166.0.1,*,149.171.126.7,11399,*,*,*,"[2, 0, 0, 0, 0, 0, 0, 0, 0, 0, 0, 0, 0]"
1649,59.166.0.1,*,149.171.126.7,143,*,*,*,"[5, 5, 3, 8, 8, 3, 4, 6, 4, 10, 6, 2, 7]"
1650,59.166.0.1,*,149.171.126.7,21,*,*,*,"[6, 5, 6, 10, 12, 7, 3, 5, 6, 3, 12, 6, 7]"
1651,59.166.0.1,*,149.171.126.7,22,*,*,*,"[8, 5, 12, 14, 9, 5, 2, 2, 6, 12, 7, 6, 11]"
1652,59.166.0.1,*,149.171.126.7,25,*,*,*,"[15, 13, 14, 8, 16, 13, 10, 4, 7, 3, 11, 13, 13]"
1653,59.166.0.1,*,149.171.126.7,26143,*,*,*,"[2, 0, 0, 0, 0, 0, 0, 0, 0, 0, 0, 0, 0]"
1654,59.166.0.1,*,149.171.126.7,27934,*,*,*,"[3, 0, 0, 0, 0, 0, 0, 0, 0, 0, 0, 0, 0]"
1655,59.166.0.1,*,149.171.126.7,35719,*,*,*,"[3, 0, 0, 0, 0, 0, 0, 0, 0, 0, 0, 0, 0]"
1656,59.166.0.1,*,149.171.126.7,42130,*,*,*,"[3, 0, 0, 0, 0, 0, 0, 0, 0, 0, 0, 0, 0]"
1657,59.166.0.1,*,149.171.126.7,5190,*,*,*,"[15, 16, 17, 18, 8, 17, 24, 6, 14, 22, 20, 21, 15]"
1658,59.166.0.1,*,149.171.126.7,52294,*,*,*,"[2, 0, 0, 0, 0, 0, 0, 0, 0, 0, 0, 0, 0]"
1659,59.166.0.1,*,149.171.126.7,53,*,*,*,"[73, 55, 69, 47, 53, 39, 43, 48, 42, 55, 55, 49, 54]"
1660,59.166.0.1,*,149.171.126.7,6881,*,*,*,"[12, 6, 12, 24, 6, 0, 54, 18, 6, 0, 18, 6, 30]"
1661,59.166.0.1,*,149.171.126.7,80,*,*,*,"[34, 27, 29, 17, 26, 25, 23, 22, 20, 35, 35, 27, 42]"
1662,59.166.0.1,*,149.171.126.7,14987,*,*,*,"[0, 0, 2, 0, 0, 0, 0, 0, 0, 0, 0, 0, 0]"
1663,59.166.0.1,*,149.171.126.7,2869,*,*,*,"[0, 0, 2, 0, 0, 0, 0, 0, 0, 0, 0, 0, 0]"
1664,59.166.0.1,*,149.171.126.7,3398,*,*,*,"[0, 0, 2, 0, 0, 0, 0, 0, 0, 0, 0, 0, 0]"
1665,59.166.0.1,*,149.171.126.7,11680,*,*,*,"[0, 0, 0, 6, 0, 0, 0, 0, 0, 0, 0, 0, 0]"
1666,59.166.0.1,*,149.171.126.7,32912,*,*,*,"[0, 0, 0, 6, 0, 0, 0, 0, 0, 0, 0, 0, 0]"
1667,59.166.0.1,*,149.171.126.7,44685,*,*,*,"[0, 0, 0, 6, 0, 0, 0, 0, 0, 0, 0, 0, 0]"
1668,59.166.0.1,*,149.171.126.7,11821,*,*,*,"[0, 0, 0, 0, 3, 0, 0, 0, 0, 0, 0, 0, 0]"
1669,59.166.0.1,*,149.171.126.7,12319,*,*,*,"[0, 0, 0, 0, 2, 0, 0, 0, 0, 0, 0, 0, 0]"
1670,59.166.0.1,*,149.171.126.7,15171,*,*,*,"[0, 0, 0, 0, 3, 0, 0, 0, 0, 0, 0, 0, 0]"
1671,59.166.0.1,*,149.171.126.7,17268,*,*,*,"[0, 0, 0, 0, 3, 0, 0, 0, 0, 0, 0, 0, 0]"
1672,59.166.0.1,*,149.171.126.7,24550,*,*,*,"[0, 0, 0, 0, 2, 0, 0, 0, 0, 0, 0, 0, 0]"
1673,59.166.0.1,*,149.171.126.7,26373,*,*,*,"[0, 0, 0, 0, 2, 0, 0, 0, 0, 0, 0, 0, 0]"
1674,59.166.0.1,*,149.171.126.7,34073,*,*,*,"[0, 0, 0, 0, 2, 0, 0, 0, 0, 0, 0, 0, 0]"
1675,59.166.0.1,*,149.171.126.7,36222,*,*,*,"[0, 0, 0, 0, 3, 0, 0, 0, 0, 0, 0, 0, 0]"
1676,59.166.0.1,*,149.171.126.7,40239,*,*,*,"[0, 0, 0, 0, 2, 0, 0, 0, 0, 0, 0, 0, 0]"
1677,59.166.0.1,*,149.171.126.7,42265,*,*,*,"[0, 0, 0, 0, 2, 0, 0, 0, 0, 0, 0, 0, 0]"
1678,59.166.0.1,*,149.171.126.7,45633,*,*,*,"[0, 0, 0, 0, 2, 0, 0, 0, 0, 0, 0, 0, 0]"
1679,59.166.0.1,*,149.171.126.7,5131,*,*,*,"[0, 0, 0, 0, 3, 0, 0, 0, 0, 0, 0, 0, 0]"
1680,59.166.0.1,*,149.171.126.7,5491,*,*,*,"[0, 0, 0, 0, 2, 0, 0, 0, 0, 0, 0, 0, 0]"
1681,59.166.0.1,*,149.171.126.7,56995,*,*,*,"[0, 0, 0, 0, 3, 0, 0, 0, 0, 0, 0, 0, 0]"
1682,59.166.0.1,*,149.171.126.7,6517,*,*,*,"[0, 0, 0, 0, 2, 0, 0, 0, 0, 0, 0, 0, 0]"
1683,59.166.0.1,*,149.171.126.7,18292,*,*,*,"[0, 0, 0, 0, 0, 2, 0, 0, 0, 0, 0, 0, 0]"
1684,59.166.0.1,*,149.171.126.7,18741,*,*,*,"[0, 0, 0, 0, 0, 2, 0, 0, 0, 0, 0, 0, 0]"
1685,59.166.0.1,*,149.171.126.7,28875,*,*,*,"[0, 0, 0, 0, 0, 2, 0, 0, 0, 0, 0, 0, 0]"
1686,59.166.0.1,*,149.171.126.7,43825,*,*,*,"[0, 0, 0, 0, 0, 3, 0, 0, 0, 0, 0, 0, 0]"
1687,59.166.0.1,*,149.171.126.7,50827,*,*,*,"[0, 0, 0, 0, 0, 3, 0, 0, 0, 0, 0, 0, 0]"
1688,59.166.0.1,*,149.171.126.7,60894,*,*,*,"[0, 0, 0, 0, 0, 3, 0, 0, 0, 0, 0, 0, 0]"
1689,59.166.0.1,*,149.171.126.7,21049,*,*,*,"[0, 0, 0, 0, 0, 0, 2, 0, 0, 0, 0, 0, 0]"
1690,59.166.0.1,*,149.171.126.7,35856,*,*,*,"[0, 0, 0, 0, 0, 0, 2, 0, 0, 0, 0, 0, 0]"
1691,59.166.0.1,*,149.171.126.7,49483,*,*,*,"[0, 0, 0, 0, 0, 0, 2, 0, 0, 0, 0, 0, 0]"
1692,59.166.0.1,*,149.171.126.7,26416,*,*,*,"[0, 0, 0, 0, 0, 0, 0, 3, 0, 0, 0, 0, 0]"
1693,59.166.0.1,*,149.171.126.7,54484,*,*,*,"[0, 0, 0, 0, 0, 0, 0, 3, 0, 0, 0, 0, 0]"
1694,59.166.0.1,*,149.171.126.7,60641,*,*,*,"[0, 0, 0, 0, 0, 0, 0, 3, 0, 0, 0, 0, 0]"
1695,59.166.0.1,*,149.171.126.7,10198,*,*,*,"[0, 0, 0, 0, 0, 0, 0, 0, 2, 0, 0, 0, 0]"
1696,59.166.0.1,*,149.171.126.7,11460,*,*,*,"[0, 0, 0, 0, 0, 0, 0, 0, 2, 0, 0, 0, 0]"
1697,59.166.0.1,*,149.171.126.7,13455,*,*,*,"[0, 0, 0, 0, 0, 0, 0, 0, 2, 0, 0, 0, 0]"
1698,59.166.0.1,*,149.171.126.7,24196,*,*,*,"[0, 0, 0, 0, 0, 0, 0, 0, 2, 0, 0, 0, 0]"
1699,59.166.0.1,*,149.171.126.7,26631,*,*,*,"[0, 0, 0, 0, 0, 0, 0, 0, 2, 0, 0, 0, 0]"
1700,59.166.0.1,*,149.171.126.7,35231,*,*,*,"[0, 0, 0, 0, 0, 0, 0, 0, 2, 0, 0, 0, 0]"
1701,59.166.0.1,*,149.171.126.7,16120,*,*,*,"[0, 0, 0, 0, 0, 0, 0, 0, 0, 0, 4, 0, 0]"
1702,59.166.0.1,*,149.171.126.7,32991,*,*,*,"[0, 0, 0, 0, 0, 0, 0, 0, 0, 0, 6, 0, 0]"
1703,59.166.0.1,*,149.171.126.7,38805,*,*,*,"[0, 0, 0, 0, 0, 0, 0, 0, 0, 0, 2, 0, 0]"
1704,59.166.0.1,*,149.171.126.7,49991,*,*,*,"[0, 0, 0, 0, 0, 0, 0, 0, 0, 0, 6, 0, 0]"
1705,59.166.0.1,*,149.171.126.7,57668,*,*,*,"[0, 0, 0, 0, 0, 0, 0, 0, 0, 0, 6, 0, 0]"
1706,59.166.0.1,*,149.171.126.7,62120,*,*,*,"[0, 0, 0, 0, 0, 0, 0, 0, 0, 0, 4, 0, 0]"
1707,59.166.0.1,*,149.171.126.7,64158,*,*,*,"[0, 0, 0, 0, 0, 0, 0, 0, 0, 0, 4, 0, 0]"
1708,59.166.0.1,*,149.171.126.7,13904,*,*,*,"[0, 0, 0, 0, 0, 0, 0, 0, 0, 0, 0, 2, 0]"
1709,59.166.0.1,*,149.171.126.7,20919,*,*,*,"[0, 0, 0, 0, 0, 0, 0, 0, 0, 0, 0, 3, 0]"
1710,59.166.0.1,*,149.171.126.7,36239,*,*,*,"[0, 0, 0, 0, 0, 0, 0, 0, 0, 0, 0, 3, 0]"
1711,59.166.0.1,*,149.171.126.7,49502,*,*,*,"[0, 0, 0, 0, 0, 0, 0, 0, 0, 0, 0, 3, 0]"
1712,59.166.0.1,*,149.171.126.7,55155,*,*,*,"[0, 0, 0, 0, 0, 0, 0, 0, 0, 0, 0, 2, 0]"
1713,59.166.0.1,*,149.171.126.7,56334,*,*,*,"[0, 0, 0, 0, 0, 0, 0, 0, 0, 0, 0, 2, 0]"
1714,59.166.0.1,*,149.171.126.7,21133,*,*,*,"[0, 0, 0, 0, 0, 0, 0, 0, 0, 0, 0, 0, 4]"
1715,59.166.0.1,*,149.171.126.7,48182,*,*,*,"[0, 0, 0, 0, 0, 0, 0, 0, 0, 0, 0, 0, 4]"
1716,59.166.0.1,*,149.171.126.7,63753,*,*,*,"[0, 0, 0, 0, 0, 0, 0, 0, 0, 0, 0, 0, 4]"
1717,59.166.0.1,*,149.171.126.8,111,*,*,*,"[13, 9, 5, 10, 14, 13, 10, 2, 15, 11, 14, 9, 10]"
1718,59.166.0.1,*,149.171.126.8,143,*,*,*,"[9, 7, 8, 5, 3, 5, 10, 6, 12, 4, 4, 9, 3]"
1719,59.166.0.1,*,149.171.126.8,17087,*,*,*,"[2, 0, 0, 0, 0, 0, 0, 0, 0, 0, 0, 0, 0]"
1720,59.166.0.1,*,149.171.126.8,21,*,*,*,"[5, 4, 7, 9, 2, 7, 3, 3, 13, 11, 7, 5, 7]"
1721,59.166.0.1,*,149.171.126.8,22,*,*,*,"[8, 6, 8, 13, 7, 11, 6, 0, 3, 8, 6, 14, 5]"
1722,59.166.0.1,*,149.171.126.8,25,*,*,*,"[10, 15, 12, 7, 12, 14, 4, 7, 17, 10, 10, 9, 14]"
1723,59.166.0.1,*,149.171.126.8,45548,*,*,*,"[2, 0, 0, 0, 0, 0, 0, 0, 0, 0, 0, 0, 0]"
1724,59.166.0.1,*,149.171.126.8,5190,*,*,*,"[19, 33, 18, 12, 11, 16, 15, 9, 10, 22, 17, 13, 18]"
1725,59.166.0.1,*,149.171.126.8,52796,*,*,*,"[2, 0, 0, 0, 0, 0, 0, 0, 0, 0, 0, 0, 0]"
1726,59.166.0.1,*,149.171.126.8,53,*,*,*,"[60, 53, 51, 43, 48, 44, 60, 37, 57, 43, 60, 53, 43]"
1727,59.166.0.1,*,149.171.126.8,6881,*,*,*,"[12, 18, 0, 24, 18, 13, 19, 42, 0, 6, 25, 18, 12]"
1728,59.166.0.1,*,149.171.126.8,80,*,*,*,"[42, 26, 26, 35, 35, 29, 23, 28, 29, 24, 36, 33, 22]"
1729,59.166.0.1,*,149.171.126.8,3062,*,*,*,"[0, 2, 0, 0, 0, 0, 0, 0, 0, 0, 0, 0, 0]"
1730,59.166.0.1,*,149.171.126.8,34463,*,*,*,"[0, 2, 0, 0, 0, 0, 0, 0, 0, 0, 0, 0, 0]"
1731,59.166.0.1,*,149.171.126.8,38395,*,*,*,"[0, 2, 0, 0, 0, 0, 0, 0, 0, 0, 0, 0, 0]"
1732,59.166.0.1,*,149.171.126.8,1254,*,*,*,"[0, 0, 4, 0, 0, 0, 0, 0, 0, 0, 0, 0, 0]"
1733,59.166.0.1,*,149.171.126.8,25409,*,*,*,"[0, 0, 2, 0, 0, 0, 0, 0, 0, 0, 0, 0, 0]"
1734,59.166.0.1,*,149.171.126.8,3208,*,*,*,"[0, 0, 2, 0, 0, 0, 0, 0, 0, 0, 0, 0, 0]"
1735,59.166.0.1,*,149.171.126.8,32547,*,*,*,"[0, 0, 2, 0, 0, 0, 0, 0, 0, 0, 0, 0, 0]"
1736,59.166.0.1,*,149.171.126.8,34154,*,*,*,"[0, 0, 4, 0, 0, 0, 0, 0, 0, 0, 0, 0, 0]"
1737,59.166.0.1,*,149.171.126.8,61745,*,*,*,"[0, 0, 4, 0, 0, 0, 0, 0, 0, 0, 0, 0, 0]"
1738,59.166.0.1,*,149.171.126.8,11680,*,*,*,"[0, 0, 0, 3, 0, 0, 0, 0, 0, 0, 0, 0, 0]"
1739,59.166.0.1,*,149.171.126.8,30639,*,*,*,"[0, 0, 0, 3, 0, 0, 0, 0, 0, 0, 0, 0, 0]"
1740,59.166.0.1,*,149.171.126.8,32912,*,*,*,"[0, 0, 0, 3, 0, 0, 0, 0, 0, 0, 0, 0, 0]"
1741,59.166.0.1,*,149.171.126.8,44685,*,*,*,"[0, 0, 0, 3, 0, 0, 0, 0, 0, 0, 0, 0, 0]"
1742,59.166.0.1,*,149.171.126.8,57588,*,*,*,"[0, 0, 0, 3, 0, 0, 0, 0, 0, 0, 0, 0, 0]"
1743,59.166.0.1,*,149.171.126.8,58003,*,*,*,"[0, 0, 0, 3, 0, 0, 0, 0, 0, 0, 0, 0, 0]"
1744,59.166.0.1,*,149.171.126.8,48054,*,*,*,"[0, 0, 0, 0, 2, 0, 0, 0, 0, 0, 0, 0, 0]"
1745,59.166.0.1,*,149.171.126.8,12319,*,*,*,"[0, 0, 0, 0, 0, 3, 0, 0, 0, 0, 0, 0, 0]"
1746,59.166.0.1,*,149.171.126.8,18292,*,*,*,"[0, 0, 0, 0, 0, 2, 0, 0, 0, 0, 0, 0, 0]"
1747,59.166.0.1,*,149.171.126.8,18741,*,*,*,"[0, 0, 0, 0, 0, 2, 0, 0, 0, 0, 0, 0, 0]"
1748,59.166.0.1,*,149.171.126.8,24550,*,*,*,"[0, 0, 0, 0, 0, 3, 0, 0, 0, 0, 0, 0, 0]"
1749,59.166.0.1,*,149.171.126.8,28875,*,*,*,"[0, 0, 0, 0, 0, 2, 0, 0, 0, 0, 0, 0, 0]"
1750,59.166.0.1,*,149.171.126.8,42265,*,*,*,"[0, 0, 0, 0, 0, 3, 0, 0, 0, 0, 0, 0, 0]"
1751,59.166.0.1,*,149.171.126.8,10397,*,*,*,"[0, 0, 0, 0, 0, 0, 0, 0, 3, 0, 0, 0, 0]"
1752,59.166.0.1,*,149.171.126.8,11460,*,*,*,"[0, 0, 0, 0, 0, 0, 0, 0, 3, 0, 0, 0, 0]"
1753,59.166.0.1,*,149.171.126.8,13455,*,*,*,"[0, 0, 0, 0, 0, 0, 0, 0, 3, 0, 0, 0, 0]"
1754,59.166.0.1,*,149.171.126.8,22627,*,*,*,"[0, 0, 0, 0, 0, 0, 0, 0, 2, 0, 0, 0, 0]"
1755,59.166.0.1,*,149.171.126.8,26631,*,*,*,"[0, 0, 0, 0, 0, 0, 0, 0, 3, 0, 0, 0, 0]"
1756,59.166.0.1,*,149.171.126.8,36106,*,*,*,"[0, 0, 0, 0, 0, 0, 0, 0, 5, 0, 0, 0, 0]"
1757,59.166.0.1,*,149.171.126.8,37612,*,*,*,"[0, 0, 0, 0, 0, 0, 0, 0, 5, 0, 0, 0, 0]"
1758,59.166.0.1,*,149.171.126.8,4212,*,*,*,"[0, 0, 0, 0, 0, 0, 0, 0, 2, 0, 0, 0, 0]"
1759,59.166.0.1,*,149.171.126.8,44321,*,*,*,"[0, 0, 0, 0, 0, 0, 0, 0, 3, 0, 0, 0, 0]"
1760,59.166.0.1,*,149.171.126.8,56658,*,*,*,"[0, 0, 0, 0, 0, 0, 0, 0, 3, 0, 0, 0, 0]"
1761,59.166.0.1,*,149.171.126.8,56854,*,*,*,"[0, 0, 0, 0, 0, 0, 0, 0, 5, 0, 0, 0, 0]"
1762,59.166.0.1,*,149.171.126.8,8998,*,*,*,"[0, 0, 0, 0, 0, 0, 0, 0, 2, 0, 0, 0, 0]"
1763,59.166.0.1,*,149.171.126.8,22432,*,*,*,"[0, 0, 0, 0, 0, 0, 0, 0, 0, 3, 0, 0, 0]"
1764,59.166.0.1,*,149.171.126.8,25031,*,*,*,"[0, 0, 0, 0, 0, 0, 0, 0, 0, 5, 0, 0, 0]"
1765,59.166.0.1,*,149.171.126.8,33513,*,*,*,"[0, 0, 0, 0, 0, 0, 0, 0, 0, 5, 0, 0, 0]"
1766,59.166.0.1,*,149.171.126.8,46326,*,*,*,"[0, 0, 0, 0, 0, 0, 0, 0, 0, 3, 0, 0, 0]"
1767,59.166.0.1,*,149.171.126.8,46967,*,*,*,"[0, 0, 0, 0, 0, 0, 0, 0, 0, 3, 0, 0, 0]"
1768,59.166.0.1,*,149.171.126.8,47628,*,*,*,"[0, 0, 0, 0, 0, 0, 0, 0, 0, 5, 0, 0, 0]"
1769,59.166.0.1,*,149.171.126.8,16120,*,*,*,"[0, 0, 0, 0, 0, 0, 0, 0, 0, 0, 3, 0, 0]"
1770,59.166.0.1,*,149.171.126.8,62120,*,*,*,"[0, 0, 0, 0, 0, 0, 0, 0, 0, 0, 3, 0, 0]"
1771,59.166.0.1,*,149.171.126.8,64158,*,*,*,"[0, 0, 0, 0, 0, 0, 0, 0, 0, 0, 3, 0, 0]"
1772,59.166.0.1,*,149.171.126.8,41227,*,*,*,"[0, 0, 0, 0, 0, 0, 0, 0, 0, 0, 0, 2, 0]"
1773,59.166.0.1,*,149.171.126.8,63238,*,*,*,"[0, 0, 0, 0, 0, 0, 0, 0, 0, 0, 0, 2, 0]"
1774,59.166.0.1,*,149.171.126.8,6786,*,*,*,"[0, 0, 0, 0, 0, 0, 0, 0, 0, 0, 0, 2, 0]"
1775,59.166.0.1,*,149.171.126.8,10394,*,*,*,"[0, 0, 0, 0, 0, 0, 0, 0, 0, 0, 0, 0, 3]"
1776,59.166.0.1,*,149.171.126.8,16398,*,*,*,"[0, 0, 0, 0, 0, 0, 0, 0, 0, 0, 0, 0, 2]"
1777,59.166.0.1,*,149.171.126.8,19518,*,*,*,"[0, 0, 0, 0, 0, 0, 0, 0, 0, 0, 0, 0, 3]"
1778,59.166.0.1,*,149.171.126.8,32528,*,*,*,"[0, 0, 0, 0, 0, 0, 0, 0, 0, 0, 0, 0, 3]"
1779,59.166.0.1,*,149.171.126.8,53740,*,*,*,"[0, 0, 0, 0, 0, 0, 0, 0, 0, 0, 0, 0, 2]"
1780,59.166.0.1,*,149.171.126.8,56959,*,*,*,"[0, 0, 0, 0, 0, 0, 0, 0, 0, 0, 0, 0, 2]"
1781,59.166.0.1,*,149.171.126.9,111,*,*,*,"[12, 13, 11, 8, 13, 13, 16, 5, 9, 5, 7, 9, 7]"
1782,59.166.0.1,*,149.171.126.9,143,*,*,*,"[5, 10, 5, 10, 7, 9, 8, 8, 3, 9, 6, 8, 6]"
1783,59.166.0.1,*,149.171.126.9,18023,*,*,*,"[2, 0, 0, 0, 0, 0, 0, 0, 0, 0, 0, 0, 0]"
1784,59.166.0.1,*,149.171.126.9,21,*,*,*,"[8, 0, 5, 8, 7, 2, 5, 2, 7, 6, 7, 4, 2]"
1785,59.166.0.1,*,149.171.126.9,22,*,*,*,"[0, 4, 2, 14, 5, 8, 0, 3, 4, 7, 7, 9, 10]"
1786,59.166.0.1,*,149.171.126.9,25,*,*,*,"[12, 15, 8, 13, 10, 15, 11, 10, 19, 8, 9, 11, 9]"
1787,59.166.0.1,*,149.171.126.9,27934,*,*,*,"[4, 0, 0, 0, 0, 0, 0, 0, 0, 0, 0, 0, 0]"
1788,59.166.0.1,*,149.171.126.9,32664,*,*,*,"[2, 0, 0, 0, 0, 0, 0, 0, 0, 0, 0, 0, 0]"
1789,59.166.0.1,*,149.171.126.9,35719,*,*,*,"[4, 0, 0, 0, 0, 0, 0, 0, 0, 0, 0, 0, 0]"
1790,59.166.0.1,*,149.171.126.9,42130,*,*,*,"[4, 0, 0, 0, 0, 0, 0, 0, 0, 0, 0, 0, 0]"
1791,59.166.0.1,*,149.171.126.9,4950,*,*,*,"[2, 0, 0, 0, 0, 0, 0, 0, 0, 0, 0, 0, 0]"
1792,59.166.0.1,*,149.171.126.9,5190,*,*,*,"[19, 20, 24, 11, 16, 16, 25, 7, 18, 19, 20, 14, 16]"
1793,59.166.0.1,*,149.171.126.9,53,*,*,*,"[62, 41, 50, 58, 71, 56, 48, 52, 61, 48, 43, 44, 55]"
1794,59.166.0.1,*,149.171.126.9,6881,*,*,*,"[12, 0, 18, 42, 42, 12, 19, 26, 12, 6, 6, 6, 36]"
1795,59.166.0.1,*,149.171.126.9,80,*,*,*,"[34, 33, 31, 29, 31, 33, 21, 24, 34, 27, 23, 25, 20]"
1796,59.166.0.1,*,149.171.126.9,11680,*,*,*,"[0, 0, 0, 3, 0, 0, 0, 0, 0, 0, 0, 0, 0]"
1797,59.166.0.1,*,149.171.126.9,1254,*,*,*,"[0, 0, 2, 0, 0, 0, 0, 0, 0, 0, 0, 0, 0]"
1798,59.166.0.1,*,149.171.126.9,32912,*,*,*,"[0, 0, 0, 3, 0, 0, 0, 0, 0, 0, 0, 0, 0]"
1799,59.166.0.1,*,149.171.126.9,34154,*,*,*,"[0, 0, 2, 0, 0, 0, 0, 0, 0, 0, 0, 0, 0]"
1800,59.166.0.1,*,149.171.126.9,44685,*,*,*,"[0, 0, 0, 3, 0, 0, 0, 0, 0, 0, 0, 0, 0]"
1801,59.166.0.1,*,149.171.126.9,61745,*,*,*,"[0, 0, 2, 0, 0, 0, 0, 0, 0, 0, 0, 0, 0]"
1802,59.166.0.1,*,149.171.126.9,20048,*,*,*,"[0, 0, 0, 2, 0, 0, 0, 0, 0, 0, 0, 0, 0]"
1803,59.166.0.1,*,149.171.126.9,30639,*,*,*,"[0, 0, 0, 2, 0, 0, 0, 0, 0, 0, 0, 0, 0]"
1804,59.166.0.1,*,149.171.126.9,54131,*,*,*,"[0, 0, 0, 2, 0, 0, 0, 0, 0, 0, 0, 0, 0]"
1805,59.166.0.1,*,149.171.126.9,57521,*,*,*,"[0, 0, 0, 2, 0, 0, 0, 0, 0, 0, 0, 0, 0]"
1806,59.166.0.1,*,149.171.126.9,57588,*,*,*,"[0, 0, 0, 2, 0, 0, 0, 0, 0, 0, 0, 0, 0]"
1807,59.166.0.1,*,149.171.126.9,58003,*,*,*,"[0, 0, 0, 2, 0, 0, 0, 0, 0, 0, 0, 0, 0]"
1808,59.166.0.1,*,149.171.126.9,36222,*,*,*,"[0, 0, 0, 0, 2, 0, 0, 0, 0, 0, 0, 0, 0]"
1809,59.166.0.1,*,149.171.126.9,40725,*,*,*,"[0, 0, 0, 0, 2, 0, 0, 0, 0, 0, 0, 0, 0]"
1810,59.166.0.1,*,149.171.126.9,5131,*,*,*,"[0, 0, 0, 0, 2, 0, 0, 0, 0, 0, 0, 0, 0]"
1811,59.166.0.1,*,149.171.126.9,56243,*,*,*,"[0, 0, 0, 0, 2, 0, 0, 0, 0, 0, 0, 0, 0]"
1812,59.166.0.1,*,149.171.126.9,56995,*,*,*,"[0, 0, 0, 0, 2, 0, 0, 0, 0, 0, 0, 0, 0]"
1813,59.166.0.1,*,149.171.126.9,60335,*,*,*,"[0, 0, 0, 0, 2, 0, 0, 0, 0, 0, 0, 0, 0]"
1814,59.166.0.1,*,149.171.126.9,21049,*,*,*,"[0, 0, 0, 0, 0, 0, 2, 0, 0, 0, 0, 0, 0]"
1815,59.166.0.1,*,149.171.126.9,31861,*,*,*,"[0, 0, 0, 0, 0, 0, 2, 0, 0, 0, 0, 0, 0]"
1816,59.166.0.1,*,149.171.126.9,35856,*,*,*,"[0, 0, 0, 0, 0, 0, 2, 0, 0, 0, 0, 0, 0]"
1817,59.166.0.1,*,149.171.126.9,44463,*,*,*,"[0, 0, 0, 0, 0, 0, 2, 0, 0, 0, 0, 0, 0]"
1818,59.166.0.1,*,149.171.126.9,46556,*,*,*,"[0, 0, 0, 0, 0, 0, 2, 0, 0, 0, 0, 0, 0]"
1819,59.166.0.1,*,149.171.126.9,49483,*,*,*,"[0, 0, 0, 0, 0, 0, 2, 0, 0, 0, 0, 0, 0]"
1820,59.166.0.1,*,149.171.126.9,10198,*,*,*,"[0, 0, 0, 0, 0, 0, 0, 0, 2, 0, 0, 0, 0]"
1821,59.166.0.1,*,149.171.126.9,24196,*,*,*,"[0, 0, 0, 0, 0, 0, 0, 0, 2, 0, 0, 0, 0]"
1822,59.166.0.1,*,149.171.126.9,35231,*,*,*,"[0, 0, 0, 0, 0, 0, 0, 0, 2, 0, 0, 0, 0]"
1823,59.166.0.1,*,149.171.126.9,36106,*,*,*,"[0, 0, 0, 0, 0, 0, 0, 0, 2, 0, 0, 0, 0]"
1824,59.166.0.1,*,149.171.126.9,37612,*,*,*,"[0, 0, 0, 0, 0, 0, 0, 0, 2, 0, 0, 0, 0]"
1825,59.166.0.1,*,149.171.126.9,56854,*,*,*,"[0, 0, 0, 0, 0, 0, 0, 0, 2, 0, 0, 0, 0]"
1826,59.166.0.1,*,149.171.126.9,62821,*,*,*,"[0, 0, 0, 0, 0, 0, 0, 0, 0, 4, 0, 0, 0]"
1827,59.166.0.1,*,149.171.126.9,63656,*,*,*,"[0, 0, 0, 0, 0, 0, 0, 0, 0, 4, 0, 0, 0]"
1828,59.166.0.1,*,149.171.126.9,65504,*,*,*,"[0, 0, 0, 0, 0, 0, 0, 0, 0, 4, 0, 0, 0]"
1829,59.166.0.1,*,149.171.126.9,16120,*,*,*,"[0, 0, 0, 0, 0, 0, 0, 0, 0, 0, 2, 0, 0]"
1830,59.166.0.1,*,149.171.126.9,32991,*,*,*,"[0, 0, 0, 0, 0, 0, 0, 0, 0, 0, 3, 0, 0]"
1831,59.166.0.1,*,149.171.126.9,49991,*,*,*,"[0, 0, 0, 0, 0, 0, 0, 0, 0, 0, 3, 0, 0]"
1832,59.166.0.1,*,149.171.126.9,57668,*,*,*,"[0, 0, 0, 0, 0, 0, 0, 0, 0, 0, 3, 0, 0]"
1833,59.166.0.1,*,149.171.126.9,62120,*,*,*,"[0, 0, 0, 0, 0, 0, 0, 0, 0, 0, 2, 0, 0]"
1834,59.166.0.1,*,149.171.126.9,64158,*,*,*,"[0, 0, 0, 0, 0, 0, 0, 0, 0, 0, 2, 0, 0]"
1835,59.166.0.2,*,149.171.126.0,111,*,*,*,"[12, 14, 7, 12, 9, 11, 8, 11, 13, 13, 15, 6, 9]"
1836,59.166.0.2,*,149.171.126.0,143,*,*,*,"[5, 9, 5, 9, 5, 3, 5, 5, 5, 9, 4, 6, 5]"
1837,59.166.0.2,*,149.171.126.0,18023,*,*,*,"[4, 0, 0, 0, 0, 0, 0, 0, 0, 0, 0, 0, 0]"
1838,59.166.0.2,*,149.171.126.0,21,*,*,*,"[8, 7, 7, 6, 5, 5, 5, 7, 10, 0, 7, 4, 5]"
1839,59.166.0.2,*,149.171.126.0,22,*,*,*,"[6, 10, 10, 13, 9, 5, 7, 3, 3, 5, 5, 6, 10]"
1840,59.166.0.2,*,149.171.126.0,25,*,*,*,"[17, 15, 9, 11, 15, 7, 10, 8, 12, 14, 20, 15, 13]"
1841,59.166.0.2,*,149.171.126.0,27934,*,*,*,"[2, 0, 0, 0, 0, 0, 0, 0, 0, 0, 0, 0, 0]"
1842,59.166.0.2,*,149.171.126.0,32664,*,*,*,"[4, 0, 0, 0, 0, 0, 0, 0, 0, 0, 0, 0, 0]"
1843,59.166.0.2,*,149.171.126.0,35719,*,*,*,"[2, 0, 0, 0, 0, 0, 0, 0, 0, 0, 0, 0, 0]"
1844,59.166.0.2,*,149.171.126.0,42130,*,*,*,"[2, 0, 0, 0, 0, 0, 0, 0, 0, 0, 0, 0, 0]"
1845,59.166.0.2,*,149.171.126.0,4950,*,*,*,"[4, 0, 0, 0, 0, 0, 0, 0, 0, 0, 0, 0, 0]"
1846,59.166.0.2,*,149.171.126.0,5190,*,*,*,"[18, 27, 16, 12, 15, 19, 18, 9, 13, 24, 17, 15, 10]"
1847,59.166.0.2,*,149.171.126.0,53,*,*,*,"[70, 50, 46, 46, 48, 44, 51, 46, 64, 50, 61, 54, 53]"
1848,59.166.0.2,*,149.171.126.0,80,*,*,*,"[33, 19, 27, 30, 29, 38, 35, 25, 37, 22, 34, 27, 31]"
1849,59.166.0.2,*,149.171.126.0,14724,*,*,*,"[0, 2, 0, 0, 0, 0, 0, 0, 0, 0, 0, 0, 0]"
1850,59.166.0.2,*,149.171.126.0,15843,*,*,*,"[0, 2, 0, 0, 0, 0, 0, 0, 0, 0, 0, 0, 0]"
1851,59.166.0.2,*,149.171.126.0,31010,*,*,*,"[0, 2, 0, 0, 0, 0, 0, 0, 0, 0, 0, 0, 0]"
1852,59.166.0.2,*,149.171.126.0,49198,*,*,*,"[0, 2, 0, 0, 0, 0, 0, 0, 0, 0, 0, 0, 0]"
1853,59.166.0.2,*,149.171.126.0,49439,*,*,*,"[0, 2, 0, 0, 0, 0, 0, 0, 0, 0, 0, 0, 0]"
1854,59.166.0.2,*,149.171.126.0,54867,*,*,*,"[0, 2, 0, 0, 0, 0, 0, 0, 0, 0, 0, 0, 0]"
1855,59.166.0.2,*,149.171.126.0,6881,*,*,*,"[0, 13, 6, 42, 31, 0, 62, 42, 31, 6, 6, 18, 24]"
1856,59.166.0.2,*,149.171.126.0,11680,*,*,*,"[0, 0, 0, 2, 0, 0, 0, 0, 0, 0, 0, 0, 0]"
1857,59.166.0.2,*,149.171.126.0,1254,*,*,*,"[0, 0, 2, 0, 0, 0, 0, 0, 0, 0, 0, 0, 0]"
1858,59.166.0.2,*,149.171.126.0,32912,*,*,*,"[0, 0, 0, 2, 0, 0, 0, 0, 0, 0, 0, 0, 0]"
1859,59.166.0.2,*,149.171.126.0,34154,*,*,*,"[0, 0, 2, 0, 0, 0, 0, 0, 0, 0, 0, 0, 0]"
1860,59.166.0.2,*,149.171.126.0,44685,*,*,*,"[0, 0, 0, 2, 0, 0, 0, 0, 0, 0, 0, 0, 0]"
1861,59.166.0.2,*,149.171.126.0,61745,*,*,*,"[0, 0, 2, 0, 0, 0, 0, 0, 0, 0, 0, 0, 0]"
1862,59.166.0.2,*,149.171.126.0,1397,*,*,*,"[0, 0, 0, 2, 0, 0, 0, 0, 0, 0, 0, 0, 0]"
1863,59.166.0.2,*,149.171.126.0,21831,*,*,*,"[0, 0, 0, 2, 0, 0, 0, 0, 0, 0, 0, 0, 0]"
1864,59.166.0.2,*,149.171.126.0,45133,*,*,*,"[0, 0, 0, 2, 0, 0, 0, 0, 0, 0, 0, 0, 0]"
1865,59.166.0.2,*,149.171.126.0,15489,*,*,*,"[0, 0, 0, 0, 0, 2, 0, 0, 0, 0, 0, 0, 0]"
1866,59.166.0.2,*,149.171.126.0,18292,*,*,*,"[0, 0, 0, 0, 0, 2, 0, 0, 0, 0, 0, 0, 0]"
1867,59.166.0.2,*,149.171.126.0,18741,*,*,*,"[0, 0, 0, 0, 0, 2, 0, 0, 0, 0, 0, 0, 0]"
1868,59.166.0.2,*,149.171.126.0,28875,*,*,*,"[0, 0, 0, 0, 0, 2, 0, 0, 0, 0, 0, 0, 0]"
1869,59.166.0.2,*,149.171.126.0,34138,*,*,*,"[0, 0, 0, 0, 0, 2, 0, 0, 0, 0, 0, 0, 0]"
1870,59.166.0.2,*,149.171.126.0,42523,*,*,*,"[0, 0, 0, 0, 0, 2, 0, 0, 0, 0, 0, 0, 0]"
1871,59.166.0.2,*,149.171.126.0,15419,*,*,*,"[0, 0, 0, 0, 0, 0, 2, 0, 0, 0, 0, 0, 0]"
1872,59.166.0.2,*,149.171.126.0,21049,*,*,*,"[0, 0, 0, 0, 0, 0, 2, 0, 0, 0, 0, 0, 0]"
1873,59.166.0.2,*,149.171.126.0,35856,*,*,*,"[0, 0, 0, 0, 0, 0, 2, 0, 0, 0, 0, 0, 0]"
1874,59.166.0.2,*,149.171.126.0,49483,*,*,*,"[0, 0, 0, 0, 0, 0, 2, 0, 0, 0, 0, 0, 0]"
1875,59.166.0.2,*,149.171.126.0,52639,*,*,*,"[0, 0, 0, 0, 0, 0, 2, 0, 0, 0, 0, 0, 0]"
1876,59.166.0.2,*,149.171.126.0,8051,*,*,*,"[0, 0, 0, 0, 0, 0, 2, 0, 0, 0, 0, 0, 0]"
1877,59.166.0.2,*,149.171.126.0,26416,*,*,*,"[0, 0, 0, 0, 0, 0, 0, 3, 0, 0, 0, 0, 0]"
1878,59.166.0.2,*,149.171.126.0,54484,*,*,*,"[0, 0, 0, 0, 0, 0, 0, 3, 0, 0, 0, 0, 0]"
1879,59.166.0.2,*,149.171.126.0,60641,*,*,*,"[0, 0, 0, 0, 0, 0, 0, 3, 0, 0, 0, 0, 0]"
1880,59.166.0.2,*,149.171.126.0,11460,*,*,*,"[0, 0, 0, 0, 0, 0, 0, 0, 2, 0, 0, 0, 0]"
1881,59.166.0.2,*,149.171.126.0,13455,*,*,*,"[0, 0, 0, 0, 0, 0, 0, 0, 2, 0, 0, 0, 0]"
1882,59.166.0.2,*,149.171.126.0,26631,*,*,*,"[0, 0, 0, 0, 0, 0, 0, 0, 2, 0, 0, 0, 0]"
1883,59.166.0.2,*,149.171.126.0,36106,*,*,*,"[0, 0, 0, 0, 0, 0, 0, 0, 5, 0, 0, 0, 0]"
1884,59.166.0.2,*,149.171.126.0,37612,*,*,*,"[0, 0, 0, 0, 0, 0, 0, 0, 5, 0, 0, 0, 0]"
1885,59.166.0.2,*,149.171.126.0,56854,*,*,*,"[0, 0, 0, 0, 0, 0, 0, 0, 5, 0, 0, 0, 0]"
1886,59.166.0.2,*,149.171.126.0,32991,*,*,*,"[0, 0, 0, 0, 0, 0, 0, 0, 0, 0, 2, 0, 0]"
1887,59.166.0.2,*,149.171.126.0,44976,*,*,*,"[0, 0, 0, 0, 0, 0, 0, 0, 0, 0, 2, 0, 0]"
1888,59.166.0.2,*,149.171.126.0,45963,*,*,*,"[0, 0, 0, 0, 0, 0, 0, 0, 0, 0, 2, 0, 0]"
1889,59.166.0.2,*,149.171.126.0,49991,*,*,*,"[0, 0, 0, 0, 0, 0, 0, 0, 0, 0, 2, 0, 0]"
1890,59.166.0.2,*,149.171.126.0,57668,*,*,*,"[0, 0, 0, 0, 0, 0, 0, 0, 0, 0, 2, 0, 0]"
1891,59.166.0.2,*,149.171.126.0,58781,*,*,*,"[0, 0, 0, 0, 0, 0, 0, 0, 0, 0, 2, 0, 0]"
1892,59.166.0.2,*,149.171.126.0,10394,*,*,*,"[0, 0, 0, 0, 0, 0, 0, 0, 0, 0, 0, 0, 2]"
1893,59.166.0.2,*,149.171.126.0,19518,*,*,*,"[0, 0, 0, 0, 0, 0, 0, 0, 0, 0, 0, 0, 2]"
1894,59.166.0.2,*,149.171.126.0,21133,*,*,*,"[0, 0, 0, 0, 0, 0, 0, 0, 0, 0, 0, 0, 2]"
1895,59.166.0.2,*,149.171.126.0,32528,*,*,*,"[0, 0, 0, 0, 0, 0, 0, 0, 0, 0, 0, 0, 2]"
1896,59.166.0.2,*,149.171.126.0,48182,*,*,*,"[0, 0, 0, 0, 0, 0, 0, 0, 0, 0, 0, 0, 2]"
1897,59.166.0.2,*,149.171.126.0,63753,*,*,*,"[0, 0, 0, 0, 0, 0, 0, 0, 0, 0, 0, 0, 2]"
1898,59.166.0.2,*,149.171.126.1,111,*,*,*,"[15, 22, 11, 13, 13, 13, 15, 8, 14, 19, 11, 9, 11]"
1899,59.166.0.2,*,149.171.126.1,143,*,*,*,"[9, 5, 7, 8, 11, 2, 3, 3, 8, 8, 8, 11, 8]"
1900,59.166.0.2,*,149.171.126.1,17087,*,*,*,"[2, 0, 0, 0, 0, 0, 0, 0, 0, 0, 0, 0, 0]"
1901,59.166.0.2,*,149.171.126.1,21,*,*,*,"[6, 9, 8, 8, 9, 6, 7, 7, 11, 10, 4, 7, 5]"
1902,59.166.0.2,*,149.171.126.1,22,*,*,*,"[7, 5, 6, 12, 6, 4, 2, 0, 5, 12, 10, 10, 5]"
1903,59.166.0.2,*,149.171.126.1,25,*,*,*,"[13, 7, 17, 7, 12, 8, 15, 3, 10, 16, 15, 20, 16]"
1904,59.166.0.2,*,149.171.126.1,45548,*,*,*,"[2, 0, 0, 0, 0, 0, 0, 0, 0, 0, 0, 0, 0]"
1905,59.166.0.2,*,149.171.126.1,46109,*,*,*,"[2, 0, 0, 0, 0, 0, 0, 0, 0, 0, 0, 0, 0]"
1906,59.166.0.2,*,149.171.126.1,5190,*,*,*,"[15, 22, 18, 7, 17, 13, 28, 11, 19, 20, 16, 17, 16]"
1907,59.166.0.2,*,149.171.126.1,52796,*,*,*,"[2, 0, 0, 0, 0, 0, 0, 0, 0, 0, 0, 0, 0]"
1908,59.166.0.2,*,149.171.126.1,52801,*,*,*,"[2, 0, 0, 0, 0, 0, 0, 0, 0, 0, 0, 0, 0]"
1909,59.166.0.2,*,149.171.126.1,53,*,*,*,"[64, 49, 59, 63, 53, 64, 63, 48, 62, 45, 65, 65, 66]"
1910,59.166.0.2,*,149.171.126.1,56048,*,*,*,"[2, 0, 0, 0, 0, 0, 0, 0, 0, 0, 0, 0, 0]"
1911,59.166.0.2,*,149.171.126.1,63666,*,*,*,"[2, 0, 0, 0, 0, 0, 0, 0, 0, 0, 0, 0, 0]"
1912,59.166.0.2,*,149.171.126.1,64030,*,*,*,"[2, 0, 0, 0, 0, 0, 0, 0, 0, 0, 0, 0, 0]"
1913,59.166.0.2,*,149.171.126.1,6881,*,*,*,"[6, 6, 0, 42, 12, 24, 24, 42, 12, 19, 31, 18, 56]"
1914,59.166.0.2,*,149.171.126.1,7315,*,*,*,"[2, 0, 0, 0, 0, 0, 0, 0, 0, 0, 0, 0, 0]"
1915,59.166.0.2,*,149.171.126.1,80,*,*,*,"[27, 29, 40, 27, 33, 22, 24, 33, 24, 24, 23, 29, 28]"
1916,59.166.0.2,*,149.171.126.1,13142,*,*,*,"[0, 2, 2, 0, 0, 0, 0, 0, 0, 0, 0, 0, 0]"
1917,59.166.0.2,*,149.171.126.1,27976,*,*,*,"[0, 2, 0, 0, 0, 0, 0, 0, 0, 0, 0, 0, 0]"
1918,59.166.0.2,*,149.171.126.1,3038,*,*,*,"[0, 0, 0, 0, 0, 0, 0, 0, 0, 2, 0, 0, 0]"
1919,59.166.0.2,*,149.171.126.1,3062,*,*,*,"[0, 3, 0, 0, 0, 0, 0, 0, 0, 0, 0, 0, 0]"
1920,59.166.0.2,*,149.171.126.1,34463,*,*,*,"[0, 3, 0, 0, 0, 0, 0, 0, 0, 0, 0, 0, 0]"
1921,59.166.0.2,*,149.171.126.1,35397,*,*,*,"[0, 2, 2, 0, 0, 0, 0, 0, 0, 0, 0, 0, 0]"
1922,59.166.0.2,*,149.171.126.1,38395,*,*,*,"[0, 3, 0, 0, 0, 0, 0, 0, 0, 0, 0, 0, 0]"
1923,59.166.0.2,*,149.171.126.1,14987,*,*,*,"[0, 0, 2, 0, 0, 0, 0, 0, 0, 0, 0, 0, 0]"
1924,59.166.0.2,*,149.171.126.1,25409,*,*,*,"[0, 0, 2, 0, 0, 0, 0, 0, 0, 0, 0, 0, 0]"
1925,59.166.0.2,*,149.171.126.1,26927,*,*,*,"[0, 0, 2, 0, 0, 0, 0, 0, 0, 0, 0, 0, 0]"
1926,59.166.0.2,*,149.171.126.1,2869,*,*,*,"[0, 0, 2, 0, 0, 0, 0, 0, 0, 0, 0, 0, 0]"
1927,59.166.0.2,*,149.171.126.1,3208,*,*,*,"[0, 0, 2, 0, 0, 0, 0, 0, 0, 0, 0, 0, 0]"
1928,59.166.0.2,*,149.171.126.1,32547,*,*,*,"[0, 0, 2, 0, 0, 0, 0, 0, 0, 0, 0, 0, 0]"
1929,59.166.0.2,*,149.171.126.1,3398,*,*,*,"[0, 0, 2, 0, 0, 0, 0, 0, 0, 0, 0, 0, 0]"
1930,59.166.0.2,*,149.171.126.1,34484,*,*,*,"[0, 0, 2, 0, 0, 0, 0, 0, 0, 0, 0, 0, 0]"
1931,59.166.0.2,*,149.171.126.1,60997,*,*,*,"[0, 0, 2, 0, 0, 0, 0, 0, 0, 0, 0, 0, 0]"
1932,59.166.0.2,*,149.171.126.1,11680,*,*,*,"[0, 0, 0, 2, 0, 0, 0, 0, 0, 0, 0, 0, 0]"
1933,59.166.0.2,*,149.171.126.1,1397,*,*,*,"[0, 0, 0, 2, 0, 0, 0, 0, 0, 0, 0, 0, 0]"
1934,59.166.0.2,*,149.171.126.1,21831,*,*,*,"[0, 0, 0, 2, 0, 0, 0, 0, 0, 0, 0, 0, 0]"
1935,59.166.0.2,*,149.171.126.1,30639,*,*,*,"[0, 0, 0, 2, 0, 0, 0, 0, 0, 0, 0, 0, 0]"
1936,59.166.0.2,*,149.171.126.1,32912,*,*,*,"[0, 0, 0, 2, 0, 0, 0, 0, 0, 0, 0, 0, 0]"
1937,59.166.0.2,*,149.171.126.1,40725,*,*,*,"[0, 0, 0, 2, 0, 0, 0, 0, 0, 0, 0, 0, 0]"
1938,59.166.0.2,*,149.171.126.1,44685,*,*,*,"[0, 0, 0, 2, 0, 0, 0, 0, 0, 0, 0, 0, 0]"
1939,59.166.0.2,*,149.171.126.1,45133,*,*,*,"[0, 0, 0, 2, 0, 0, 0, 0, 0, 0, 0, 0, 0]"
1940,59.166.0.2,*,149.171.126.1,56243,*,*,*,"[0, 0, 0, 2, 0, 0, 0, 0, 0, 0, 0, 0, 0]"
1941,59.166.0.2,*,149.171.126.1,57588,*,*,*,"[0, 0, 0, 2, 0, 0, 0, 0, 0, 0, 0, 0, 0]"
1942,59.166.0.2,*,149.171.126.1,58003,*,*,*,"[0, 0, 0, 2, 0, 0, 0, 0, 0, 0, 0, 0, 0]"
1943,59.166.0.2,*,149.171.126.1,60335,*,*,*,"[0, 0, 0, 2, 0, 0, 0, 0, 0, 0, 0, 0, 0]"
1944,59.166.0.2,*,149.171.126.1,10589,*,*,*,"[0, 0, 0, 0, 2, 0, 0, 0, 0, 0, 0, 0, 0]"
1945,59.166.0.2,*,149.171.126.1,26869,*,*,*,"[0, 0, 0, 0, 0, 2, 0, 0, 0, 0, 0, 0, 0]"
1946,59.166.0.2,*,149.171.126.1,30906,*,*,*,"[0, 0, 0, 0, 2, 0, 0, 0, 0, 0, 0, 0, 0]"
1947,59.166.0.2,*,149.171.126.1,36222,*,*,*,"[0, 0, 0, 0, 3, 0, 0, 0, 0, 0, 0, 0, 0]"
1948,59.166.0.2,*,149.171.126.1,46019,*,*,*,"[0, 0, 0, 0, 2, 0, 0, 0, 0, 0, 0, 0, 0]"
1949,59.166.0.2,*,149.171.126.1,5131,*,*,*,"[0, 0, 0, 0, 3, 0, 0, 0, 0, 0, 0, 0, 0]"
1950,59.166.0.2,*,149.171.126.1,56995,*,*,*,"[0, 0, 0, 0, 3, 0, 0, 0, 0, 0, 0, 0, 0]"
1951,59.166.0.2,*,149.171.126.1,22481,*,*,*,"[0, 0, 0, 0, 0, 2, 0, 0, 0, 0, 0, 0, 0]"
1952,59.166.0.2,*,149.171.126.1,41018,*,*,*,"[0, 0, 0, 0, 0, 2, 0, 0, 0, 0, 0, 0, 0]"
1953,59.166.0.2,*,149.171.126.1,21049,*,*,*,"[0, 0, 0, 0, 0, 0, 3, 0, 0, 0, 0, 0, 0]"
1954,59.166.0.2,*,149.171.126.1,25349,*,*,*,"[0, 0, 0, 0, 0, 0, 2, 0, 0, 0, 0, 0, 0]"
1955,59.166.0.2,*,149.171.126.1,35856,*,*,*,"[0, 0, 0, 0, 0, 0, 3, 0, 0, 0, 0, 0, 0]"
1956,59.166.0.2,*,149.171.126.1,38225,*,*,*,"[0, 0, 0, 0, 0, 0, 2, 0, 0, 0, 0, 0, 0]"
1957,59.166.0.2,*,149.171.126.1,49483,*,*,*,"[0, 0, 0, 0, 0, 0, 3, 0, 0, 0, 0, 0, 0]"
1958,59.166.0.2,*,149.171.126.1,52431,*,*,*,"[0, 0, 0, 0, 0, 0, 2, 0, 0, 0, 0, 0, 0]"
1959,59.166.0.2,*,149.171.126.1,54475,*,*,*,"[0, 0, 0, 0, 0, 0, 0, 2, 0, 0, 0, 0, 0]"
1960,59.166.0.2,*,149.171.126.1,55348,*,*,*,"[0, 0, 0, 0, 0, 0, 0, 2, 0, 0, 0, 0, 0]"
1961,59.166.0.2,*,149.171.126.1,64665,*,*,*,"[0, 0, 0, 0, 0, 0, 0, 2, 0, 0, 0, 0, 0]"
1962,59.166.0.2,*,149.171.126.1,10198,*,*,*,"[0, 0, 0, 0, 0, 0, 0, 0, 4, 0, 0, 0, 0]"
1963,59.166.0.2,*,149.171.126.1,22627,*,*,*,"[0, 0, 0, 0, 0, 0, 0, 0, 2, 0, 0, 0, 0]"
1964,59.166.0.2,*,149.171.126.1,24196,*,*,*,"[0, 0, 0, 0, 0, 0, 0, 0, 4, 0, 0, 0, 0]"
1965,59.166.0.2,*,149.171.126.1,35231,*,*,*,"[0, 0, 0, 0, 0, 0, 0, 0, 4, 0, 0, 0, 0]"
1966,59.166.0.2,*,149.171.126.1,36106,*,*,*,"[0, 0, 0, 0, 0, 0, 0, 0, 4, 0, 0, 0, 0]"
1967,59.166.0.2,*,149.171.126.1,37612,*,*,*,"[0, 0, 0, 0, 0, 0, 0, 0, 4, 0, 0, 0, 0]"
1968,59.166.0.2,*,149.171.126.1,4212,*,*,*,"[0, 0, 0, 0, 0, 0, 0, 0, 2, 0, 0, 0, 0]"
1969,59.166.0.2,*,149.171.126.1,56854,*,*,*,"[0, 0, 0, 0, 0, 0, 0, 0, 4, 0, 0, 0, 0]"
1970,59.166.0.2,*,149.171.126.1,8998,*,*,*,"[0, 0, 0, 0, 0, 0, 0, 0, 2, 0, 0, 0, 0]"
1971,59.166.0.2,*,149.171.126.1,1906,*,*,*,"[0, 0, 0, 0, 0, 0, 0, 0, 0, 2, 0, 0, 0]"
1972,59.166.0.2,*,149.171.126.1,22432,*,*,*,"[0, 0, 0, 0, 0, 0, 0, 0, 0, 3, 0, 0, 0]"
1973,59.166.0.2,*,149.171.126.1,25031,*,*,*,"[0, 0, 0, 0, 0, 0, 0, 0, 0, 3, 0, 0, 0]"
1974,59.166.0.2,*,149.171.126.1,33513,*,*,*,"[0, 0, 0, 0, 0, 0, 0, 0, 0, 3, 0, 0, 0]"
1975,59.166.0.2,*,149.171.126.1,46326,*,*,*,"[0, 0, 0, 0, 0, 0, 0, 0, 0, 3, 0, 0, 0]"
1976,59.166.0.2,*,149.171.126.1,46967,*,*,*,"[0, 0, 0, 0, 0, 0, 0, 0, 0, 3, 0, 0, 0]"
1977,59.166.0.2,*,149.171.126.1,47628,*,*,*,"[0, 0, 0, 0, 0, 0, 0, 0, 0, 3, 0, 0, 0]"
1978,59.166.0.2,*,149.171.126.1,52968,*,*,*,"[0, 0, 0, 0, 0, 0, 0, 0, 0, 2, 0, 0, 0]"
1979,59.166.0.2,*,149.171.126.1,54587,*,*,*,"[0, 0, 0, 0, 0, 0, 0, 0, 0, 2, 0, 0, 0]"
1980,59.166.0.2,*,149.171.126.1,14575,*,*,*,"[0, 0, 0, 0, 0, 0, 0, 0, 0, 0, 0, 3, 0]"
1981,59.166.0.2,*,149.171.126.1,18583,*,*,*,"[0, 0, 0, 0, 0, 0, 0, 0, 0, 0, 0, 3, 0]"
1982,59.166.0.2,*,149.171.126.1,33083,*,*,*,"[0, 0, 0, 0, 0, 0, 0, 0, 0, 0, 2, 0, 0]"
1983,59.166.0.2,*,149.171.126.1,45717,*,*,*,"[0, 0, 0, 0, 0, 0, 0, 0, 0, 0, 0, 3, 0]"
1984,59.166.0.2,*,149.171.126.1,20919,*,*,*,"[0, 0, 0, 0, 0, 0, 0, 0, 0, 0, 0, 2, 0]"
1985,59.166.0.2,*,149.171.126.1,36239,*,*,*,"[0, 0, 0, 0, 0, 0, 0, 0, 0, 0, 0, 2, 0]"
1986,59.166.0.2,*,149.171.126.1,49502,*,*,*,"[0, 0, 0, 0, 0, 0, 0, 0, 0, 0, 0, 2, 0]"
1987,59.166.0.2,*,149.171.126.1,13839,*,*,*,"[0, 0, 0, 0, 0, 0, 0, 0, 0, 0, 0, 0, 2]"
1988,59.166.0.2,*,149.171.126.1,26866,*,*,*,"[0, 0, 0, 0, 0, 0, 0, 0, 0, 0, 0, 0, 2]"
1989,59.166.0.2,*,149.171.126.1,50688,*,*,*,"[0, 0, 0, 0, 0, 0, 0, 0, 0, 0, 0, 0, 2]"
1990,59.166.0.2,*,149.171.126.1,56959,*,*,*,"[0, 0, 0, 0, 0, 0, 0, 0, 0, 0, 0, 0, 2]"
1991,59.166.0.2,*,149.171.126.2,111,*,*,*,"[17, 10, 8, 11, 16, 10, 13, 3, 12, 11, 13, 10, 18]"
1992,59.166.0.2,*,149.171.126.2,143,*,*,*,"[5, 8, 12, 4, 6, 7, 6, 5, 0, 4, 9, 11, 9]"
1993,59.166.0.2,*,149.171.126.2,21,*,*,*,"[7, 8, 4, 6, 7, 4, 6, 3, 3, 5, 13, 5, 7]"
1994,59.166.0.2,*,149.171.126.2,22,*,*,*,"[3, 14, 7, 13, 7, 14, 3, 2, 3, 5, 6, 6, 11]"
1995,59.166.0.2,*,149.171.126.2,25,*,*,*,"[12, 13, 8, 16, 13, 10, 8, 11, 16, 10, 10, 6, 17]"
1996,59.166.0.2,*,149.171.126.2,46109,*,*,*,"[3, 0, 0, 0, 0, 0, 0, 0, 0, 0, 0, 0, 0]"
1997,59.166.0.2,*,149.171.126.2,5190,*,*,*,"[21, 32, 18, 20, 18, 17, 25, 17, 14, 23, 18, 9, 11]"
1998,59.166.0.2,*,149.171.126.2,53,*,*,*,"[60, 48, 46, 41, 68, 49, 33, 34, 48, 55, 84, 47, 65]"
1999,59.166.0.2,*,149.171.126.2,63666,*,*,*,"[3, 0, 0, 0, 0, 0, 0, 0, 0, 0, 0, 0, 0]"
2000,59.166.0.2,*,149.171.126.2,6881,*,*,*,"[12, 18, 18, 12, 18, 12, 84, 28, 19, 6, 12, 12, 18]"
2001,59.166.0.2,*,149.171.126.2,7315,*,*,*,"[3, 0, 0, 0, 0, 0, 0, 0, 0, 0, 0, 0, 0]"
2002,59.166.0.2,*,149.171.126.2,80,*,*,*,"[24, 26, 16, 36, 31, 30, 25, 26, 33, 18, 23, 29, 33]"
2003,59.166.0.2,*,149.171.126.2,13142,*,*,*,"[0, 2, 0, 0, 0, 0, 0, 0, 0, 0, 0, 0, 0]"
2004,59.166.0.2,*,149.171.126.2,14724,*,*,*,"[0, 2, 0, 0, 0, 0, 0, 0, 0, 0, 0, 0, 0]"
2005,59.166.0.2,*,149.171.126.2,27976,*,*,*,"[0, 2, 0, 0, 0, 0, 0, 0, 0, 0, 0, 0, 0]"
2006,59.166.0.2,*,149.171.126.2,31010,*,*,*,"[0, 2, 0, 0, 0, 0, 0, 0, 0, 0, 0, 0, 0]"
2007,59.166.0.2,*,149.171.126.2,35397,*,*,*,"[0, 2, 0, 0, 0, 0, 0, 0, 0, 0, 0, 0, 0]"
2008,59.166.0.2,*,149.171.126.2,43267,*,*,*,"[0, 2, 0, 0, 0, 0, 0, 0, 0, 0, 0, 0, 0]"
2009,59.166.0.2,*,149.171.126.2,49439,*,*,*,"[0, 2, 0, 0, 0, 0, 0, 0, 0, 0, 0, 0, 0]"
2010,59.166.0.2,*,149.171.126.2,57668,*,*,*,"[0, 0, 0, 0, 0, 0, 0, 0, 0, 0, 2, 0, 0]"
2011,59.166.0.2,*,149.171.126.2,57753,*,*,*,"[0, 2, 0, 0, 0, 0, 0, 0, 0, 0, 0, 0, 0]"
2012,59.166.0.2,*,149.171.126.2,61834,*,*,*,"[0, 2, 0, 0, 0, 0, 0, 0, 0, 0, 0, 0, 0]"
2013,59.166.0.2,*,149.171.126.2,11680,*,*,*,"[0, 0, 0, 2, 0, 0, 0, 0, 0, 0, 0, 0, 0]"
2014,59.166.0.2,*,149.171.126.2,1397,*,*,*,"[0, 0, 0, 2, 0, 0, 0, 0, 0, 0, 0, 0, 0]"
2015,59.166.0.2,*,149.171.126.2,21831,*,*,*,"[0, 0, 0, 2, 0, 0, 0, 0, 0, 0, 0, 0, 0]"
2016,59.166.0.2,*,149.171.126.2,32912,*,*,*,"[0, 0, 0, 2, 0, 0, 0, 0, 0, 0, 0, 0, 0]"
2017,59.166.0.2,*,149.171.126.2,44685,*,*,*,"[0, 0, 0, 2, 0, 0, 0, 0, 0, 0, 0, 0, 0]"
2018,59.166.0.2,*,149.171.126.2,45133,*,*,*,"[0, 0, 0, 2, 0, 0, 0, 0, 0, 0, 0, 0, 0]"
2019,59.166.0.2,*,149.171.126.2,12916,*,*,*,"[0, 0, 0, 0, 2, 0, 0, 0, 0, 0, 0, 0, 0]"
2020,59.166.0.2,*,149.171.126.2,29238,*,*,*,"[0, 0, 0, 0, 2, 0, 0, 0, 0, 0, 0, 0, 0]"
2021,59.166.0.2,*,149.171.126.2,33656,*,*,*,"[0, 0, 0, 0, 2, 0, 0, 0, 0, 0, 0, 0, 0]"
2022,59.166.0.2,*,149.171.126.2,40725,*,*,*,"[0, 0, 0, 0, 3, 0, 0, 0, 0, 0, 0, 0, 0]"
2023,59.166.0.2,*,149.171.126.2,56243,*,*,*,"[0, 0, 0, 0, 3, 0, 0, 0, 0, 0, 0, 0, 0]"
2024,59.166.0.2,*,149.171.126.2,60335,*,*,*,"[0, 0, 0, 0, 3, 0, 0, 0, 0, 0, 0, 0, 0]"
2025,59.166.0.2,*,149.171.126.2,15398,*,*,*,"[0, 0, 0, 0, 0, 0, 2, 0, 0, 0, 0, 0, 0]"
2026,59.166.0.2,*,149.171.126.2,31861,*,*,*,"[0, 0, 0, 0, 0, 0, 2, 0, 0, 0, 0, 0, 0]"
2027,59.166.0.2,*,149.171.126.2,32328,*,*,*,"[0, 0, 0, 0, 0, 0, 2, 0, 0, 0, 0, 0, 0]"
2028,59.166.0.2,*,149.171.126.2,44463,*,*,*,"[0, 0, 0, 0, 0, 0, 2, 0, 0, 0, 0, 0, 0]"
2029,59.166.0.2,*,149.171.126.2,46556,*,*,*,"[0, 0, 0, 0, 0, 0, 2, 0, 0, 0, 0, 0, 0]"
2030,59.166.0.2,*,149.171.126.2,9851,*,*,*,"[0, 0, 0, 0, 0, 0, 2, 0, 0, 0, 0, 0, 0]"
2031,59.166.0.2,*,149.171.126.2,26416,*,*,*,"[0, 0, 0, 0, 0, 0, 0, 2, 0, 0, 0, 0, 0]"
2032,59.166.0.2,*,149.171.126.2,54484,*,*,*,"[0, 0, 0, 0, 0, 0, 0, 2, 0, 0, 0, 0, 0]"
2033,59.166.0.2,*,149.171.126.2,60641,*,*,*,"[0, 0, 0, 0, 0, 0, 0, 2, 0, 0, 0, 0, 0]"
2034,59.166.0.2,*,149.171.126.2,22627,*,*,*,"[0, 0, 0, 0, 0, 0, 0, 0, 2, 0, 0, 0, 0]"
2035,59.166.0.2,*,149.171.126.2,4212,*,*,*,"[0, 0, 0, 0, 0, 0, 0, 0, 2, 0, 0, 0, 0]"
2036,59.166.0.2,*,149.171.126.2,8998,*,*,*,"[0, 0, 0, 0, 0, 0, 0, 0, 2, 0, 0, 0, 0]"
2037,59.166.0.2,*,149.171.126.2,1906,*,*,*,"[0, 0, 0, 0, 0, 0, 0, 0, 0, 2, 0, 0, 0]"
2038,59.166.0.2,*,149.171.126.2,3038,*,*,*,"[0, 0, 0, 0, 0, 0, 0, 0, 0, 2, 0, 0, 0]"
2039,59.166.0.2,*,149.171.126.2,54587,*,*,*,"[0, 0, 0, 0, 0, 0, 0, 0, 0, 2, 0, 0, 0]"
2040,59.166.0.2,*,149.171.126.2,62821,*,*,*,"[0, 0, 0, 0, 0, 0, 0, 0, 0, 2, 0, 0, 0]"
2041,59.166.0.2,*,149.171.126.2,63656,*,*,*,"[0, 0, 0, 0, 0, 0, 0, 0, 0, 2, 0, 0, 0]"
2042,59.166.0.2,*,149.171.126.2,65504,*,*,*,"[0, 0, 0, 0, 0, 0, 0, 0, 0, 2, 0, 0, 0]"
2043,59.166.0.2,*,149.171.126.2,16120,*,*,*,"[0, 0, 0, 0, 0, 0, 0, 0, 0, 0, 3, 0, 0]"
2044,59.166.0.2,*,149.171.126.2,23815,*,*,*,"[0, 0, 0, 0, 0, 0, 0, 0, 0, 0, 2, 0, 0]"
2045,59.166.0.2,*,149.171.126.2,23898,*,*,*,"[0, 0, 0, 0, 0, 0, 0, 0, 0, 0, 2, 0, 0]"
2046,59.166.0.2,*,149.171.126.2,25885,*,*,*,"[0, 0, 0, 0, 0, 0, 0, 0, 0, 0, 2, 0, 0]"
2047,59.166.0.2,*,149.171.126.2,32991,*,*,*,"[0, 0, 0, 0, 0, 0, 0, 0, 0, 0, 2, 0, 0]"
2048,59.166.0.2,*,149.171.126.2,44976,*,*,*,"[0, 0, 0, 0, 0, 0, 0, 0, 0, 0, 2, 0, 0]"
2049,59.166.0.2,*,149.171.126.2,45963,*,*,*,"[0, 0, 0, 0, 0, 0, 0, 0, 0, 0, 2, 0, 0]"
2050,59.166.0.2,*,149.171.126.2,49991,*,*,*,"[0, 0, 0, 0, 0, 0, 0, 0, 0, 0, 2, 0, 0]"
2051,59.166.0.2,*,149.171.126.2,58781,*,*,*,"[0, 0, 0, 0, 0, 0, 0, 0, 0, 0, 2, 0, 0]"
2052,59.166.0.2,*,149.171.126.2,62120,*,*,*,"[0, 0, 0, 0, 0, 0, 0, 0, 0, 0, 3, 0, 0]"
2053,59.166.0.2,*,149.171.126.2,64158,*,*,*,"[0, 0, 0, 0, 0, 0, 0, 0, 0, 0, 3, 0, 0]"
2054,59.166.0.2,*,149.171.126.2,11513,*,*,*,"[0, 0, 0, 0, 0, 0, 0, 0, 0, 0, 0, 4, 0]"
2055,59.166.0.2,*,149.171.126.2,19056,*,*,*,"[0, 0, 0, 0, 0, 0, 0, 0, 0, 0, 0, 4, 0]"
2056,59.166.0.2,*,149.171.126.2,56614,*,*,*,"[0, 0, 0, 0, 0, 0, 0, 0, 0, 0, 0, 4, 0]"
2057,59.166.0.2,*,149.171.126.2,13839,*,*,*,"[0, 0, 0, 0, 0, 0, 0, 0, 0, 0, 0, 0, 3]"
2058,59.166.0.2,*,149.171.126.2,21133,*,*,*,"[0, 0, 0, 0, 0, 0, 0, 0, 0, 0, 0, 0, 2]"
2059,59.166.0.2,*,149.171.126.2,26866,*,*,*,"[0, 0, 0, 0, 0, 0, 0, 0, 0, 0, 0, 0, 3]"
2060,59.166.0.2,*,149.171.126.2,48182,*,*,*,"[0, 0, 0, 0, 0, 0, 0, 0, 0, 0, 0, 0, 2]"
2061,59.166.0.2,*,149.171.126.2,50688,*,*,*,"[0, 0, 0, 0, 0, 0, 0, 0, 0, 0, 0, 0, 3]"
2062,59.166.0.2,*,149.171.126.2,63753,*,*,*,"[0, 0, 0, 0, 0, 0, 0, 0, 0, 0, 0, 0, 2]"
2063,59.166.0.2,*,149.171.126.3,111,*,*,*,"[13, 12, 11, 18, 12, 12, 6, 11, 12, 10, 16, 15, 17]"
2064,59.166.0.2,*,149.171.126.3,143,*,*,*,"[13, 6, 8, 5, 10, 7, 6, 5, 10, 10, 9, 6, 6]"
2065,59.166.0.2,*,149.171.126.3,18023,*,*,*,"[2, 0, 0, 0, 0, 0, 0, 0, 0, 0, 0, 0, 0]"
2066,59.166.0.2,*,149.171.126.3,21,*,*,*,"[8, 3, 9, 5, 9, 5, 5, 8, 12, 10, 6, 7, 6]"
2067,59.166.0.2,*,149.171.126.3,22,*,*,*,"[6, 6, 7, 12, 13, 7, 2, 0, 4, 4, 7, 10, 5]"
2068,59.166.0.2,*,149.171.126.3,25,*,*,*,"[23, 19, 19, 11, 8, 11, 15, 9, 13, 11, 14, 12, 10]"
2069,59.166.0.2,*,149.171.126.3,27934,*,*,*,"[2, 0, 0, 0, 0, 0, 0, 0, 0, 0, 0, 0, 0]"
2070,59.166.0.2,*,149.171.126.3,32664,*,*,*,"[2, 0, 0, 0, 0, 0, 0, 0, 0, 0, 0, 0, 0]"
2071,59.166.0.2,*,149.171.126.3,35719,*,*,*,"[2, 0, 0, 0, 0, 0, 0, 0, 0, 0, 0, 0, 0]"
2072,59.166.0.2,*,149.171.126.3,42130,*,*,*,"[2, 0, 0, 0, 0, 0, 0, 0, 0, 0, 0, 0, 0]"
2073,59.166.0.2,*,149.171.126.3,46109,*,*,*,"[2, 0, 0, 0, 0, 0, 0, 0, 0, 0, 0, 0, 0]"
2074,59.166.0.2,*,149.171.126.3,4950,*,*,*,"[2, 0, 0, 0, 0, 0, 0, 0, 0, 0, 0, 0, 0]"
2075,59.166.0.2,*,149.171.126.3,5190,*,*,*,"[18, 27, 13, 16, 7, 10, 22, 11, 18, 25, 11, 10, 16]"
2076,59.166.0.2,*,149.171.126.3,53,*,*,*,"[52, 51, 66, 54, 75, 35, 43, 46, 55, 46, 42, 45, 48]"
2077,59.166.0.2,*,149.171.126.3,63666,*,*,*,"[2, 0, 0, 0, 0, 0, 0, 0, 0, 0, 0, 0, 0]"
2078,59.166.0.2,*,149.171.126.3,6881,*,*,*,"[12, 18, 0, 24, 12, 12, 42, 42, 30, 12, 18, 24, 24]"
2079,59.166.0.2,*,149.171.126.3,7315,*,*,*,"[2, 0, 0, 0, 0, 0, 0, 0, 0, 0, 0, 0, 0]"
2080,59.166.0.2,*,149.171.126.3,80,*,*,*,"[28, 18, 14, 33, 32, 25, 30, 27, 29, 30, 30, 31, 34]"
2081,59.166.0.2,*,149.171.126.3,10397,*,*,*,"[0, 0, 0, 0, 0, 0, 0, 3, 0, 0, 0, 0, 0]"
2082,59.166.0.2,*,149.171.126.3,13142,*,*,*,"[0, 0, 2, 0, 0, 0, 0, 0, 0, 0, 0, 0, 0]"
2083,59.166.0.2,*,149.171.126.3,27976,*,*,*,"[0, 0, 2, 0, 0, 0, 0, 0, 0, 0, 0, 0, 0]"
2084,59.166.0.2,*,149.171.126.3,35397,*,*,*,"[0, 0, 2, 0, 0, 0, 0, 0, 0, 0, 0, 0, 0]"
2085,59.166.0.2,*,149.171.126.3,14987,*,*,*,"[0, 0, 4, 0, 0, 0, 0, 0, 0, 0, 0, 0, 0]"
2086,59.166.0.2,*,149.171.126.3,2869,*,*,*,"[0, 0, 4, 0, 0, 0, 0, 0, 0, 0, 0, 0, 0]"
2087,59.166.0.2,*,149.171.126.3,3398,*,*,*,"[0, 0, 4, 0, 0, 0, 0, 0, 0, 0, 0, 0, 0]"
2088,59.166.0.2,*,149.171.126.3,20048,*,*,*,"[0, 0, 0, 2, 0, 0, 0, 0, 0, 0, 0, 0, 0]"
2089,59.166.0.2,*,149.171.126.3,54131,*,*,*,"[0, 0, 0, 2, 0, 0, 0, 0, 0, 0, 0, 0, 0]"
2090,59.166.0.2,*,149.171.126.3,57521,*,*,*,"[0, 0, 0, 2, 0, 0, 0, 0, 0, 0, 0, 0, 0]"
2091,59.166.0.2,*,149.171.126.3,12916,*,*,*,"[0, 0, 0, 0, 3, 0, 0, 0, 0, 0, 0, 0, 0]"
2092,59.166.0.2,*,149.171.126.3,29238,*,*,*,"[0, 0, 0, 0, 3, 0, 0, 0, 0, 0, 0, 0, 0]"
2093,59.166.0.2,*,149.171.126.3,33656,*,*,*,"[0, 0, 0, 0, 3, 0, 0, 0, 0, 0, 0, 0, 0]"
2094,59.166.0.2,*,149.171.126.3,36222,*,*,*,"[0, 0, 0, 0, 3, 0, 0, 0, 0, 0, 0, 0, 0]"
2095,59.166.0.2,*,149.171.126.3,5131,*,*,*,"[0, 0, 0, 0, 3, 0, 0, 0, 0, 0, 0, 0, 0]"
2096,59.166.0.2,*,149.171.126.3,56995,*,*,*,"[0, 0, 0, 0, 3, 0, 0, 0, 0, 0, 0, 0, 0]"
2097,59.166.0.2,*,149.171.126.3,15419,*,*,*,"[0, 0, 0, 0, 0, 0, 3, 0, 0, 0, 0, 0, 0]"
2098,59.166.0.2,*,149.171.126.3,52639,*,*,*,"[0, 0, 0, 0, 0, 0, 3, 0, 0, 0, 0, 0, 0]"
2099,59.166.0.2,*,149.171.126.3,8051,*,*,*,"[0, 0, 0, 0, 0, 0, 3, 0, 0, 0, 0, 0, 0]"
2100,59.166.0.2,*,149.171.126.3,26416,*,*,*,"[0, 0, 0, 0, 0, 0, 0, 4, 0, 0, 0, 0, 0]"
2101,59.166.0.2,*,149.171.126.3,44321,*,*,*,"[0, 0, 0, 0, 0, 0, 0, 3, 0, 0, 0, 0, 0]"
2102,59.166.0.2,*,149.171.126.3,54484,*,*,*,"[0, 0, 0, 0, 0, 0, 0, 4, 0, 0, 0, 0, 0]"
2103,59.166.0.2,*,149.171.126.3,56658,*,*,*,"[0, 0, 0, 0, 0, 0, 0, 3, 0, 0, 0, 0, 0]"
2104,59.166.0.2,*,149.171.126.3,60641,*,*,*,"[0, 0, 0, 0, 0, 0, 0, 4, 0, 0, 0, 0, 0]"
2105,59.166.0.2,*,149.171.126.3,11460,*,*,*,"[0, 0, 0, 0, 0, 0, 0, 0, 5, 0, 0, 0, 0]"
2106,59.166.0.2,*,149.171.126.3,13455,*,*,*,"[0, 0, 0, 0, 0, 0, 0, 0, 5, 0, 0, 0, 0]"
2107,59.166.0.2,*,149.171.126.3,22627,*,*,*,"[0, 0, 0, 0, 0, 0, 0, 0, 4, 0, 0, 0, 0]"
2108,59.166.0.2,*,149.171.126.3,26631,*,*,*,"[0, 0, 0, 0, 0, 0, 0, 0, 5, 0, 0, 0, 0]"
2109,59.166.0.2,*,149.171.126.3,36106,*,*,*,"[0, 0, 0, 0, 0, 0, 0, 0, 2, 0, 0, 0, 0]"
2110,59.166.0.2,*,149.171.126.3,37612,*,*,*,"[0, 0, 0, 0, 0, 0, 0, 0, 2, 0, 0, 0, 0]"
2111,59.166.0.2,*,149.171.126.3,4212,*,*,*,"[0, 0, 0, 0, 0, 0, 0, 0, 4, 0, 0, 0, 0]"
2112,59.166.0.2,*,149.171.126.3,56854,*,*,*,"[0, 0, 0, 0, 0, 0, 0, 0, 2, 0, 0, 0, 0]"
2113,59.166.0.2,*,149.171.126.3,8998,*,*,*,"[0, 0, 0, 0, 0, 0, 0, 0, 4, 0, 0, 0, 0]"
2114,59.166.0.2,*,149.171.126.3,1906,*,*,*,"[0, 0, 0, 0, 0, 0, 0, 0, 0, 2, 0, 0, 0]"
2115,59.166.0.2,*,149.171.126.3,20465,*,*,*,"[0, 0, 0, 0, 0, 0, 0, 0, 0, 2, 0, 0, 0]"
2116,59.166.0.2,*,149.171.126.3,22432,*,*,*,"[0, 0, 0, 0, 0, 0, 0, 0, 0, 2, 0, 0, 0]"
2117,59.166.0.2,*,149.171.126.3,25031,*,*,*,"[0, 0, 0, 0, 0, 0, 0, 0, 0, 2, 0, 0, 0]"
2118,59.166.0.2,*,149.171.126.3,3038,*,*,*,"[0, 0, 0, 0, 0, 0, 0, 0, 0, 2, 0, 0, 0]"
2119,59.166.0.2,*,149.171.126.3,33291,*,*,*,"[0, 0, 0, 0, 0, 0, 0, 0, 0, 2, 0, 0, 0]"
2120,59.166.0.2,*,149.171.126.3,33513,*,*,*,"[0, 0, 0, 0, 0, 0, 0, 0, 0, 2, 0, 0, 0]"
2121,59.166.0.2,*,149.171.126.3,46326,*,*,*,"[0, 0, 0, 0, 0, 0, 0, 0, 0, 2, 0, 0, 0]"
2122,59.166.0.2,*,149.171.126.3,46967,*,*,*,"[0, 0, 0, 0, 0, 0, 0, 0, 0, 2, 0, 0, 0]"
2123,59.166.0.2,*,149.171.126.3,47628,*,*,*,"[0, 0, 0, 0, 0, 0, 0, 0, 0, 2, 0, 0, 0]"
2124,59.166.0.2,*,149.171.126.3,54587,*,*,*,"[0, 0, 0, 0, 0, 0, 0, 0, 0, 2, 0, 0, 0]"
2125,59.166.0.2,*,149.171.126.3,58190,*,*,*,"[0, 0, 0, 0, 0, 0, 0, 0, 0, 2, 0, 0, 0]"
2126,59.166.0.2,*,149.171.126.3,13761,*,*,*,"[0, 0, 0, 0, 0, 0, 0, 0, 0, 0, 2, 0, 0]"
2127,59.166.0.2,*,149.171.126.3,16120,*,*,*,"[0, 0, 0, 0, 0, 0, 0, 0, 0, 0, 2, 0, 0]"
2128,59.166.0.2,*,149.171.126.3,31484,*,*,*,"[0, 0, 0, 0, 0, 0, 0, 0, 0, 0, 2, 0, 0]"
2129,59.166.0.2,*,149.171.126.3,38033,*,*,*,"[0, 0, 0, 0, 0, 0, 0, 0, 0, 0, 2, 0, 0]"
2130,59.166.0.2,*,149.171.126.3,62120,*,*,*,"[0, 0, 0, 0, 0, 0, 0, 0, 0, 0, 2, 0, 0]"
2131,59.166.0.2,*,149.171.126.3,64158,*,*,*,"[0, 0, 0, 0, 0, 0, 0, 0, 0, 0, 2, 0, 0]"
2132,59.166.0.2,*,149.171.126.3,11513,*,*,*,"[0, 0, 0, 0, 0, 0, 0, 0, 0, 0, 0, 2, 0]"
2133,59.166.0.2,*,149.171.126.3,19056,*,*,*,"[0, 0, 0, 0, 0, 0, 0, 0, 0, 0, 0, 2, 0]"
2134,59.166.0.2,*,149.171.126.3,25974,*,*,*,"[0, 0, 0, 0, 0, 0, 0, 0, 0, 0, 0, 4, 0]"
2135,59.166.0.2,*,149.171.126.3,36781,*,*,*,"[0, 0, 0, 0, 0, 0, 0, 0, 0, 0, 0, 4, 0]"
2136,59.166.0.2,*,149.171.126.3,56614,*,*,*,"[0, 0, 0, 0, 0, 0, 0, 0, 0, 0, 0, 2, 0]"
2137,59.166.0.2,*,149.171.126.3,56852,*,*,*,"[0, 0, 0, 0, 0, 0, 0, 0, 0, 0, 0, 4, 0]"
2138,59.166.0.2,*,149.171.126.3,13839,*,*,*,"[0, 0, 0, 0, 0, 0, 0, 0, 0, 0, 0, 0, 2]"
2139,59.166.0.2,*,149.171.126.3,21133,*,*,*,"[0, 0, 0, 0, 0, 0, 0, 0, 0, 0, 0, 0, 3]"
2140,59.166.0.2,*,149.171.126.3,26866,*,*,*,"[0, 0, 0, 0, 0, 0, 0, 0, 0, 0, 0, 0, 2]"
2141,59.166.0.2,*,149.171.126.3,48182,*,*,*,"[0, 0, 0, 0, 0, 0, 0, 0, 0, 0, 0, 0, 3]"
2142,59.166.0.2,*,149.171.126.3,50688,*,*,*,"[0, 0, 0, 0, 0, 0, 0, 0, 0, 0, 0, 0, 2]"
2143,59.166.0.2,*,149.171.126.3,63753,*,*,*,"[0, 0, 0, 0, 0, 0, 0, 0, 0, 0, 0, 0, 3]"
2144,59.166.0.2,*,149.171.126.4,111,*,*,*,"[13, 17, 9, 13, 8, 8, 10, 7, 10, 9, 15, 15, 13]"
2145,59.166.0.2,*,149.171.126.4,143,*,*,*,"[4, 5, 3, 8, 5, 5, 8, 11, 10, 5, 12, 9, 8]"
2146,59.166.0.2,*,149.171.126.4,17087,*,*,*,"[2, 0, 0, 0, 0, 0, 0, 0, 0, 0, 0, 0, 0]"
2147,59.166.0.2,*,149.171.126.4,18023,*,*,*,"[2, 0, 0, 0, 0, 0, 0, 0, 0, 0, 0, 0, 0]"
2148,59.166.0.2,*,149.171.126.4,21,*,*,*,"[6, 6, 7, 8, 11, 6, 3, 5, 6, 6, 9, 10, 4]"
2149,59.166.0.2,*,149.171.126.4,22,*,*,*,"[6, 6, 11, 10, 3, 6, 2, 0, 2, 6, 8, 7, 9]"
2150,59.166.0.2,*,149.171.126.4,25,*,*,*,"[9, 15, 22, 7, 15, 8, 11, 9, 15, 15, 12, 8, 9]"
2151,59.166.0.2,*,149.171.126.4,32664,*,*,*,"[2, 0, 0, 0, 0, 0, 0, 0, 0, 0, 0, 0, 0]"
2152,59.166.0.2,*,149.171.126.4,45548,*,*,*,"[2, 0, 0, 0, 0, 0, 0, 0, 0, 0, 0, 0, 0]"
2153,59.166.0.2,*,149.171.126.4,4950,*,*,*,"[2, 0, 0, 0, 0, 0, 0, 0, 0, 0, 0, 0, 0]"
2154,59.166.0.2,*,149.171.126.4,5190,*,*,*,"[21, 25, 13, 17, 13, 24, 28, 18, 21, 23, 18, 17, 9]"
2155,59.166.0.2,*,149.171.126.4,52796,*,*,*,"[2, 0, 0, 0, 0, 0, 0, 0, 0, 0, 0, 0, 0]"
2156,59.166.0.2,*,149.171.126.4,53,*,*,*,"[59, 52, 62, 58, 58, 44, 53, 48, 61, 54, 64, 70, 60]"
2157,59.166.0.2,*,149.171.126.4,6881,*,*,*,"[6, 0, 6, 24, 19, 12, 66, 42, 18, 18, 12, 6, 30]"
2158,59.166.0.2,*,149.171.126.4,80,*,*,*,"[32, 27, 25, 25, 27, 24, 27, 24, 32, 32, 34, 24, 36]"
2159,59.166.0.2,*,149.171.126.4,43267,*,*,*,"[0, 4, 0, 0, 0, 0, 0, 0, 0, 0, 0, 0, 0]"
2160,59.166.0.2,*,149.171.126.4,57753,*,*,*,"[0, 4, 0, 0, 0, 0, 0, 0, 0, 0, 0, 0, 0]"
2161,59.166.0.2,*,149.171.126.4,61834,*,*,*,"[0, 4, 0, 0, 0, 0, 0, 0, 0, 0, 0, 0, 0]"
2162,59.166.0.2,*,149.171.126.4,14987,*,*,*,"[0, 0, 3, 0, 0, 0, 0, 0, 0, 0, 0, 0, 0]"
2163,59.166.0.2,*,149.171.126.4,25409,*,*,*,"[0, 0, 2, 0, 0, 0, 0, 0, 0, 0, 0, 0, 0]"
2164,59.166.0.2,*,149.171.126.4,2869,*,*,*,"[0, 0, 3, 0, 0, 0, 0, 0, 0, 0, 0, 0, 0]"
2165,59.166.0.2,*,149.171.126.4,3208,*,*,*,"[0, 0, 2, 0, 0, 0, 0, 0, 0, 0, 0, 0, 0]"
2166,59.166.0.2,*,149.171.126.4,32547,*,*,*,"[0, 0, 2, 0, 0, 0, 0, 0, 0, 0, 0, 0, 0]"
2167,59.166.0.2,*,149.171.126.4,3398,*,*,*,"[0, 0, 3, 0, 0, 0, 0, 0, 0, 0, 0, 0, 0]"
2168,59.166.0.2,*,149.171.126.4,11680,*,*,*,"[0, 0, 0, 4, 0, 0, 0, 0, 0, 0, 0, 0, 0]"
2169,59.166.0.2,*,149.171.126.4,30639,*,*,*,"[0, 0, 0, 3, 0, 0, 0, 0, 0, 0, 0, 0, 0]"
2170,59.166.0.2,*,149.171.126.4,32912,*,*,*,"[0, 0, 0, 4, 0, 0, 0, 0, 0, 0, 0, 0, 0]"
2171,59.166.0.2,*,149.171.126.4,44685,*,*,*,"[0, 0, 0, 4, 0, 0, 0, 0, 0, 0, 0, 0, 0]"
2172,59.166.0.2,*,149.171.126.4,57588,*,*,*,"[0, 0, 0, 3, 0, 0, 0, 0, 0, 0, 0, 0, 0]"
2173,59.166.0.2,*,149.171.126.4,58003,*,*,*,"[0, 0, 0, 3, 0, 0, 0, 0, 0, 0, 0, 0, 0]"
2174,59.166.0.2,*,149.171.126.4,34073,*,*,*,"[0, 0, 0, 0, 3, 0, 0, 0, 0, 0, 0, 0, 0]"
2175,59.166.0.2,*,149.171.126.4,36222,*,*,*,"[0, 0, 0, 0, 3, 0, 0, 0, 0, 0, 0, 0, 0]"
2176,59.166.0.2,*,149.171.126.4,40725,*,*,*,"[0, 0, 0, 0, 2, 0, 0, 0, 0, 0, 0, 0, 0]"
2177,59.166.0.2,*,149.171.126.4,45633,*,*,*,"[0, 0, 0, 0, 3, 0, 0, 0, 0, 0, 0, 0, 0]"
2178,59.166.0.2,*,149.171.126.4,5131,*,*,*,"[0, 0, 0, 0, 3, 0, 0, 0, 0, 0, 0, 0, 0]"
2179,59.166.0.2,*,149.171.126.4,5491,*,*,*,"[0, 0, 0, 0, 3, 0, 0, 0, 0, 0, 0, 0, 0]"
2180,59.166.0.2,*,149.171.126.4,56243,*,*,*,"[0, 0, 0, 0, 2, 0, 0, 0, 0, 0, 0, 0, 0]"
2181,59.166.0.2,*,149.171.126.4,56995,*,*,*,"[0, 0, 0, 0, 3, 0, 0, 0, 0, 0, 0, 0, 0]"
2182,59.166.0.2,*,149.171.126.4,60335,*,*,*,"[0, 0, 0, 0, 2, 0, 0, 0, 0, 0, 0, 0, 0]"
2183,59.166.0.2,*,149.171.126.4,18292,*,*,*,"[0, 0, 0, 0, 0, 2, 0, 0, 0, 0, 0, 0, 0]"
2184,59.166.0.2,*,149.171.126.4,18741,*,*,*,"[0, 0, 0, 0, 0, 2, 0, 0, 0, 0, 0, 0, 0]"
2185,59.166.0.2,*,149.171.126.4,28875,*,*,*,"[0, 0, 0, 0, 0, 2, 0, 0, 0, 0, 0, 0, 0]"
2186,59.166.0.2,*,149.171.126.4,15398,*,*,*,"[0, 0, 0, 0, 0, 0, 2, 0, 0, 0, 0, 0, 0]"
2187,59.166.0.2,*,149.171.126.4,32328,*,*,*,"[0, 0, 0, 0, 0, 0, 2, 0, 0, 0, 0, 0, 0]"
2188,59.166.0.2,*,149.171.126.4,7038,*,*,*,"[0, 0, 0, 0, 0, 0, 2, 0, 0, 0, 0, 0, 0]"
2189,59.166.0.2,*,149.171.126.4,9851,*,*,*,"[0, 0, 0, 0, 0, 0, 2, 0, 0, 0, 0, 0, 0]"
2190,59.166.0.2,*,149.171.126.4,26416,*,*,*,"[0, 0, 0, 0, 0, 0, 0, 3, 0, 0, 0, 0, 0]"
2191,59.166.0.2,*,149.171.126.4,54484,*,*,*,"[0, 0, 0, 0, 0, 0, 0, 3, 0, 0, 0, 0, 0]"
2192,59.166.0.2,*,149.171.126.4,60641,*,*,*,"[0, 0, 0, 0, 0, 0, 0, 3, 0, 0, 0, 0, 0]"
2193,59.166.0.2,*,149.171.126.4,11460,*,*,*,"[0, 0, 0, 0, 0, 0, 0, 0, 2, 0, 0, 0, 0]"
2194,59.166.0.2,*,149.171.126.4,13455,*,*,*,"[0, 0, 0, 0, 0, 0, 0, 0, 2, 0, 0, 0, 0]"
2195,59.166.0.2,*,149.171.126.4,26631,*,*,*,"[0, 0, 0, 0, 0, 0, 0, 0, 2, 0, 0, 0, 0]"
2196,59.166.0.2,*,149.171.126.4,36106,*,*,*,"[0, 0, 0, 0, 0, 0, 0, 0, 3, 0, 0, 0, 0]"
2197,59.166.0.2,*,149.171.126.4,37612,*,*,*,"[0, 0, 0, 0, 0, 0, 0, 0, 3, 0, 0, 0, 0]"
2198,59.166.0.2,*,149.171.126.4,56854,*,*,*,"[0, 0, 0, 0, 0, 0, 0, 0, 3, 0, 0, 0, 0]"
2199,59.166.0.2,*,149.171.126.4,1906,*,*,*,"[0, 0, 0, 0, 0, 0, 0, 0, 0, 2, 0, 0, 0]"
2200,59.166.0.2,*,149.171.126.4,23937,*,*,*,"[0, 0, 0, 0, 0, 0, 0, 0, 0, 2, 0, 0, 0]"
2201,59.166.0.2,*,149.171.126.4,3038,*,*,*,"[0, 0, 0, 0, 0, 0, 0, 0, 0, 2, 0, 0, 0]"
2202,59.166.0.2,*,149.171.126.4,38936,*,*,*,"[0, 0, 0, 0, 0, 0, 0, 0, 0, 2, 0, 0, 0]"
2203,59.166.0.2,*,149.171.126.4,52561,*,*,*,"[0, 0, 0, 0, 0, 0, 0, 0, 0, 2, 0, 0, 0]"
2204,59.166.0.2,*,149.171.126.4,54587,*,*,*,"[0, 0, 0, 0, 0, 0, 0, 0, 0, 2, 0, 0, 0]"
2205,59.166.0.2,*,149.171.126.4,16120,*,*,*,"[0, 0, 0, 0, 0, 0, 0, 0, 0, 0, 3, 0, 0]"
2206,59.166.0.2,*,149.171.126.4,32991,*,*,*,"[0, 0, 0, 0, 0, 0, 0, 0, 0, 0, 2, 0, 0]"
2207,59.166.0.2,*,149.171.126.4,44976,*,*,*,"[0, 0, 0, 0, 0, 0, 0, 0, 0, 0, 2, 0, 0]"
2208,59.166.0.2,*,149.171.126.4,45963,*,*,*,"[0, 0, 0, 0, 0, 0, 0, 0, 0, 0, 2, 0, 0]"
2209,59.166.0.2,*,149.171.126.4,49991,*,*,*,"[0, 0, 0, 0, 0, 0, 0, 0, 0, 0, 2, 0, 0]"
2210,59.166.0.2,*,149.171.126.4,57668,*,*,*,"[0, 0, 0, 0, 0, 0, 0, 0, 0, 0, 2, 0, 0]"
2211,59.166.0.2,*,149.171.126.4,58781,*,*,*,"[0, 0, 0, 0, 0, 0, 0, 0, 0, 0, 2, 0, 0]"
2212,59.166.0.2,*,149.171.126.4,62120,*,*,*,"[0, 0, 0, 0, 0, 0, 0, 0, 0, 0, 3, 0, 0]"
2213,59.166.0.2,*,149.171.126.4,64158,*,*,*,"[0, 0, 0, 0, 0, 0, 0, 0, 0, 0, 3, 0, 0]"
2214,59.166.0.2,*,149.171.126.4,11513,*,*,*,"[0, 0, 0, 0, 0, 0, 0, 0, 0, 0, 0, 2, 0]"
2215,59.166.0.2,*,149.171.126.4,14575,*,*,*,"[0, 0, 0, 0, 0, 0, 0, 0, 0, 0, 0, 2, 0]"
2216,59.166.0.2,*,149.171.126.4,18583,*,*,*,"[0, 0, 0, 0, 0, 0, 0, 0, 0, 0, 0, 2, 0]"
2217,59.166.0.2,*,149.171.126.4,19056,*,*,*,"[0, 0, 0, 0, 0, 0, 0, 0, 0, 0, 0, 2, 0]"
2218,59.166.0.2,*,149.171.126.4,25974,*,*,*,"[0, 0, 0, 0, 0, 0, 0, 0, 0, 0, 0, 2, 0]"
2219,59.166.0.2,*,149.171.126.4,36781,*,*,*,"[0, 0, 0, 0, 0, 0, 0, 0, 0, 0, 0, 2, 0]"
2220,59.166.0.2,*,149.171.126.4,41227,*,*,*,"[0, 0, 0, 0, 0, 0, 0, 0, 0, 0, 0, 2, 0]"
2221,59.166.0.2,*,149.171.126.4,45717,*,*,*,"[0, 0, 0, 0, 0, 0, 0, 0, 0, 0, 0, 2, 0]"
2222,59.166.0.2,*,149.171.126.4,56614,*,*,*,"[0, 0, 0, 0, 0, 0, 0, 0, 0, 0, 0, 2, 0]"
2223,59.166.0.2,*,149.171.126.4,56852,*,*,*,"[0, 0, 0, 0, 0, 0, 0, 0, 0, 0, 0, 2, 0]"
2224,59.166.0.2,*,149.171.126.4,63238,*,*,*,"[0, 0, 0, 0, 0, 0, 0, 0, 0, 0, 0, 2, 0]"
2225,59.166.0.2,*,149.171.126.4,6786,*,*,*,"[0, 0, 0, 0, 0, 0, 0, 0, 0, 0, 0, 2, 0]"
2226,59.166.0.2,*,149.171.126.4,10394,*,*,*,"[0, 0, 0, 0, 0, 0, 0, 0, 0, 0, 0, 0, 2]"
2227,59.166.0.2,*,149.171.126.4,19518,*,*,*,"[0, 0, 0, 0, 0, 0, 0, 0, 0, 0, 0, 0, 2]"
2228,59.166.0.2,*,149.171.126.4,32528,*,*,*,"[0, 0, 0, 0, 0, 0, 0, 0, 0, 0, 0, 0, 2]"
2229,59.166.0.2,*,149.171.126.5,111,*,*,*,"[13, 9, 17, 11, 12, 2, 6, 4, 16, 6, 11, 12, 11]"
2230,59.166.0.2,*,149.171.126.5,11399,*,*,*,"[3, 0, 0, 0, 0, 0, 0, 0, 0, 0, 0, 0, 0]"
2231,59.166.0.2,*,149.171.126.5,143,*,*,*,"[10, 7, 10, 6, 4, 7, 7, 3, 4, 8, 7, 7, 5]"
2232,59.166.0.2,*,149.171.126.5,21,*,*,*,"[13, 5, 12, 6, 6, 7, 6, 4, 6, 4, 5, 9, 9]"
2233,59.166.0.2,*,149.171.126.5,22,*,*,*,"[3, 5, 3, 15, 12, 8, 3, 0, 7, 6, 6, 8, 9]"
2234,59.166.0.2,*,149.171.126.5,25,*,*,*,"[12, 11, 8, 12, 16, 13, 18, 8, 10, 5, 15, 13, 12]"
2235,59.166.0.2,*,149.171.126.5,26143,*,*,*,"[3, 0, 0, 0, 0, 0, 0, 0, 0, 0, 0, 0, 0]"
2236,59.166.0.2,*,149.171.126.5,27934,*,*,*,"[2, 0, 0, 0, 0, 0, 0, 0, 0, 0, 0, 0, 0]"
2237,59.166.0.2,*,149.171.126.5,35719,*,*,*,"[2, 0, 0, 0, 0, 0, 0, 0, 0, 0, 0, 0, 0]"
2238,59.166.0.2,*,149.171.126.5,42130,*,*,*,"[2, 0, 0, 0, 0, 0, 0, 0, 0, 0, 0, 0, 0]"
2239,59.166.0.2,*,149.171.126.5,5190,*,*,*,"[21, 29, 17, 16, 13, 18, 20, 11, 21, 10, 23, 17, 9]"
2240,59.166.0.2,*,149.171.126.5,52294,*,*,*,"[3, 0, 0, 0, 0, 0, 0, 0, 0, 0, 0, 0, 0]"
2241,59.166.0.2,*,149.171.126.5,52801,*,*,*,"[5, 0, 0, 0, 0, 0, 0, 0, 0, 0, 0, 0, 0]"
2242,59.166.0.2,*,149.171.126.5,53,*,*,*,"[48, 51, 59, 48, 41, 46, 40, 41, 57, 50, 61, 46, 64]"
2243,59.166.0.2,*,149.171.126.5,56048,*,*,*,"[5, 0, 0, 0, 0, 0, 0, 0, 0, 0, 0, 0, 0]"
2244,59.166.0.2,*,149.171.126.5,64030,*,*,*,"[5, 0, 0, 0, 0, 0, 0, 0, 0, 0, 0, 0, 0]"
2245,59.166.0.2,*,149.171.126.5,6881,*,*,*,"[12, 0, 6, 42, 12, 6, 36, 36, 30, 12, 12, 0, 30]"
2246,59.166.0.2,*,149.171.126.5,80,*,*,*,"[25, 24, 33, 24, 31, 22, 21, 26, 34, 24, 32, 23, 34]"
2247,59.166.0.2,*,149.171.126.5,13142,*,*,*,"[0, 2, 2, 0, 0, 0, 0, 0, 0, 0, 0, 0, 0]"
2248,59.166.0.2,*,149.171.126.5,17751,*,*,*,"[0, 0, 2, 0, 0, 0, 0, 0, 0, 0, 0, 0, 0]"
2249,59.166.0.2,*,149.171.126.5,27976,*,*,*,"[0, 2, 2, 0, 0, 0, 0, 0, 0, 0, 0, 0, 0]"
2250,59.166.0.2,*,149.171.126.5,35397,*,*,*,"[0, 2, 2, 0, 0, 0, 0, 0, 0, 0, 0, 0, 0]"
2251,59.166.0.2,*,149.171.126.5,7644,*,*,*,"[0, 0, 2, 0, 0, 0, 0, 0, 0, 0, 0, 0, 0]"
2252,59.166.0.2,*,149.171.126.5,9620,*,*,*,"[0, 0, 2, 0, 0, 0, 0, 0, 0, 0, 0, 0, 0]"
2253,59.166.0.2,*,149.171.126.5,14987,*,*,*,"[0, 0, 2, 0, 0, 0, 0, 0, 0, 0, 0, 0, 0]"
2254,59.166.0.2,*,149.171.126.5,26927,*,*,*,"[0, 0, 3, 0, 0, 0, 0, 0, 0, 0, 0, 0, 0]"
2255,59.166.0.2,*,149.171.126.5,2869,*,*,*,"[0, 0, 2, 0, 0, 0, 0, 0, 0, 0, 0, 0, 0]"
2256,59.166.0.2,*,149.171.126.5,3398,*,*,*,"[0, 0, 2, 0, 0, 0, 0, 0, 0, 0, 0, 0, 0]"
2257,59.166.0.2,*,149.171.126.5,34484,*,*,*,"[0, 0, 3, 0, 0, 0, 0, 0, 0, 0, 0, 0, 0]"
2258,59.166.0.2,*,149.171.126.5,60997,*,*,*,"[0, 0, 3, 0, 0, 0, 0, 0, 0, 0, 0, 0, 0]"
2259,59.166.0.2,*,149.171.126.5,11680,*,*,*,"[0, 0, 0, 2, 0, 0, 0, 0, 0, 0, 0, 0, 0]"
2260,59.166.0.2,*,149.171.126.5,20048,*,*,*,"[0, 0, 0, 2, 0, 0, 0, 0, 0, 0, 0, 0, 0]"
2261,59.166.0.2,*,149.171.126.5,32912,*,*,*,"[0, 0, 0, 2, 0, 0, 0, 0, 0, 0, 0, 0, 0]"
2262,59.166.0.2,*,149.171.126.5,44685,*,*,*,"[0, 0, 0, 2, 0, 0, 0, 0, 0, 0, 0, 0, 0]"
2263,59.166.0.2,*,149.171.126.5,54131,*,*,*,"[0, 0, 0, 2, 0, 0, 0, 0, 0, 0, 0, 0, 0]"
2264,59.166.0.2,*,149.171.126.5,57521,*,*,*,"[0, 0, 0, 2, 0, 0, 0, 0, 0, 0, 0, 0, 0]"
2265,59.166.0.2,*,149.171.126.5,12916,*,*,*,"[0, 0, 0, 0, 2, 0, 0, 0, 0, 0, 0, 0, 0]"
2266,59.166.0.2,*,149.171.126.5,29238,*,*,*,"[0, 0, 0, 0, 2, 0, 0, 0, 0, 0, 0, 0, 0]"
2267,59.166.0.2,*,149.171.126.5,33656,*,*,*,"[0, 0, 0, 0, 2, 0, 0, 0, 0, 0, 0, 0, 0]"
2268,59.166.0.2,*,149.171.126.5,36222,*,*,*,"[0, 0, 0, 0, 2, 0, 0, 0, 0, 0, 0, 0, 0]"
2269,59.166.0.2,*,149.171.126.5,5131,*,*,*,"[0, 0, 0, 0, 2, 0, 0, 0, 0, 0, 0, 0, 0]"
2270,59.166.0.2,*,149.171.126.5,56995,*,*,*,"[0, 0, 0, 0, 2, 0, 0, 0, 0, 0, 0, 0, 0]"
2271,59.166.0.2,*,149.171.126.5,18292,*,*,*,"[0, 0, 0, 0, 0, 4, 0, 0, 0, 0, 0, 0, 0]"
2272,59.166.0.2,*,149.171.126.5,18741,*,*,*,"[0, 0, 0, 0, 0, 4, 0, 0, 0, 0, 0, 0, 0]"
2273,59.166.0.2,*,149.171.126.5,28875,*,*,*,"[0, 0, 0, 0, 0, 4, 0, 0, 0, 0, 0, 0, 0]"
2274,59.166.0.2,*,149.171.126.5,15419,*,*,*,"[0, 0, 0, 0, 0, 0, 3, 0, 0, 0, 0, 0, 0]"
2275,59.166.0.2,*,149.171.126.5,21049,*,*,*,"[0, 0, 0, 0, 0, 0, 2, 0, 0, 0, 0, 0, 0]"
2276,59.166.0.2,*,149.171.126.5,35856,*,*,*,"[0, 0, 0, 0, 0, 0, 2, 0, 0, 0, 0, 0, 0]"
2277,59.166.0.2,*,149.171.126.5,49483,*,*,*,"[0, 0, 0, 0, 0, 0, 2, 0, 0, 0, 0, 0, 0]"
2278,59.166.0.2,*,149.171.126.5,52639,*,*,*,"[0, 0, 0, 0, 0, 0, 3, 0, 0, 0, 0, 0, 0]"
2279,59.166.0.2,*,149.171.126.5,8051,*,*,*,"[0, 0, 0, 0, 0, 0, 3, 0, 0, 0, 0, 0, 0]"
2280,59.166.0.2,*,149.171.126.5,54475,*,*,*,"[0, 0, 0, 0, 0, 0, 0, 3, 0, 0, 0, 0, 0]"
2281,59.166.0.2,*,149.171.126.5,55348,*,*,*,"[0, 0, 0, 0, 0, 0, 0, 3, 0, 0, 0, 0, 0]"
2282,59.166.0.2,*,149.171.126.5,64665,*,*,*,"[0, 0, 0, 0, 0, 0, 0, 3, 0, 0, 0, 0, 0]"
2283,59.166.0.2,*,149.171.126.5,10198,*,*,*,"[0, 0, 0, 0, 0, 0, 0, 0, 2, 0, 0, 0, 0]"
2284,59.166.0.2,*,149.171.126.5,24196,*,*,*,"[0, 0, 0, 0, 0, 0, 0, 0, 2, 0, 0, 0, 0]"
2285,59.166.0.2,*,149.171.126.5,35231,*,*,*,"[0, 0, 0, 0, 0, 0, 0, 0, 2, 0, 0, 0, 0]"
2286,59.166.0.2,*,149.171.126.5,32991,*,*,*,"[0, 0, 0, 0, 0, 0, 0, 0, 0, 0, 2, 0, 0]"
2287,59.166.0.2,*,149.171.126.5,49991,*,*,*,"[0, 0, 0, 0, 0, 0, 0, 0, 0, 0, 2, 0, 0]"
2288,59.166.0.2,*,149.171.126.5,57668,*,*,*,"[0, 0, 0, 0, 0, 0, 0, 0, 0, 0, 2, 0, 0]"
2289,59.166.0.2,*,149.171.126.5,11513,*,*,*,"[0, 0, 0, 0, 0, 0, 0, 0, 0, 0, 0, 2, 0]"
2290,59.166.0.2,*,149.171.126.5,14575,*,*,*,"[0, 0, 0, 0, 0, 0, 0, 0, 0, 0, 0, 2, 0]"
2291,59.166.0.2,*,149.171.126.5,18583,*,*,*,"[0, 0, 0, 0, 0, 0, 0, 0, 0, 0, 0, 2, 0]"
2292,59.166.0.2,*,149.171.126.5,19056,*,*,*,"[0, 0, 0, 0, 0, 0, 0, 0, 0, 0, 0, 2, 0]"
2293,59.166.0.2,*,149.171.126.5,25974,*,*,*,"[0, 0, 0, 0, 0, 0, 0, 0, 0, 0, 0, 2, 0]"
2294,59.166.0.2,*,149.171.126.5,36781,*,*,*,"[0, 0, 0, 0, 0, 0, 0, 0, 0, 0, 0, 2, 0]"
2295,59.166.0.2,*,149.171.126.5,45717,*,*,*,"[0, 0, 0, 0, 0, 0, 0, 0, 0, 0, 0, 2, 0]"
2296,59.166.0.2,*,149.171.126.5,56614,*,*,*,"[0, 0, 0, 0, 0, 0, 0, 0, 0, 0, 0, 2, 0]"
2297,59.166.0.2,*,149.171.126.5,56852,*,*,*,"[0, 0, 0, 0, 0, 0, 0, 0, 0, 0, 0, 2, 0]"
2298,59.166.0.2,*,149.171.126.5,16398,*,*,*,"[0, 0, 0, 0, 0, 0, 0, 0, 0, 0, 0, 0, 2]"
2299,59.166.0.2,*,149.171.126.5,20549,*,*,*,"[0, 0, 0, 0, 0, 0, 0, 0, 0, 0, 0, 0, 2]"
2300,59.166.0.2,*,149.171.126.5,21133,*,*,*,"[0, 0, 0, 0, 0, 0, 0, 0, 0, 0, 0, 0, 2]"
2301,59.166.0.2,*,149.171.126.5,24900,*,*,*,"[0, 0, 0, 0, 0, 0, 0, 0, 0, 0, 0, 0, 2]"
2302,59.166.0.2,*,149.171.126.5,48182,*,*,*,"[0, 0, 0, 0, 0, 0, 0, 0, 0, 0, 0, 0, 2]"
2303,59.166.0.2,*,149.171.126.5,53740,*,*,*,"[0, 0, 0, 0, 0, 0, 0, 0, 0, 0, 0, 0, 2]"
2304,59.166.0.2,*,149.171.126.5,56959,*,*,*,"[0, 0, 0, 0, 0, 0, 0, 0, 0, 0, 0, 0, 2]"
2305,59.166.0.2,*,149.171.126.5,63753,*,*,*,"[0, 0, 0, 0, 0, 0, 0, 0, 0, 0, 0, 0, 2]"
2306,59.166.0.2,*,149.171.126.5,64396,*,*,*,"[0, 0, 0, 0, 0, 0, 0, 0, 0, 0, 0, 0, 2]"
2307,59.166.0.2,*,149.171.126.6,111,*,*,*,"[15, 10, 9, 12, 13, 12, 11, 13, 11, 15, 8, 10, 11]"
2308,59.166.0.2,*,149.171.126.6,143,*,*,*,"[7, 10, 8, 4, 4, 6, 5, 2, 9, 8, 7, 0, 11]"
2309,59.166.0.2,*,149.171.126.6,17087,*,*,*,"[3, 0, 0, 0, 0, 0, 0, 0, 0, 0, 0, 0, 0]"
2310,59.166.0.2,*,149.171.126.6,21,*,*,*,"[8, 6, 5, 7, 11, 9, 6, 5, 3, 7, 8, 9, 8]"
2311,59.166.0.2,*,149.171.126.6,22,*,*,*,"[2, 6, 8, 10, 5, 5, 0, 0, 9, 7, 4, 7, 8]"
2312,59.166.0.2,*,149.171.126.6,25,*,*,*,"[13, 14, 10, 14, 11, 9, 11, 7, 9, 17, 12, 9, 8]"
2313,59.166.0.2,*,149.171.126.6,45548,*,*,*,"[3, 0, 0, 0, 0, 0, 0, 0, 0, 0, 0, 0, 0]"
2314,59.166.0.2,*,149.171.126.6,46109,*,*,*,"[2, 0, 0, 0, 0, 0, 0, 0, 0, 0, 0, 0, 0]"
2315,59.166.0.2,*,149.171.126.6,5190,*,*,*,"[23, 21, 14, 9, 10, 14, 17, 14, 22, 20, 18, 20, 24]"
2316,59.166.0.2,*,149.171.126.6,52796,*,*,*,"[3, 0, 0, 0, 0, 0, 0, 0, 0, 0, 0, 0, 0]"
2317,59.166.0.2,*,149.171.126.6,53,*,*,*,"[52, 59, 55, 53, 36, 49, 50, 35, 57, 39, 46, 48, 68]"
2318,59.166.0.2,*,149.171.126.6,63666,*,*,*,"[2, 0, 0, 0, 0, 0, 0, 0, 0, 0, 0, 0, 0]"
2319,59.166.0.2,*,149.171.126.6,6881,*,*,*,"[6, 6, 0, 12, 6, 18, 42, 49, 24, 18, 12, 0, 30]"
2320,59.166.0.2,*,149.171.126.6,7315,*,*,*,"[2, 0, 0, 0, 0, 0, 0, 0, 0, 0, 0, 0, 0]"
2321,59.166.0.2,*,149.171.126.6,80,*,*,*,"[33, 21, 30, 27, 28, 24, 23, 14, 22, 14, 18, 27, 28]"
2322,59.166.0.2,*,149.171.126.6,14724,*,*,*,"[0, 2, 0, 0, 0, 0, 0, 0, 0, 0, 0, 0, 0]"
2323,59.166.0.2,*,149.171.126.6,31010,*,*,*,"[0, 2, 0, 0, 0, 0, 0, 0, 0, 0, 0, 0, 0]"
2324,59.166.0.2,*,149.171.126.6,43267,*,*,*,"[0, 2, 0, 0, 0, 0, 0, 0, 0, 0, 0, 0, 0]"
2325,59.166.0.2,*,149.171.126.6,49439,*,*,*,"[0, 2, 0, 0, 0, 0, 0, 0, 0, 0, 0, 0, 0]"
2326,59.166.0.2,*,149.171.126.6,57753,*,*,*,"[0, 2, 0, 0, 0, 0, 0, 0, 0, 0, 0, 0, 0]"
2327,59.166.0.2,*,149.171.126.6,61834,*,*,*,"[0, 2, 0, 0, 0, 0, 0, 0, 0, 0, 0, 0, 0]"
2328,59.166.0.2,*,149.171.126.6,14987,*,*,*,"[0, 0, 2, 0, 0, 0, 0, 0, 0, 0, 0, 0, 0]"
2329,59.166.0.2,*,149.171.126.6,17751,*,*,*,"[0, 0, 2, 0, 0, 0, 0, 0, 0, 0, 0, 0, 0]"
2330,59.166.0.2,*,149.171.126.6,2869,*,*,*,"[0, 0, 2, 0, 0, 0, 0, 0, 0, 0, 0, 0, 0]"
2331,59.166.0.2,*,149.171.126.6,3398,*,*,*,"[0, 0, 2, 0, 0, 0, 0, 0, 0, 0, 0, 0, 0]"
2332,59.166.0.2,*,149.171.126.6,7644,*,*,*,"[0, 0, 2, 0, 0, 0, 0, 0, 0, 0, 0, 0, 0]"
2333,59.166.0.2,*,149.171.126.6,9620,*,*,*,"[0, 0, 2, 0, 0, 0, 0, 0, 0, 0, 0, 0, 0]"
2334,59.166.0.2,*,149.171.126.6,1397,*,*,*,"[0, 0, 0, 2, 0, 0, 0, 0, 0, 0, 0, 0, 0]"
2335,59.166.0.2,*,149.171.126.6,21831,*,*,*,"[0, 0, 0, 2, 0, 0, 0, 0, 0, 0, 0, 0, 0]"
2336,59.166.0.2,*,149.171.126.6,30639,*,*,*,"[0, 0, 0, 3, 0, 0, 0, 0, 0, 0, 0, 0, 0]"
2337,59.166.0.2,*,149.171.126.6,40725,*,*,*,"[0, 0, 0, 0, 2, 0, 0, 0, 0, 0, 0, 0, 0]"
2338,59.166.0.2,*,149.171.126.6,45133,*,*,*,"[0, 0, 0, 2, 0, 0, 0, 0, 0, 0, 0, 0, 0]"
2339,59.166.0.2,*,149.171.126.6,56243,*,*,*,"[0, 0, 0, 0, 2, 0, 0, 0, 0, 0, 0, 0, 0]"
2340,59.166.0.2,*,149.171.126.6,57588,*,*,*,"[0, 0, 0, 3, 0, 0, 0, 0, 0, 0, 0, 0, 0]"
2341,59.166.0.2,*,149.171.126.6,58003,*,*,*,"[0, 0, 0, 3, 0, 0, 0, 0, 0, 0, 0, 0, 0]"
2342,59.166.0.2,*,149.171.126.6,60335,*,*,*,"[0, 0, 0, 0, 2, 0, 0, 0, 0, 0, 0, 0, 0]"
2343,59.166.0.2,*,149.171.126.6,10589,*,*,*,"[0, 0, 0, 0, 2, 0, 0, 0, 0, 0, 0, 0, 0]"
2344,59.166.0.2,*,149.171.126.6,11821,*,*,*,"[0, 0, 0, 0, 2, 0, 0, 0, 0, 0, 0, 0, 0]"
2345,59.166.0.2,*,149.171.126.6,12916,*,*,*,"[0, 0, 0, 0, 2, 0, 0, 0, 0, 0, 0, 0, 0]"
2346,59.166.0.2,*,149.171.126.6,15171,*,*,*,"[0, 0, 0, 0, 2, 0, 0, 0, 0, 0, 0, 0, 0]"
2347,59.166.0.2,*,149.171.126.6,17268,*,*,*,"[0, 0, 0, 0, 2, 0, 0, 0, 0, 0, 0, 0, 0]"
2348,59.166.0.2,*,149.171.126.6,26373,*,*,*,"[0, 0, 0, 0, 0, 2, 0, 0, 0, 0, 0, 0, 0]"
2349,59.166.0.2,*,149.171.126.6,29238,*,*,*,"[0, 0, 0, 0, 2, 0, 0, 0, 0, 0, 0, 0, 0]"
2350,59.166.0.2,*,149.171.126.6,30906,*,*,*,"[0, 0, 0, 0, 2, 0, 0, 0, 0, 0, 0, 0, 0]"
2351,59.166.0.2,*,149.171.126.6,33656,*,*,*,"[0, 0, 0, 0, 2, 0, 0, 0, 0, 0, 0, 0, 0]"
2352,59.166.0.2,*,149.171.126.6,40239,*,*,*,"[0, 0, 0, 0, 0, 2, 0, 0, 0, 0, 0, 0, 0]"
2353,59.166.0.2,*,149.171.126.6,46019,*,*,*,"[0, 0, 0, 0, 2, 0, 0, 0, 0, 0, 0, 0, 0]"
2354,59.166.0.2,*,149.171.126.6,6517,*,*,*,"[0, 0, 0, 0, 0, 2, 0, 0, 0, 0, 0, 0, 0]"
2355,59.166.0.2,*,149.171.126.6,15489,*,*,*,"[0, 0, 0, 0, 0, 5, 0, 0, 0, 0, 0, 0, 0]"
2356,59.166.0.2,*,149.171.126.6,34138,*,*,*,"[0, 0, 0, 0, 0, 5, 0, 0, 0, 0, 0, 0, 0]"
2357,59.166.0.2,*,149.171.126.6,42523,*,*,*,"[0, 0, 0, 0, 0, 5, 0, 0, 0, 0, 0, 0, 0]"
2358,59.166.0.2,*,149.171.126.6,15419,*,*,*,"[0, 0, 0, 0, 0, 0, 2, 0, 0, 0, 0, 0, 0]"
2359,59.166.0.2,*,149.171.126.6,21049,*,*,*,"[0, 0, 0, 0, 0, 0, 2, 0, 0, 0, 0, 0, 0]"
2360,59.166.0.2,*,149.171.126.6,35856,*,*,*,"[0, 0, 0, 0, 0, 0, 2, 0, 0, 0, 0, 0, 0]"
2361,59.166.0.2,*,149.171.126.6,49483,*,*,*,"[0, 0, 0, 0, 0, 0, 2, 0, 0, 0, 0, 0, 0]"
2362,59.166.0.2,*,149.171.126.6,52639,*,*,*,"[0, 0, 0, 0, 0, 0, 2, 0, 0, 0, 0, 0, 0]"
2363,59.166.0.2,*,149.171.126.6,8051,*,*,*,"[0, 0, 0, 0, 0, 0, 2, 0, 0, 0, 0, 0, 0]"
2364,59.166.0.2,*,149.171.126.6,22627,*,*,*,"[0, 0, 0, 0, 0, 0, 0, 0, 2, 0, 0, 0, 0]"
2365,59.166.0.2,*,149.171.126.6,4212,*,*,*,"[0, 0, 0, 0, 0, 0, 0, 0, 2, 0, 0, 0, 0]"
2366,59.166.0.2,*,149.171.126.6,8998,*,*,*,"[0, 0, 0, 0, 0, 0, 0, 0, 2, 0, 0, 0, 0]"
2367,59.166.0.2,*,149.171.126.6,23937,*,*,*,"[0, 0, 0, 0, 0, 0, 0, 0, 0, 3, 0, 0, 0]"
2368,59.166.0.2,*,149.171.126.6,38936,*,*,*,"[0, 0, 0, 0, 0, 0, 0, 0, 0, 3, 0, 0, 0]"
2369,59.166.0.2,*,149.171.126.6,52561,*,*,*,"[0, 0, 0, 0, 0, 0, 0, 0, 0, 3, 0, 0, 0]"
2370,59.166.0.2,*,149.171.126.6,62821,*,*,*,"[0, 0, 0, 0, 0, 0, 0, 0, 0, 2, 0, 0, 0]"
2371,59.166.0.2,*,149.171.126.6,63656,*,*,*,"[0, 0, 0, 0, 0, 0, 0, 0, 0, 2, 0, 0, 0]"
2372,59.166.0.2,*,149.171.126.6,65504,*,*,*,"[0, 0, 0, 0, 0, 0, 0, 0, 0, 2, 0, 0, 0]"
2373,59.166.0.2,*,149.171.126.6,13761,*,*,*,"[0, 0, 0, 0, 0, 0, 0, 0, 0, 0, 2, 0, 0]"
2374,59.166.0.2,*,149.171.126.6,16120,*,*,*,"[0, 0, 0, 0, 0, 0, 0, 0, 0, 0, 3, 0, 0]"
2375,59.166.0.2,*,149.171.126.6,31484,*,*,*,"[0, 0, 0, 0, 0, 0, 0, 0, 0, 0, 2, 0, 0]"
2376,59.166.0.2,*,149.171.126.6,32991,*,*,*,"[0, 0, 0, 0, 0, 0, 0, 0, 0, 0, 3, 0, 0]"
2377,59.166.0.2,*,149.171.126.6,38033,*,*,*,"[0, 0, 0, 0, 0, 0, 0, 0, 0, 0, 2, 0, 0]"
2378,59.166.0.2,*,149.171.126.6,49991,*,*,*,"[0, 0, 0, 0, 0, 0, 0, 0, 0, 0, 3, 0, 0]"
2379,59.166.0.2,*,149.171.126.6,57668,*,*,*,"[0, 0, 0, 0, 0, 0, 0, 0, 0, 0, 3, 0, 0]"
2380,59.166.0.2,*,149.171.126.6,62120,*,*,*,"[0, 0, 0, 0, 0, 0, 0, 0, 0, 0, 3, 0, 0]"
2381,59.166.0.2,*,149.171.126.6,64158,*,*,*,"[0, 0, 0, 0, 0, 0, 0, 0, 0, 0, 3, 0, 0]"
2382,59.166.0.2,*,149.171.126.6,11513,*,*,*,"[0, 0, 0, 0, 0, 0, 0, 0, 0, 0, 0, 4, 0]"
2383,59.166.0.2,*,149.171.126.6,19056,*,*,*,"[0, 0, 0, 0, 0, 0, 0, 0, 0, 0, 0, 4, 0]"
2384,59.166.0.2,*,149.171.126.6,41227,*,*,*,"[0, 0, 0, 0, 0, 0, 0, 0, 0, 0, 0, 3, 0]"
2385,59.166.0.2,*,149.171.126.6,56614,*,*,*,"[0, 0, 0, 0, 0, 0, 0, 0, 0, 0, 0, 4, 0]"
2386,59.166.0.2,*,149.171.126.6,63238,*,*,*,"[0, 0, 0, 0, 0, 0, 0, 0, 0, 0, 0, 3, 0]"
2387,59.166.0.2,*,149.171.126.6,6786,*,*,*,"[0, 0, 0, 0, 0, 0, 0, 0, 0, 0, 0, 3, 0]"
2388,59.166.0.2,*,149.171.126.6,10394,*,*,*,"[0, 0, 0, 0, 0, 0, 0, 0, 0, 0, 0, 0, 3]"
2389,59.166.0.2,*,149.171.126.6,13839,*,*,*,"[0, 0, 0, 0, 0, 0, 0, 0, 0, 0, 0, 0, 3]"
2390,59.166.0.2,*,149.171.126.6,16398,*,*,*,"[0, 0, 0, 0, 0, 0, 0, 0, 0, 0, 0, 0, 2]"
2391,59.166.0.2,*,149.171.126.6,19518,*,*,*,"[0, 0, 0, 0, 0, 0, 0, 0, 0, 0, 0, 0, 3]"
2392,59.166.0.2,*,149.171.126.6,26866,*,*,*,"[0, 0, 0, 0, 0, 0, 0, 0, 0, 0, 0, 0, 3]"
2393,59.166.0.2,*,149.171.126.6,32528,*,*,*,"[0, 0, 0, 0, 0, 0, 0, 0, 0, 0, 0, 0, 3]"
2394,59.166.0.2,*,149.171.126.6,50688,*,*,*,"[0, 0, 0, 0, 0, 0, 0, 0, 0, 0, 0, 0, 3]"
2395,59.166.0.2,*,149.171.126.6,53740,*,*,*,"[0, 0, 0, 0, 0, 0, 0, 0, 0, 0, 0, 0, 2]"
2396,59.166.0.2,*,149.171.126.6,56959,*,*,*,"[0, 0, 0, 0, 0, 0, 0, 0, 0, 0, 0, 0, 2]"
2397,59.166.0.2,*,149.171.126.7,111,*,*,*,"[9, 8, 8, 6, 13, 9, 6, 8, 8, 10, 10, 12, 13]"
2398,59.166.0.2,*,149.171.126.7,143,*,*,*,"[6, 4, 6, 6, 7, 9, 5, 0, 3, 7, 6, 8, 9]"
2399,59.166.0.2,*,149.171.126.7,17087,*,*,*,"[2, 0, 0, 0, 0, 0, 0, 0, 0, 0, 0, 0, 0]"
2400,59.166.0.2,*,149.171.126.7,18023,*,*,*,"[2, 0, 0, 0, 0, 0, 0, 0, 0, 0, 0, 0, 0]"
2401,59.166.0.2,*,149.171.126.7,21,*,*,*,"[9, 7, 7, 7, 10, 6, 2, 4, 8, 8, 10, 8, 2]"
2402,59.166.0.2,*,149.171.126.7,22,*,*,*,"[7, 8, 6, 11, 7, 13, 2, 0, 6, 9, 10, 5, 9]"
2403,59.166.0.2,*,149.171.126.7,25,*,*,*,"[13, 13, 10, 9, 9, 12, 11, 5, 12, 18, 11, 11, 13]"
2404,59.166.0.2,*,149.171.126.7,27934,*,*,*,"[3, 0, 0, 0, 0, 0, 0, 0, 0, 0, 0, 0, 0]"
2405,59.166.0.2,*,149.171.126.7,32664,*,*,*,"[2, 0, 0, 0, 0, 0, 0, 0, 0, 0, 0, 0, 0]"
2406,59.166.0.2,*,149.171.126.7,35719,*,*,*,"[3, 0, 0, 0, 0, 0, 0, 0, 0, 0, 0, 0, 0]"
2407,59.166.0.2,*,149.171.126.7,42130,*,*,*,"[3, 0, 0, 0, 0, 0, 0, 0, 0, 0, 0, 0, 0]"
2408,59.166.0.2,*,149.171.126.7,45548,*,*,*,"[2, 0, 0, 0, 0, 0, 0, 0, 0, 0, 0, 0, 0]"
2409,59.166.0.2,*,149.171.126.7,4950,*,*,*,"[2, 0, 0, 0, 0, 0, 0, 0, 0, 0, 0, 0, 0]"
2410,59.166.0.2,*,149.171.126.7,5190,*,*,*,"[20, 17, 10, 14, 11, 19, 20, 6, 18, 29, 28, 10, 13]"
2411,59.166.0.2,*,149.171.126.7,52796,*,*,*,"[2, 0, 0, 0, 0, 0, 0, 0, 0, 0, 0, 0, 0]"
2412,59.166.0.2,*,149.171.126.7,53,*,*,*,"[58, 59, 39, 62, 54, 44, 56, 50, 38, 47, 51, 49, 46]"
2413,59.166.0.2,*,149.171.126.7,6881,*,*,*,"[12, 12, 21, 36, 18, 24, 48, 66, 0, 0, 6, 21, 12]"
2414,59.166.0.2,*,149.171.126.7,80,*,*,*,"[24, 31, 29, 24, 22, 25, 32, 22, 25, 22, 26, 23, 27]"
2415,59.166.0.2,*,149.171.126.7,3062,*,*,*,"[0, 3, 0, 0, 0, 0, 0, 0, 0, 0, 0, 0, 0]"
2416,59.166.0.2,*,149.171.126.7,34463,*,*,*,"[0, 3, 0, 0, 0, 0, 0, 0, 0, 0, 0, 0, 0]"
2417,59.166.0.2,*,149.171.126.7,38395,*,*,*,"[0, 3, 0, 0, 0, 0, 0, 0, 0, 0, 0, 0, 0]"
2418,59.166.0.2,*,149.171.126.7,11680,*,*,*,"[0, 0, 0, 4, 0, 0, 0, 0, 0, 0, 0, 0, 0]"
2419,59.166.0.2,*,149.171.126.7,30639,*,*,*,"[0, 0, 2, 2, 0, 0, 0, 0, 0, 0, 0, 0, 0]"
2420,59.166.0.2,*,149.171.126.7,32912,*,*,*,"[0, 0, 0, 4, 0, 0, 0, 0, 0, 0, 0, 0, 0]"
2421,59.166.0.2,*,149.171.126.7,44685,*,*,*,"[0, 0, 0, 4, 0, 0, 0, 0, 0, 0, 0, 0, 0]"
2422,59.166.0.2,*,149.171.126.7,57588,*,*,*,"[0, 0, 2, 2, 0, 0, 0, 0, 0, 0, 0, 0, 0]"
2423,59.166.0.2,*,149.171.126.7,58003,*,*,*,"[0, 0, 2, 2, 0, 0, 0, 0, 0, 0, 0, 0, 0]"
2424,59.166.0.2,*,149.171.126.7,11821,*,*,*,"[0, 0, 0, 0, 2, 0, 0, 0, 0, 0, 0, 0, 0]"
2425,59.166.0.2,*,149.171.126.7,12916,*,*,*,"[0, 0, 0, 0, 2, 0, 0, 0, 0, 0, 0, 0, 0]"
2426,59.166.0.2,*,149.171.126.7,15171,*,*,*,"[0, 0, 0, 0, 2, 0, 0, 0, 0, 0, 0, 0, 0]"
2427,59.166.0.2,*,149.171.126.7,17268,*,*,*,"[0, 0, 0, 0, 2, 0, 0, 0, 0, 0, 0, 0, 0]"
2428,59.166.0.2,*,149.171.126.7,29238,*,*,*,"[0, 0, 0, 0, 2, 0, 0, 0, 0, 0, 0, 0, 0]"
2429,59.166.0.2,*,149.171.126.7,33656,*,*,*,"[0, 0, 0, 0, 2, 0, 0, 0, 0, 0, 0, 0, 0]"
2430,59.166.0.2,*,149.171.126.7,36222,*,*,*,"[0, 0, 0, 0, 4, 0, 0, 0, 0, 0, 0, 0, 0]"
2431,59.166.0.2,*,149.171.126.7,40239,*,*,*,"[0, 0, 0, 0, 0, 2, 0, 0, 0, 0, 0, 0, 0]"
2432,59.166.0.2,*,149.171.126.7,5131,*,*,*,"[0, 0, 0, 0, 4, 0, 0, 0, 0, 0, 0, 0, 0]"
2433,59.166.0.2,*,149.171.126.7,56995,*,*,*,"[0, 0, 0, 0, 4, 0, 0, 0, 0, 0, 0, 0, 0]"
2434,59.166.0.2,*,149.171.126.7,6517,*,*,*,"[0, 0, 0, 0, 0, 2, 0, 0, 0, 0, 0, 0, 0]"
2435,59.166.0.2,*,149.171.126.7,15489,*,*,*,"[0, 0, 0, 0, 0, 2, 0, 0, 0, 0, 0, 0, 0]"
2436,59.166.0.2,*,149.171.126.7,26373,*,*,*,"[0, 0, 0, 0, 0, 2, 0, 0, 0, 0, 0, 0, 0]"
2437,59.166.0.2,*,149.171.126.7,34138,*,*,*,"[0, 0, 0, 0, 0, 2, 0, 0, 0, 0, 0, 0, 0]"
2438,59.166.0.2,*,149.171.126.7,42523,*,*,*,"[0, 0, 0, 0, 0, 2, 0, 0, 0, 0, 0, 0, 0]"
2439,59.166.0.2,*,149.171.126.7,26416,*,*,*,"[0, 0, 0, 0, 0, 0, 0, 2, 0, 0, 0, 0, 0]"
2440,59.166.0.2,*,149.171.126.7,54484,*,*,*,"[0, 0, 0, 0, 0, 0, 0, 2, 0, 0, 0, 0, 0]"
2441,59.166.0.2,*,149.171.126.7,60641,*,*,*,"[0, 0, 0, 0, 0, 0, 0, 2, 0, 0, 0, 0, 0]"
2442,59.166.0.2,*,149.171.126.7,10198,*,*,*,"[0, 0, 0, 0, 0, 0, 0, 0, 4, 0, 0, 0, 0]"
2443,59.166.0.2,*,149.171.126.7,24196,*,*,*,"[0, 0, 0, 0, 0, 0, 0, 0, 4, 0, 0, 0, 0]"
2444,59.166.0.2,*,149.171.126.7,35231,*,*,*,"[0, 0, 0, 0, 0, 0, 0, 0, 4, 0, 0, 0, 0]"
2445,59.166.0.2,*,149.171.126.7,36106,*,*,*,"[0, 0, 0, 0, 0, 0, 0, 0, 3, 0, 0, 0, 0]"
2446,59.166.0.2,*,149.171.126.7,37612,*,*,*,"[0, 0, 0, 0, 0, 0, 0, 0, 3, 0, 0, 0, 0]"
2447,59.166.0.2,*,149.171.126.7,56854,*,*,*,"[0, 0, 0, 0, 0, 0, 0, 0, 3, 0, 0, 0, 0]"
2448,59.166.0.2,*,149.171.126.7,20465,*,*,*,"[0, 0, 0, 0, 0, 0, 0, 0, 0, 2, 0, 0, 0]"
2449,59.166.0.2,*,149.171.126.7,22432,*,*,*,"[0, 0, 0, 0, 0, 0, 0, 0, 0, 3, 0, 0, 0]"
2450,59.166.0.2,*,149.171.126.7,33291,*,*,*,"[0, 0, 0, 0, 0, 0, 0, 0, 0, 2, 0, 0, 0]"
2451,59.166.0.2,*,149.171.126.7,45963,*,*,*,"[0, 0, 0, 0, 0, 0, 0, 0, 0, 0, 2, 0, 0]"
2452,59.166.0.2,*,149.171.126.7,46326,*,*,*,"[0, 0, 0, 0, 0, 0, 0, 0, 0, 3, 0, 0, 0]"
2453,59.166.0.2,*,149.171.126.7,46967,*,*,*,"[0, 0, 0, 0, 0, 0, 0, 0, 0, 3, 0, 0, 0]"
2454,59.166.0.2,*,149.171.126.7,58190,*,*,*,"[0, 0, 0, 0, 0, 0, 0, 0, 0, 2, 0, 0, 0]"
2455,59.166.0.2,*,149.171.126.7,62821,*,*,*,"[0, 0, 0, 0, 0, 0, 0, 0, 0, 3, 0, 0, 0]"
2456,59.166.0.2,*,149.171.126.7,63656,*,*,*,"[0, 0, 0, 0, 0, 0, 0, 0, 0, 3, 0, 0, 0]"
2457,59.166.0.2,*,149.171.126.7,65504,*,*,*,"[0, 0, 0, 0, 0, 0, 0, 0, 0, 3, 0, 0, 0]"
2458,59.166.0.2,*,149.171.126.7,13761,*,*,*,"[0, 0, 0, 0, 0, 0, 0, 0, 0, 0, 4, 0, 0]"
2459,59.166.0.2,*,149.171.126.7,31484,*,*,*,"[0, 0, 0, 0, 0, 0, 0, 0, 0, 0, 4, 0, 0]"
2460,59.166.0.2,*,149.171.126.7,32991,*,*,*,"[0, 0, 0, 0, 0, 0, 0, 0, 0, 0, 2, 0, 0]"
2461,59.166.0.2,*,149.171.126.7,38033,*,*,*,"[0, 0, 0, 0, 0, 0, 0, 0, 0, 0, 4, 0, 0]"
2462,59.166.0.2,*,149.171.126.7,44976,*,*,*,"[0, 0, 0, 0, 0, 0, 0, 0, 0, 0, 2, 0, 0]"
2463,59.166.0.2,*,149.171.126.7,49991,*,*,*,"[0, 0, 0, 0, 0, 0, 0, 0, 0, 0, 2, 0, 0]"
2464,59.166.0.2,*,149.171.126.7,57668,*,*,*,"[0, 0, 0, 0, 0, 0, 0, 0, 0, 0, 2, 0, 0]"
2465,59.166.0.2,*,149.171.126.7,58781,*,*,*,"[0, 0, 0, 0, 0, 0, 0, 0, 0, 0, 2, 0, 0]"
2466,59.166.0.2,*,149.171.126.7,11513,*,*,*,"[0, 0, 0, 0, 0, 0, 0, 0, 0, 0, 0, 4, 0]"
2467,59.166.0.2,*,149.171.126.7,19056,*,*,*,"[0, 0, 0, 0, 0, 0, 0, 0, 0, 0, 0, 4, 0]"
2468,59.166.0.2,*,149.171.126.7,20919,*,*,*,"[0, 0, 0, 0, 0, 0, 0, 0, 0, 0, 0, 2, 0]"
2469,59.166.0.2,*,149.171.126.7,36239,*,*,*,"[0, 0, 0, 0, 0, 0, 0, 0, 0, 0, 0, 2, 0]"
2470,59.166.0.2,*,149.171.126.7,49502,*,*,*,"[0, 0, 0, 0, 0, 0, 0, 0, 0, 0, 0, 2, 0]"
2471,59.166.0.2,*,149.171.126.7,56614,*,*,*,"[0, 0, 0, 0, 0, 0, 0, 0, 0, 0, 0, 4, 0]"
2472,59.166.0.2,*,149.171.126.7,56585,*,*,*,"[0, 0, 0, 0, 0, 0, 0, 0, 0, 0, 0, 0, 2]"
2473,59.166.0.2,*,149.171.126.8,111,*,*,*,"[13, 8, 9, 9, 15, 8, 7, 9, 11, 9, 11, 11, 9]"
2474,59.166.0.2,*,149.171.126.8,143,*,*,*,"[6, 9, 11, 3, 10, 4, 4, 3, 7, 6, 5, 4, 7]"
2475,59.166.0.2,*,149.171.126.8,17087,*,*,*,"[2, 0, 0, 0, 0, 0, 0, 0, 0, 0, 0, 0, 0]"
2476,59.166.0.2,*,149.171.126.8,21,*,*,*,"[9, 3, 10, 7, 4, 4, 4, 3, 3, 5, 7, 7, 7]"
2477,59.166.0.2,*,149.171.126.8,22,*,*,*,"[4, 2, 10, 13, 11, 7, 6, 0, 10, 3, 7, 12, 11]"
2478,59.166.0.2,*,149.171.126.8,25,*,*,*,"[18, 15, 10, 11, 6, 9, 9, 8, 10, 5, 14, 14, 7]"
2479,59.166.0.2,*,149.171.126.8,45548,*,*,*,"[2, 0, 0, 0, 0, 0, 0, 0, 0, 0, 0, 0, 0]"
2480,59.166.0.2,*,149.171.126.8,46109,*,*,*,"[2, 0, 0, 0, 0, 0, 0, 0, 0, 0, 0, 0, 0]"
2481,59.166.0.2,*,149.171.126.8,5190,*,*,*,"[16, 28, 21, 15, 14, 19, 19, 12, 18, 16, 16, 11, 16]"
2482,59.166.0.2,*,149.171.126.8,52796,*,*,*,"[2, 0, 0, 0, 0, 0, 0, 0, 0, 0, 0, 0, 0]"
2483,59.166.0.2,*,149.171.126.8,52801,*,*,*,"[3, 0, 0, 0, 0, 0, 0, 0, 0, 0, 0, 0, 0]"
2484,59.166.0.2,*,149.171.126.8,53,*,*,*,"[56, 54, 52, 54, 54, 56, 53, 39, 56, 57, 52, 55, 48]"
2485,59.166.0.2,*,149.171.126.8,56048,*,*,*,"[3, 0, 0, 0, 0, 0, 0, 0, 0, 0, 0, 0, 0]"
2486,59.166.0.2,*,149.171.126.8,63666,*,*,*,"[2, 0, 0, 0, 0, 0, 0, 0, 0, 0, 0, 0, 0]"
2487,59.166.0.2,*,149.171.126.8,64030,*,*,*,"[3, 0, 0, 0, 0, 0, 0, 0, 0, 0, 0, 0, 0]"
2488,59.166.0.2,*,149.171.126.8,6881,*,*,*,"[6, 25, 12, 37, 12, 12, 42, 19, 12, 0, 6, 6, 6]"
2489,59.166.0.2,*,149.171.126.8,7315,*,*,*,"[2, 0, 0, 0, 0, 0, 0, 0, 0, 0, 0, 0, 0]"
2490,59.166.0.2,*,149.171.126.8,80,*,*,*,"[28, 27, 21, 25, 25, 27, 19, 22, 25, 21, 26, 33, 29]"
2491,59.166.0.2,*,149.171.126.8,14987,*,*,*,"[0, 0, 2, 0, 0, 0, 0, 0, 0, 0, 0, 0, 0]"
2492,59.166.0.2,*,149.171.126.8,26927,*,*,*,"[0, 0, 3, 0, 0, 0, 0, 0, 0, 0, 0, 0, 0]"
2493,59.166.0.2,*,149.171.126.8,2869,*,*,*,"[0, 0, 2, 0, 0, 0, 0, 0, 0, 0, 0, 0, 0]"
2494,59.166.0.2,*,149.171.126.8,30639,*,*,*,"[0, 0, 2, 3, 0, 0, 0, 0, 0, 0, 0, 0, 0]"
2495,59.166.0.2,*,149.171.126.8,32377,*,*,*,"[0, 0, 2, 0, 0, 0, 0, 0, 0, 0, 0, 0, 0]"
2496,59.166.0.2,*,149.171.126.8,3398,*,*,*,"[0, 0, 2, 0, 0, 0, 0, 0, 0, 0, 0, 0, 0]"
2497,59.166.0.2,*,149.171.126.8,34484,*,*,*,"[0, 0, 3, 0, 0, 0, 0, 0, 0, 0, 0, 0, 0]"
2498,59.166.0.2,*,149.171.126.8,57588,*,*,*,"[0, 0, 2, 3, 0, 0, 0, 0, 0, 0, 0, 0, 0]"
2499,59.166.0.2,*,149.171.126.8,58003,*,*,*,"[0, 0, 2, 3, 0, 0, 0, 0, 0, 0, 0, 0, 0]"
2500,59.166.0.2,*,149.171.126.8,60997,*,*,*,"[0, 0, 3, 0, 0, 0, 0, 0, 0, 0, 0, 0, 0]"
2501,59.166.0.2,*,149.171.126.8,11680,*,*,*,"[0, 0, 0, 2, 0, 0, 0, 0, 0, 0, 0, 0, 0]"
2502,59.166.0.2,*,149.171.126.8,32912,*,*,*,"[0, 0, 0, 2, 0, 0, 0, 0, 0, 0, 0, 0, 0]"
2503,59.166.0.2,*,149.171.126.8,44685,*,*,*,"[0, 0, 0, 2, 0, 0, 0, 0, 0, 0, 0, 0, 0]"
2504,59.166.0.2,*,149.171.126.8,11821,*,*,*,"[0, 0, 0, 0, 2, 0, 0, 0, 0, 0, 0, 0, 0]"
2505,59.166.0.2,*,149.171.126.8,15171,*,*,*,"[0, 0, 0, 0, 2, 0, 0, 0, 0, 0, 0, 0, 0]"
2506,59.166.0.2,*,149.171.126.8,17268,*,*,*,"[0, 0, 0, 0, 2, 0, 0, 0, 0, 0, 0, 0, 0]"
2507,59.166.0.2,*,149.171.126.8,21049,*,*,*,"[0, 0, 0, 0, 0, 0, 2, 0, 0, 0, 0, 0, 0]"
2508,59.166.0.2,*,149.171.126.8,35856,*,*,*,"[0, 0, 0, 0, 0, 0, 2, 0, 0, 0, 0, 0, 0]"
2509,59.166.0.2,*,149.171.126.8,49483,*,*,*,"[0, 0, 0, 0, 0, 0, 2, 0, 0, 0, 0, 0, 0]"
2510,59.166.0.2,*,149.171.126.8,32991,*,*,*,"[0, 0, 0, 0, 0, 0, 0, 0, 0, 0, 2, 0, 0]"
2511,59.166.0.2,*,149.171.126.8,44976,*,*,*,"[0, 0, 0, 0, 0, 0, 0, 0, 0, 0, 2, 0, 0]"
2512,59.166.0.2,*,149.171.126.8,45963,*,*,*,"[0, 0, 0, 0, 0, 0, 0, 0, 0, 0, 2, 0, 0]"
2513,59.166.0.2,*,149.171.126.8,49991,*,*,*,"[0, 0, 0, 0, 0, 0, 0, 0, 0, 0, 2, 0, 0]"
2514,59.166.0.2,*,149.171.126.8,57668,*,*,*,"[0, 0, 0, 0, 0, 0, 0, 0, 0, 0, 2, 0, 0]"
2515,59.166.0.2,*,149.171.126.8,58781,*,*,*,"[0, 0, 0, 0, 0, 0, 0, 0, 0, 0, 2, 0, 0]"
2516,59.166.0.2,*,149.171.126.8,25974,*,*,*,"[0, 0, 0, 0, 0, 0, 0, 0, 0, 0, 0, 3, 0]"
2517,59.166.0.2,*,149.171.126.8,36781,*,*,*,"[0, 0, 0, 0, 0, 0, 0, 0, 0, 0, 0, 3, 0]"
2518,59.166.0.2,*,149.171.126.8,41227,*,*,*,"[0, 0, 0, 0, 0, 0, 0, 0, 0, 0, 0, 2, 0]"
2519,59.166.0.2,*,149.171.126.8,56852,*,*,*,"[0, 0, 0, 0, 0, 0, 0, 0, 0, 0, 0, 3, 0]"
2520,59.166.0.2,*,149.171.126.8,63238,*,*,*,"[0, 0, 0, 0, 0, 0, 0, 0, 0, 0, 0, 2, 0]"
2521,59.166.0.2,*,149.171.126.8,6786,*,*,*,"[0, 0, 0, 0, 0, 0, 0, 0, 0, 0, 0, 2, 0]"
2522,59.166.0.2,*,149.171.126.8,10394,*,*,*,"[0, 0, 0, 0, 0, 0, 0, 0, 0, 0, 0, 0, 3]"
2523,59.166.0.2,*,149.171.126.8,16398,*,*,*,"[0, 0, 0, 0, 0, 0, 0, 0, 0, 0, 0, 0, 2]"
2524,59.166.0.2,*,149.171.126.8,19518,*,*,*,"[0, 0, 0, 0, 0, 0, 0, 0, 0, 0, 0, 0, 3]"
2525,59.166.0.2,*,149.171.126.8,32528,*,*,*,"[0, 0, 0, 0, 0, 0, 0, 0, 0, 0, 0, 0, 3]"
2526,59.166.0.2,*,149.171.126.8,53740,*,*,*,"[0, 0, 0, 0, 0, 0, 0, 0, 0, 0, 0, 0, 2]"
2527,59.166.0.2,*,149.171.126.8,56959,*,*,*,"[0, 0, 0, 0, 0, 0, 0, 0, 0, 0, 0, 0, 2]"
2528,59.166.0.2,*,149.171.126.9,111,*,*,*,"[12, 5, 13, 14, 16, 10, 10, 12, 10, 11, 13, 9, 16]"
2529,59.166.0.2,*,149.171.126.9,143,*,*,*,"[6, 8, 5, 10, 4, 3, 5, 3, 2, 4, 7, 3, 7]"
2530,59.166.0.2,*,149.171.126.9,21,*,*,*,"[6, 3, 12, 8, 9, 3, 4, 4, 5, 8, 7, 3, 3]"
2531,59.166.0.2,*,149.171.126.9,22,*,*,*,"[3, 4, 4, 13, 14, 8, 2, 3, 4, 4, 11, 9, 11]"
2532,59.166.0.2,*,149.171.126.9,25,*,*,*,"[11, 9, 14, 5, 9, 13, 21, 9, 9, 6, 15, 14, 13]"
2533,59.166.0.2,*,149.171.126.9,27934,*,*,*,"[2, 0, 0, 0, 0, 0, 0, 0, 0, 0, 0, 0, 0]"
2534,59.166.0.2,*,149.171.126.9,35719,*,*,*,"[2, 0, 0, 0, 0, 0, 0, 0, 0, 0, 0, 0, 0]"
2535,59.166.0.2,*,149.171.126.9,42130,*,*,*,"[2, 0, 0, 0, 0, 0, 0, 0, 0, 0, 0, 0, 0]"
2536,59.166.0.2,*,149.171.126.9,5190,*,*,*,"[23, 23, 12, 15, 11, 12, 17, 8, 22, 13, 15, 13, 12]"
2537,59.166.0.2,*,149.171.126.9,53,*,*,*,"[59, 47, 61, 50, 62, 51, 57, 37, 62, 47, 58, 55, 50]"
2538,59.166.0.2,*,149.171.126.9,80,*,*,*,"[30, 27, 23, 41, 22, 28, 25, 38, 47, 21, 41, 27, 27]"
2539,59.166.0.2,*,149.171.126.9,15843,*,*,*,"[0, 2, 0, 0, 0, 0, 0, 0, 0, 0, 0, 0, 0]"
2540,59.166.0.2,*,149.171.126.9,17751,*,*,*,"[0, 0, 2, 0, 0, 0, 0, 0, 0, 0, 0, 0, 0]"
2541,59.166.0.2,*,149.171.126.9,49198,*,*,*,"[0, 2, 0, 0, 0, 0, 0, 0, 0, 0, 0, 0, 0]"
2542,59.166.0.2,*,149.171.126.9,54867,*,*,*,"[0, 2, 0, 0, 0, 0, 0, 0, 0, 0, 0, 0, 0]"
2543,59.166.0.2,*,149.171.126.9,6881,*,*,*,"[0, 6, 0, 30, 18, 30, 42, 18, 12, 6, 42, 38, 36]"
2544,59.166.0.2,*,149.171.126.9,7644,*,*,*,"[0, 0, 2, 0, 0, 0, 0, 0, 0, 0, 0, 0, 0]"
2545,59.166.0.2,*,149.171.126.9,9620,*,*,*,"[0, 0, 2, 0, 0, 0, 0, 0, 0, 0, 0, 0, 0]"
2546,59.166.0.2,*,149.171.126.9,13142,*,*,*,"[0, 0, 2, 0, 0, 0, 0, 0, 0, 0, 0, 0, 0]"
2547,59.166.0.2,*,149.171.126.9,1906,*,*,*,"[0, 0, 0, 0, 0, 0, 0, 0, 0, 2, 0, 0, 0]"
2548,59.166.0.2,*,149.171.126.9,25409,*,*,*,"[0, 0, 4, 0, 0, 0, 0, 0, 0, 0, 0, 0, 0]"
2549,59.166.0.2,*,149.171.126.9,26927,*,*,*,"[0, 0, 2, 0, 0, 0, 0, 0, 0, 0, 0, 0, 0]"
2550,59.166.0.2,*,149.171.126.9,27976,*,*,*,"[0, 0, 2, 0, 0, 0, 0, 0, 0, 0, 0, 0, 0]"
2551,59.166.0.2,*,149.171.126.9,30639,*,*,*,"[0, 0, 0, 2, 0, 0, 0, 0, 0, 0, 0, 0, 0]"
2552,59.166.0.2,*,149.171.126.9,3208,*,*,*,"[0, 0, 4, 0, 0, 0, 0, 0, 0, 0, 0, 0, 0]"
2553,59.166.0.2,*,149.171.126.9,32547,*,*,*,"[0, 0, 4, 0, 0, 0, 0, 0, 0, 0, 0, 0, 0]"
2554,59.166.0.2,*,149.171.126.9,34484,*,*,*,"[0, 0, 2, 0, 0, 0, 0, 0, 0, 0, 0, 0, 0]"
2555,59.166.0.2,*,149.171.126.9,35397,*,*,*,"[0, 0, 2, 0, 0, 0, 0, 0, 0, 0, 0, 0, 0]"
2556,59.166.0.2,*,149.171.126.9,57588,*,*,*,"[0, 0, 0, 2, 0, 0, 0, 0, 0, 0, 0, 0, 0]"
2557,59.166.0.2,*,149.171.126.9,58003,*,*,*,"[0, 0, 0, 2, 0, 0, 0, 0, 0, 0, 0, 0, 0]"
2558,59.166.0.2,*,149.171.126.9,60997,*,*,*,"[0, 0, 2, 0, 0, 0, 0, 0, 0, 0, 0, 0, 0]"
2559,59.166.0.2,*,149.171.126.9,20048,*,*,*,"[0, 0, 0, 3, 0, 0, 0, 0, 0, 0, 0, 0, 0]"
2560,59.166.0.2,*,149.171.126.9,54131,*,*,*,"[0, 0, 0, 3, 0, 0, 0, 0, 0, 0, 0, 0, 0]"
2561,59.166.0.2,*,149.171.126.9,57521,*,*,*,"[0, 0, 0, 3, 0, 0, 0, 0, 0, 0, 0, 0, 0]"
2562,59.166.0.2,*,149.171.126.9,12319,*,*,*,"[0, 0, 0, 0, 2, 0, 0, 0, 0, 0, 0, 0, 0]"
2563,59.166.0.2,*,149.171.126.9,12916,*,*,*,"[0, 0, 0, 0, 2, 0, 0, 0, 0, 0, 0, 0, 0]"
2564,59.166.0.2,*,149.171.126.9,24550,*,*,*,"[0, 0, 0, 0, 2, 0, 0, 0, 0, 0, 0, 0, 0]"
2565,59.166.0.2,*,149.171.126.9,29238,*,*,*,"[0, 0, 0, 0, 2, 0, 0, 0, 0, 0, 0, 0, 0]"
2566,59.166.0.2,*,149.171.126.9,33656,*,*,*,"[0, 0, 0, 0, 2, 0, 0, 0, 0, 0, 0, 0, 0]"
2567,59.166.0.2,*,149.171.126.9,36222,*,*,*,"[0, 0, 0, 0, 2, 0, 0, 0, 0, 0, 0, 0, 0]"
2568,59.166.0.2,*,149.171.126.9,42265,*,*,*,"[0, 0, 0, 0, 2, 0, 0, 0, 0, 0, 0, 0, 0]"
2569,59.166.0.2,*,149.171.126.9,5131,*,*,*,"[0, 0, 0, 0, 2, 0, 0, 0, 0, 0, 0, 0, 0]"
2570,59.166.0.2,*,149.171.126.9,56995,*,*,*,"[0, 0, 0, 0, 2, 0, 0, 0, 0, 0, 0, 0, 0]"
2571,59.166.0.2,*,149.171.126.9,21049,*,*,*,"[0, 0, 0, 0, 0, 0, 2, 0, 0, 0, 0, 0, 0]"
2572,59.166.0.2,*,149.171.126.9,35856,*,*,*,"[0, 0, 0, 0, 0, 0, 2, 0, 0, 0, 0, 0, 0]"
2573,59.166.0.2,*,149.171.126.9,49483,*,*,*,"[0, 0, 0, 0, 0, 0, 2, 0, 0, 0, 0, 0, 0]"
2574,59.166.0.2,*,149.171.126.9,10198,*,*,*,"[0, 0, 0, 0, 0, 0, 0, 0, 2, 0, 0, 0, 0]"
2575,59.166.0.2,*,149.171.126.9,24196,*,*,*,"[0, 0, 0, 0, 0, 0, 0, 0, 2, 0, 0, 0, 0]"
2576,59.166.0.2,*,149.171.126.9,35231,*,*,*,"[0, 0, 0, 0, 0, 0, 0, 0, 2, 0, 0, 0, 0]"
2577,59.166.0.2,*,149.171.126.9,20465,*,*,*,"[0, 0, 0, 0, 0, 0, 0, 0, 0, 2, 0, 0, 0]"
2578,59.166.0.2,*,149.171.126.9,22432,*,*,*,"[0, 0, 0, 0, 0, 0, 0, 0, 0, 3, 0, 0, 0]"
2579,59.166.0.2,*,149.171.126.9,3038,*,*,*,"[0, 0, 0, 0, 0, 0, 0, 0, 0, 2, 0, 0, 0]"
2580,59.166.0.2,*,149.171.126.9,33291,*,*,*,"[0, 0, 0, 0, 0, 0, 0, 0, 0, 2, 0, 0, 0]"
2581,59.166.0.2,*,149.171.126.9,46326,*,*,*,"[0, 0, 0, 0, 0, 0, 0, 0, 0, 3, 0, 0, 0]"
2582,59.166.0.2,*,149.171.126.9,46967,*,*,*,"[0, 0, 0, 0, 0, 0, 0, 0, 0, 3, 0, 0, 0]"
2583,59.166.0.2,*,149.171.126.9,54587,*,*,*,"[0, 0, 0, 0, 0, 0, 0, 0, 0, 2, 0, 0, 0]"
2584,59.166.0.2,*,149.171.126.9,58190,*,*,*,"[0, 0, 0, 0, 0, 0, 0, 0, 0, 2, 0, 0, 0]"
2585,59.166.0.2,*,149.171.126.9,13761,*,*,*,"[0, 0, 0, 0, 0, 0, 0, 0, 0, 0, 3, 0, 0]"
2586,59.166.0.2,*,149.171.126.9,31484,*,*,*,"[0, 0, 0, 0, 0, 0, 0, 0, 0, 0, 3, 0, 0]"
2587,59.166.0.2,*,149.171.126.9,32991,*,*,*,"[0, 0, 0, 0, 0, 0, 0, 0, 0, 0, 2, 0, 0]"
2588,59.166.0.2,*,149.171.126.9,38033,*,*,*,"[0, 0, 0, 0, 0, 0, 0, 0, 0, 0, 3, 0, 0]"
2589,59.166.0.2,*,149.171.126.9,49991,*,*,*,"[0, 0, 0, 0, 0, 0, 0, 0, 0, 0, 2, 0, 0]"
2590,59.166.0.2,*,149.171.126.9,57668,*,*,*,"[0, 0, 0, 0, 0, 0, 0, 0, 0, 0, 2, 0, 0]"
2591,59.166.0.3,*,149.171.126.0,111,*,*,*,"[3, 17, 12, 6, 10, 10, 8, 5, 13, 14, 14, 10, 18]"
2592,59.166.0.3,*,149.171.126.0,143,*,*,*,"[5, 5, 5, 10, 4, 6, 5, 3, 5, 7, 13, 16, 4]"
2593,59.166.0.3,*,149.171.126.0,21,*,*,*,"[4, 9, 7, 4, 9, 5, 6, 6, 5, 5, 4, 2, 14]"
2594,59.166.0.3,*,149.171.126.0,22,*,*,*,"[5, 5, 12, 11, 9, 9, 8, 0, 2, 10, 8, 13, 10]"
2595,59.166.0.3,*,149.171.126.0,25,*,*,*,"[10, 12, 11, 16, 10, 12, 11, 8, 13, 13, 14, 9, 17]"
2596,59.166.0.3,*,149.171.126.0,5190,*,*,*,"[15, 19, 21, 17, 17, 14, 23, 8, 27, 21, 21, 11, 14]"
2597,59.166.0.3,*,149.171.126.0,53,*,*,*,"[53, 54, 53, 57, 56, 57, 57, 40, 59, 47, 58, 39, 64]"
2598,59.166.0.3,*,149.171.126.0,6881,*,*,*,"[30, 0, 6, 0, 6, 6, 66, 30, 36, 0, 0, 12, 18]"
2599,59.166.0.3,*,149.171.126.0,80,*,*,*,"[23, 31, 35, 25, 31, 30, 33, 29, 24, 26, 20, 28, 21]"
2600,59.166.0.3,*,149.171.126.0,3062,*,*,*,"[0, 3, 0, 0, 0, 0, 0, 0, 0, 0, 0, 0, 0]"
2601,59.166.0.3,*,149.171.126.0,34463,*,*,*,"[0, 3, 0, 0, 0, 0, 0, 0, 0, 0, 0, 0, 0]"
2602,59.166.0.3,*,149.171.126.0,38395,*,*,*,"[0, 3, 0, 0, 0, 0, 0, 0, 0, 0, 0, 0, 0]"
2603,59.166.0.3,*,149.171.126.0,43267,*,*,*,"[0, 3, 0, 0, 0, 0, 0, 0, 0, 0, 0, 0, 0]"
2604,59.166.0.3,*,149.171.126.0,57753,*,*,*,"[0, 3, 0, 0, 0, 0, 0, 0, 0, 0, 0, 0, 0]"
2605,59.166.0.3,*,149.171.126.0,61834,*,*,*,"[0, 3, 0, 0, 0, 0, 0, 0, 0, 0, 0, 0, 0]"
2606,59.166.0.3,*,149.171.126.0,17751,*,*,*,"[0, 0, 2, 0, 0, 0, 0, 0, 0, 0, 0, 0, 0]"
2607,59.166.0.3,*,149.171.126.0,26927,*,*,*,"[0, 0, 2, 0, 0, 0, 0, 0, 0, 0, 0, 0, 0]"
2608,59.166.0.3,*,149.171.126.0,34484,*,*,*,"[0, 0, 2, 0, 0, 0, 0, 0, 0, 0, 0, 0, 0]"
2609,59.166.0.3,*,149.171.126.0,60997,*,*,*,"[0, 0, 2, 0, 0, 0, 0, 0, 0, 0, 0, 0, 0]"
2610,59.166.0.3,*,149.171.126.0,7644,*,*,*,"[0, 0, 2, 0, 0, 0, 0, 0, 0, 0, 0, 0, 0]"
2611,59.166.0.3,*,149.171.126.0,9620,*,*,*,"[0, 0, 2, 0, 0, 0, 0, 0, 0, 0, 0, 0, 0]"
2612,59.166.0.3,*,149.171.126.0,10589,*,*,*,"[0, 0, 0, 2, 2, 0, 0, 0, 0, 0, 0, 0, 0]"
2613,59.166.0.3,*,149.171.126.0,11680,*,*,*,"[0, 0, 0, 2, 0, 0, 0, 0, 0, 0, 0, 0, 0]"
2614,59.166.0.3,*,149.171.126.0,30906,*,*,*,"[0, 0, 0, 2, 2, 0, 0, 0, 0, 0, 0, 0, 0]"
2615,59.166.0.3,*,149.171.126.0,32912,*,*,*,"[0, 0, 0, 2, 0, 0, 0, 0, 0, 0, 0, 0, 0]"
2616,59.166.0.3,*,149.171.126.0,44685,*,*,*,"[0, 0, 0, 2, 0, 0, 0, 0, 0, 0, 0, 0, 0]"
2617,59.166.0.3,*,149.171.126.0,46019,*,*,*,"[0, 0, 0, 2, 2, 0, 0, 0, 0, 0, 0, 0, 0]"
2618,59.166.0.3,*,149.171.126.0,11821,*,*,*,"[0, 0, 0, 0, 4, 0, 0, 0, 0, 0, 0, 0, 0]"
2619,59.166.0.3,*,149.171.126.0,15171,*,*,*,"[0, 0, 0, 0, 4, 0, 0, 0, 0, 0, 0, 0, 0]"
2620,59.166.0.3,*,149.171.126.0,17268,*,*,*,"[0, 0, 0, 0, 4, 0, 0, 0, 0, 0, 0, 0, 0]"
2621,59.166.0.3,*,149.171.126.0,12319,*,*,*,"[0, 0, 0, 0, 0, 2, 0, 0, 0, 0, 0, 0, 0]"
2622,59.166.0.3,*,149.171.126.0,24550,*,*,*,"[0, 0, 0, 0, 0, 2, 0, 0, 0, 0, 0, 0, 0]"
2623,59.166.0.3,*,149.171.126.0,42265,*,*,*,"[0, 0, 0, 0, 0, 2, 0, 0, 0, 0, 0, 0, 0]"
2624,59.166.0.3,*,149.171.126.0,15419,*,*,*,"[0, 0, 0, 0, 0, 0, 3, 0, 0, 0, 0, 0, 0]"
2625,59.166.0.3,*,149.171.126.0,17562,*,*,*,"[0, 0, 0, 0, 0, 0, 0, 2, 0, 0, 0, 0, 0]"
2626,59.166.0.3,*,149.171.126.0,31861,*,*,*,"[0, 0, 0, 0, 0, 0, 2, 0, 0, 0, 0, 0, 0]"
2627,59.166.0.3,*,149.171.126.0,44463,*,*,*,"[0, 0, 0, 0, 0, 0, 2, 0, 0, 0, 0, 0, 0]"
2628,59.166.0.3,*,149.171.126.0,46556,*,*,*,"[0, 0, 0, 0, 0, 0, 2, 0, 0, 0, 0, 0, 0]"
2629,59.166.0.3,*,149.171.126.0,52639,*,*,*,"[0, 0, 0, 0, 0, 0, 3, 0, 0, 0, 0, 0, 0]"
2630,59.166.0.3,*,149.171.126.0,58238,*,*,*,"[0, 0, 0, 0, 0, 0, 0, 2, 0, 0, 0, 0, 0]"
2631,59.166.0.3,*,149.171.126.0,63870,*,*,*,"[0, 0, 0, 0, 0, 0, 0, 2, 0, 0, 0, 0, 0]"
2632,59.166.0.3,*,149.171.126.0,8051,*,*,*,"[0, 0, 0, 0, 0, 0, 3, 0, 0, 0, 0, 0, 0]"
2633,59.166.0.3,*,149.171.126.0,54475,*,*,*,"[0, 0, 0, 0, 0, 0, 0, 2, 0, 0, 0, 0, 0]"
2634,59.166.0.3,*,149.171.126.0,55348,*,*,*,"[0, 0, 0, 0, 0, 0, 0, 2, 0, 0, 0, 0, 0]"
2635,59.166.0.3,*,149.171.126.0,64665,*,*,*,"[0, 0, 0, 0, 0, 0, 0, 2, 0, 0, 0, 0, 0]"
2636,59.166.0.3,*,149.171.126.0,22627,*,*,*,"[0, 0, 0, 0, 0, 0, 0, 0, 2, 0, 0, 0, 0]"
2637,59.166.0.3,*,149.171.126.0,4212,*,*,*,"[0, 0, 0, 0, 0, 0, 0, 0, 2, 0, 0, 0, 0]"
2638,59.166.0.3,*,149.171.126.0,8998,*,*,*,"[0, 0, 0, 0, 0, 0, 0, 0, 2, 0, 0, 0, 0]"
2639,59.166.0.3,*,149.171.126.0,62821,*,*,*,"[0, 0, 0, 0, 0, 0, 0, 0, 0, 3, 0, 0, 0]"
2640,59.166.0.3,*,149.171.126.0,63656,*,*,*,"[0, 0, 0, 0, 0, 0, 0, 0, 0, 3, 0, 0, 0]"
2641,59.166.0.3,*,149.171.126.0,65504,*,*,*,"[0, 0, 0, 0, 0, 0, 0, 0, 0, 3, 0, 0, 0]"
2642,59.166.0.3,*,149.171.126.0,10394,*,*,*,"[0, 0, 0, 0, 0, 0, 0, 0, 0, 0, 0, 0, 2]"
2643,59.166.0.3,*,149.171.126.0,13839,*,*,*,"[0, 0, 0, 0, 0, 0, 0, 0, 0, 0, 0, 0, 4]"
2644,59.166.0.3,*,149.171.126.0,19518,*,*,*,"[0, 0, 0, 0, 0, 0, 0, 0, 0, 0, 0, 0, 2]"
2645,59.166.0.3,*,149.171.126.0,21133,*,*,*,"[0, 0, 0, 0, 0, 0, 0, 0, 0, 0, 0, 0, 6]"
2646,59.166.0.3,*,149.171.126.0,26866,*,*,*,"[0, 0, 0, 0, 0, 0, 0, 0, 0, 0, 0, 0, 4]"
2647,59.166.0.3,*,149.171.126.0,32528,*,*,*,"[0, 0, 0, 0, 0, 0, 0, 0, 0, 0, 0, 0, 2]"
2648,59.166.0.3,*,149.171.126.0,48182,*,*,*,"[0, 0, 0, 0, 0, 0, 0, 0, 0, 0, 0, 0, 6]"
2649,59.166.0.3,*,149.171.126.0,50688,*,*,*,"[0, 0, 0, 0, 0, 0, 0, 0, 0, 0, 0, 0, 4]"
2650,59.166.0.3,*,149.171.126.0,63753,*,*,*,"[0, 0, 0, 0, 0, 0, 0, 0, 0, 0, 0, 0, 6]"
2651,59.166.0.3,*,149.171.126.1,111,*,*,*,"[13, 10, 15, 12, 10, 13, 6, 7, 14, 14, 9, 10, 14]"
2652,59.166.0.3,*,149.171.126.1,143,*,*,*,"[8, 2, 6, 5, 5, 8, 6, 4, 8, 5, 9, 7, 10]"
2653,59.166.0.3,*,149.171.126.1,17087,*,*,*,"[2, 0, 0, 0, 0, 0, 0, 0, 0, 0, 0, 0, 0]"
2654,59.166.0.3,*,149.171.126.1,21,*,*,*,"[7, 3, 9, 0, 4, 5, 5, 5, 9, 3, 9, 5, 7]"
2655,59.166.0.3,*,149.171.126.1,22,*,*,*,"[2, 3, 10, 8, 6, 5, 3, 2, 3, 6, 3, 7, 9]"
2656,59.166.0.3,*,149.171.126.1,25,*,*,*,"[16, 6, 7, 15, 13, 9, 14, 6, 15, 14, 10, 17, 17]"
2657,59.166.0.3,*,149.171.126.1,45548,*,*,*,"[2, 0, 0, 0, 0, 0, 0, 0, 0, 0, 0, 0, 0]"
2658,59.166.0.3,*,149.171.126.1,46109,*,*,*,"[2, 0, 0, 0, 0, 0, 0, 0, 0, 0, 0, 0, 0]"
2659,59.166.0.3,*,149.171.126.1,5190,*,*,*,"[19, 19, 15, 13, 13, 22, 16, 10, 13, 23, 14, 16, 15]"
2660,59.166.0.3,*,149.171.126.1,52796,*,*,*,"[2, 0, 0, 0, 0, 0, 0, 0, 0, 0, 0, 0, 0]"
2661,59.166.0.3,*,149.171.126.1,53,*,*,*,"[60, 48, 64, 45, 59, 63, 50, 42, 53, 63, 51, 52, 63]"
2662,59.166.0.3,*,149.171.126.1,63666,*,*,*,"[2, 0, 0, 0, 0, 0, 0, 0, 0, 0, 0, 0, 0]"
2663,59.166.0.3,*,149.171.126.1,6881,*,*,*,"[13, 18, 6, 36, 12, 31, 55, 60, 24, 6, 43, 6, 24]"
2664,59.166.0.3,*,149.171.126.1,7315,*,*,*,"[2, 0, 0, 0, 0, 0, 0, 0, 0, 0, 0, 0, 0]"
2665,59.166.0.3,*,149.171.126.1,80,*,*,*,"[28, 31, 23, 18, 24, 29, 29, 30, 28, 28, 36, 31, 45]"
2666,59.166.0.3,*,149.171.126.1,13142,*,*,*,"[0, 2, 2, 0, 0, 0, 0, 0, 0, 0, 0, 0, 0]"
2667,59.166.0.3,*,149.171.126.1,23944,*,*,*,"[0, 2, 0, 0, 0, 0, 0, 0, 0, 0, 0, 0, 0]"
2668,59.166.0.3,*,149.171.126.1,27976,*,*,*,"[0, 2, 2, 0, 0, 0, 0, 0, 0, 0, 0, 0, 0]"
2669,59.166.0.3,*,149.171.126.1,35397,*,*,*,"[0, 2, 2, 0, 0, 0, 0, 0, 0, 0, 0, 0, 0]"
2670,59.166.0.3,*,149.171.126.1,1254,*,*,*,"[0, 0, 2, 0, 0, 0, 0, 0, 0, 0, 0, 0, 0]"
2671,59.166.0.3,*,149.171.126.1,34154,*,*,*,"[0, 0, 2, 0, 0, 0, 0, 0, 0, 0, 0, 0, 0]"
2672,59.166.0.3,*,149.171.126.1,61745,*,*,*,"[0, 0, 2, 0, 0, 0, 0, 0, 0, 0, 0, 0, 0]"
2673,59.166.0.3,*,149.171.126.1,49765,*,*,*,"[0, 0, 0, 2, 0, 0, 0, 0, 0, 0, 0, 0, 0]"
2674,59.166.0.3,*,149.171.126.1,10589,*,*,*,"[0, 0, 0, 0, 2, 0, 0, 0, 0, 0, 0, 0, 0]"
2675,59.166.0.3,*,149.171.126.1,30906,*,*,*,"[0, 0, 0, 0, 2, 0, 0, 0, 0, 0, 0, 0, 0]"
2676,59.166.0.3,*,149.171.126.1,46019,*,*,*,"[0, 0, 0, 0, 2, 0, 0, 0, 0, 0, 0, 0, 0]"
2677,59.166.0.3,*,149.171.126.1,26373,*,*,*,"[0, 0, 0, 0, 0, 2, 0, 0, 0, 0, 0, 0, 0]"
2678,59.166.0.3,*,149.171.126.1,40239,*,*,*,"[0, 0, 0, 0, 0, 2, 0, 0, 0, 0, 0, 0, 0]"
2679,59.166.0.3,*,149.171.126.1,6517,*,*,*,"[0, 0, 0, 0, 0, 2, 0, 0, 0, 0, 0, 0, 0]"
2680,59.166.0.3,*,149.171.126.1,15398,*,*,*,"[0, 0, 0, 0, 0, 0, 2, 0, 0, 0, 0, 0, 0]"
2681,59.166.0.3,*,149.171.126.1,21049,*,*,*,"[0, 0, 0, 0, 0, 0, 2, 0, 0, 0, 0, 0, 0]"
2682,59.166.0.3,*,149.171.126.1,32328,*,*,*,"[0, 0, 0, 0, 0, 0, 2, 0, 0, 0, 0, 0, 0]"
2683,59.166.0.3,*,149.171.126.1,35856,*,*,*,"[0, 0, 0, 0, 0, 0, 2, 0, 0, 0, 0, 0, 0]"
2684,59.166.0.3,*,149.171.126.1,49483,*,*,*,"[0, 0, 0, 0, 0, 0, 2, 0, 0, 0, 0, 0, 0]"
2685,59.166.0.3,*,149.171.126.1,9851,*,*,*,"[0, 0, 0, 0, 0, 0, 2, 0, 0, 0, 0, 0, 0]"
2686,59.166.0.3,*,149.171.126.1,26416,*,*,*,"[0, 0, 0, 0, 0, 0, 0, 2, 0, 0, 0, 0, 0]"
2687,59.166.0.3,*,149.171.126.1,54475,*,*,*,"[0, 0, 0, 0, 0, 0, 0, 2, 0, 0, 0, 0, 0]"
2688,59.166.0.3,*,149.171.126.1,54484,*,*,*,"[0, 0, 0, 0, 0, 0, 0, 2, 0, 0, 0, 0, 0]"
2689,59.166.0.3,*,149.171.126.1,55348,*,*,*,"[0, 0, 0, 0, 0, 0, 0, 2, 0, 0, 0, 0, 0]"
2690,59.166.0.3,*,149.171.126.1,60641,*,*,*,"[0, 0, 0, 0, 0, 0, 0, 2, 0, 0, 0, 0, 0]"
2691,59.166.0.3,*,149.171.126.1,64665,*,*,*,"[0, 0, 0, 0, 0, 0, 0, 2, 0, 0, 0, 0, 0]"
2692,59.166.0.3,*,149.171.126.1,10198,*,*,*,"[0, 0, 0, 0, 0, 0, 0, 0, 2, 0, 0, 0, 0]"
2693,59.166.0.3,*,149.171.126.1,10397,*,*,*,"[0, 0, 0, 0, 0, 0, 0, 0, 2, 0, 0, 0, 0]"
2694,59.166.0.3,*,149.171.126.1,24196,*,*,*,"[0, 0, 0, 0, 0, 0, 0, 0, 2, 0, 0, 0, 0]"
2695,59.166.0.3,*,149.171.126.1,35231,*,*,*,"[0, 0, 0, 0, 0, 0, 0, 0, 2, 0, 0, 0, 0]"
2696,59.166.0.3,*,149.171.126.1,36106,*,*,*,"[0, 0, 0, 0, 0, 0, 0, 0, 2, 0, 0, 0, 0]"
2697,59.166.0.3,*,149.171.126.1,37612,*,*,*,"[0, 0, 0, 0, 0, 0, 0, 0, 2, 0, 0, 0, 0]"
2698,59.166.0.3,*,149.171.126.1,44321,*,*,*,"[0, 0, 0, 0, 0, 0, 0, 0, 2, 0, 0, 0, 0]"
2699,59.166.0.3,*,149.171.126.1,56658,*,*,*,"[0, 0, 0, 0, 0, 0, 0, 0, 2, 0, 0, 0, 0]"
2700,59.166.0.3,*,149.171.126.1,56854,*,*,*,"[0, 0, 0, 0, 0, 0, 0, 0, 2, 0, 0, 0, 0]"
2701,59.166.0.3,*,149.171.126.1,13761,*,*,*,"[0, 0, 0, 0, 0, 0, 0, 0, 0, 0, 2, 0, 0]"
2702,59.166.0.3,*,149.171.126.1,16120,*,*,*,"[0, 0, 0, 0, 0, 0, 0, 0, 0, 0, 2, 0, 0]"
2703,59.166.0.3,*,149.171.126.1,23815,*,*,*,"[0, 0, 0, 0, 0, 0, 0, 0, 0, 0, 2, 0, 0]"
2704,59.166.0.3,*,149.171.126.1,23898,*,*,*,"[0, 0, 0, 0, 0, 0, 0, 0, 0, 0, 2, 0, 0]"
2705,59.166.0.3,*,149.171.126.1,25885,*,*,*,"[0, 0, 0, 0, 0, 0, 0, 0, 0, 0, 2, 0, 0]"
2706,59.166.0.3,*,149.171.126.1,31484,*,*,*,"[0, 0, 0, 0, 0, 0, 0, 0, 0, 0, 2, 0, 0]"
2707,59.166.0.3,*,149.171.126.1,32991,*,*,*,"[0, 0, 0, 0, 0, 0, 0, 0, 0, 0, 2, 0, 0]"
2708,59.166.0.3,*,149.171.126.1,38033,*,*,*,"[0, 0, 0, 0, 0, 0, 0, 0, 0, 0, 2, 0, 0]"
2709,59.166.0.3,*,149.171.126.1,49991,*,*,*,"[0, 0, 0, 0, 0, 0, 0, 0, 0, 0, 2, 0, 0]"
2710,59.166.0.3,*,149.171.126.1,57668,*,*,*,"[0, 0, 0, 0, 0, 0, 0, 0, 0, 0, 2, 0, 0]"
2711,59.166.0.3,*,149.171.126.1,62120,*,*,*,"[0, 0, 0, 0, 0, 0, 0, 0, 0, 0, 2, 0, 0]"
2712,59.166.0.3,*,149.171.126.1,64158,*,*,*,"[0, 0, 0, 0, 0, 0, 0, 0, 0, 0, 2, 0, 0]"
2713,59.166.0.3,*,149.171.126.1,25974,*,*,*,"[0, 0, 0, 0, 0, 0, 0, 0, 0, 0, 0, 2, 0]"
2714,59.166.0.3,*,149.171.126.1,36781,*,*,*,"[0, 0, 0, 0, 0, 0, 0, 0, 0, 0, 0, 2, 0]"
2715,59.166.0.3,*,149.171.126.1,56852,*,*,*,"[0, 0, 0, 0, 0, 0, 0, 0, 0, 0, 0, 2, 0]"
2716,59.166.0.3,*,149.171.126.1,10394,*,*,*,"[0, 0, 0, 0, 0, 0, 0, 0, 0, 0, 0, 0, 3]"
2717,59.166.0.3,*,149.171.126.1,16398,*,*,*,"[0, 0, 0, 0, 0, 0, 0, 0, 0, 0, 0, 0, 2]"
2718,59.166.0.3,*,149.171.126.1,19518,*,*,*,"[0, 0, 0, 0, 0, 0, 0, 0, 0, 0, 0, 0, 3]"
2719,59.166.0.3,*,149.171.126.1,32528,*,*,*,"[0, 0, 0, 0, 0, 0, 0, 0, 0, 0, 0, 0, 3]"
2720,59.166.0.3,*,149.171.126.1,53740,*,*,*,"[0, 0, 0, 0, 0, 0, 0, 0, 0, 0, 0, 0, 2]"
2721,59.166.0.3,*,149.171.126.1,56959,*,*,*,"[0, 0, 0, 0, 0, 0, 0, 0, 0, 0, 0, 0, 2]"
2722,59.166.0.3,*,149.171.126.2,111,*,*,*,"[6, 9, 12, 16, 13, 12, 13, 7, 12, 20, 15, 16, 14]"
2723,59.166.0.3,*,149.171.126.2,11399,*,*,*,"[3, 0, 0, 0, 0, 0, 0, 0, 0, 0, 0, 0, 0]"
2724,59.166.0.3,*,149.171.126.2,143,*,*,*,"[6, 4, 4, 7, 6, 14, 7, 6, 8, 9, 11, 8, 7]"
2725,59.166.0.3,*,149.171.126.2,17087,*,*,*,"[3, 0, 0, 0, 0, 0, 0, 0, 0, 0, 0, 0, 0]"
2726,59.166.0.3,*,149.171.126.2,18023,*,*,*,"[2, 0, 0, 0, 0, 0, 0, 0, 0, 0, 0, 0, 0]"
2727,59.166.0.3,*,149.171.126.2,21,*,*,*,"[12, 7, 8, 4, 6, 4, 8, 7, 8, 3, 9, 6, 9]"
2728,59.166.0.3,*,149.171.126.2,22,*,*,*,"[3, 5, 12, 6, 13, 8, 2, 0, 3, 11, 7, 6, 12]"
2729,59.166.0.3,*,149.171.126.2,25,*,*,*,"[11, 13, 15, 9, 9, 6, 12, 7, 9, 18, 10, 11, 12]"
2730,59.166.0.3,*,149.171.126.2,26143,*,*,*,"[3, 0, 0, 0, 0, 0, 0, 0, 0, 0, 0, 0, 0]"
2731,59.166.0.3,*,149.171.126.2,27934,*,*,*,"[2, 0, 0, 0, 0, 0, 0, 0, 0, 0, 0, 0, 0]"
2732,59.166.0.3,*,149.171.126.2,32664,*,*,*,"[2, 0, 0, 0, 0, 0, 0, 0, 0, 0, 0, 0, 0]"
2733,59.166.0.3,*,149.171.126.2,35719,*,*,*,"[2, 0, 0, 0, 0, 0, 0, 0, 0, 0, 0, 0, 0]"
2734,59.166.0.3,*,149.171.126.2,42130,*,*,*,"[2, 0, 0, 0, 0, 0, 0, 0, 0, 0, 0, 0, 0]"
2735,59.166.0.3,*,149.171.126.2,45548,*,*,*,"[3, 0, 0, 0, 0, 0, 0, 0, 0, 0, 0, 0, 0]"
2736,59.166.0.3,*,149.171.126.2,4950,*,*,*,"[2, 0, 0, 0, 0, 0, 0, 0, 0, 0, 0, 0, 0]"
2737,59.166.0.3,*,149.171.126.2,5190,*,*,*,"[23, 35, 13, 18, 18, 17, 25, 12, 19, 16, 19, 8, 19]"
2738,59.166.0.3,*,149.171.126.2,52294,*,*,*,"[3, 0, 0, 0, 0, 0, 0, 0, 0, 0, 0, 0, 0]"
2739,59.166.0.3,*,149.171.126.2,52796,*,*,*,"[3, 0, 0, 0, 0, 0, 0, 0, 0, 0, 0, 0, 0]"
2740,59.166.0.3,*,149.171.126.2,52801,*,*,*,"[2, 0, 0, 0, 0, 0, 0, 0, 0, 0, 0, 0, 0]"
2741,59.166.0.3,*,149.171.126.2,53,*,*,*,"[51, 46, 56, 46, 59, 54, 59, 35, 48, 46, 45, 56, 49]"
2742,59.166.0.3,*,149.171.126.2,56048,*,*,*,"[2, 0, 0, 0, 0, 0, 0, 0, 0, 0, 0, 0, 0]"
2743,59.166.0.3,*,149.171.126.2,64030,*,*,*,"[2, 0, 0, 0, 0, 0, 0, 0, 0, 0, 0, 0, 0]"
2744,59.166.0.3,*,149.171.126.2,6881,*,*,*,"[6, 30, 0, 49, 49, 24, 43, 36, 31, 0, 24, 0, 24]"
2745,59.166.0.3,*,149.171.126.2,80,*,*,*,"[28, 30, 20, 14, 33, 31, 37, 18, 30, 34, 29, 19, 27]"
2746,59.166.0.3,*,149.171.126.2,15843,*,*,*,"[0, 2, 0, 0, 0, 0, 0, 0, 0, 0, 0, 0, 0]"
2747,59.166.0.3,*,149.171.126.2,17751,*,*,*,"[0, 2, 0, 0, 0, 0, 0, 0, 0, 0, 0, 0, 0]"
2748,59.166.0.3,*,149.171.126.2,49198,*,*,*,"[0, 2, 0, 0, 0, 0, 0, 0, 0, 0, 0, 0, 0]"
2749,59.166.0.3,*,149.171.126.2,54867,*,*,*,"[0, 2, 0, 0, 0, 0, 0, 0, 0, 0, 0, 0, 0]"
2750,59.166.0.3,*,149.171.126.2,7644,*,*,*,"[0, 2, 0, 0, 0, 0, 0, 0, 0, 0, 0, 0, 0]"
2751,59.166.0.3,*,149.171.126.2,9620,*,*,*,"[0, 2, 0, 0, 0, 0, 0, 0, 0, 0, 0, 0, 0]"
2752,59.166.0.3,*,149.171.126.2,1254,*,*,*,"[0, 0, 2, 0, 0, 0, 0, 0, 0, 0, 0, 0, 0]"
2753,59.166.0.3,*,149.171.126.2,14987,*,*,*,"[0, 0, 3, 0, 0, 0, 0, 0, 0, 0, 0, 0, 0]"
2754,59.166.0.3,*,149.171.126.2,2869,*,*,*,"[0, 0, 3, 0, 0, 0, 0, 0, 0, 0, 0, 0, 0]"
2755,59.166.0.3,*,149.171.126.2,3398,*,*,*,"[0, 0, 3, 0, 0, 0, 0, 0, 0, 0, 0, 0, 0]"
2756,59.166.0.3,*,149.171.126.2,34154,*,*,*,"[0, 0, 2, 0, 0, 0, 0, 0, 0, 0, 0, 0, 0]"
2757,59.166.0.3,*,149.171.126.2,61745,*,*,*,"[0, 0, 2, 0, 0, 0, 0, 0, 0, 0, 0, 0, 0]"
2758,59.166.0.3,*,149.171.126.2,11821,*,*,*,"[0, 0, 0, 0, 2, 0, 0, 0, 0, 0, 0, 0, 0]"
2759,59.166.0.3,*,149.171.126.2,15171,*,*,*,"[0, 0, 0, 0, 2, 0, 0, 0, 0, 0, 0, 0, 0]"
2760,59.166.0.3,*,149.171.126.2,17268,*,*,*,"[0, 0, 0, 0, 2, 0, 0, 0, 0, 0, 0, 0, 0]"
2761,59.166.0.3,*,149.171.126.2,36222,*,*,*,"[0, 0, 0, 0, 3, 0, 0, 0, 0, 0, 0, 0, 0]"
2762,59.166.0.3,*,149.171.126.2,5131,*,*,*,"[0, 0, 0, 0, 3, 0, 0, 0, 0, 0, 0, 0, 0]"
2763,59.166.0.3,*,149.171.126.2,56995,*,*,*,"[0, 0, 0, 0, 3, 0, 0, 0, 0, 0, 0, 0, 0]"
2764,59.166.0.3,*,149.171.126.2,18725,*,*,*,"[0, 0, 0, 0, 0, 2, 0, 0, 0, 0, 0, 0, 0]"
2765,59.166.0.3,*,149.171.126.2,27743,*,*,*,"[0, 0, 0, 0, 0, 2, 0, 0, 0, 0, 0, 0, 0]"
2766,59.166.0.3,*,149.171.126.2,44864,*,*,*,"[0, 0, 0, 0, 0, 2, 0, 0, 0, 0, 0, 0, 0]"
2767,59.166.0.3,*,149.171.126.2,62597,*,*,*,"[0, 0, 0, 0, 0, 2, 0, 0, 0, 0, 0, 0, 0]"
2768,59.166.0.3,*,149.171.126.2,21049,*,*,*,"[0, 0, 0, 0, 0, 0, 2, 0, 0, 0, 0, 0, 0]"
2769,59.166.0.3,*,149.171.126.2,31861,*,*,*,"[0, 0, 0, 0, 0, 0, 3, 0, 0, 0, 0, 0, 0]"
2770,59.166.0.3,*,149.171.126.2,35856,*,*,*,"[0, 0, 0, 0, 0, 0, 2, 0, 0, 0, 0, 0, 0]"
2771,59.166.0.3,*,149.171.126.2,44463,*,*,*,"[0, 0, 0, 0, 0, 0, 3, 0, 0, 0, 0, 0, 0]"
2772,59.166.0.3,*,149.171.126.2,46556,*,*,*,"[0, 0, 0, 0, 0, 0, 3, 0, 0, 0, 0, 0, 0]"
2773,59.166.0.3,*,149.171.126.2,49483,*,*,*,"[0, 0, 0, 0, 0, 0, 2, 0, 0, 0, 0, 0, 0]"
2774,59.166.0.3,*,149.171.126.2,13582,*,*,*,"[0, 0, 0, 0, 0, 0, 0, 2, 0, 0, 0, 0, 0]"
2775,59.166.0.3,*,149.171.126.2,41643,*,*,*,"[0, 0, 0, 0, 0, 0, 0, 3, 0, 0, 0, 0, 0]"
2776,59.166.0.3,*,149.171.126.2,45637,*,*,*,"[0, 0, 0, 0, 0, 0, 0, 3, 0, 0, 0, 0, 0]"
2777,59.166.0.3,*,149.171.126.2,50870,*,*,*,"[0, 0, 0, 0, 0, 0, 0, 2, 0, 0, 0, 0, 0]"
2778,59.166.0.3,*,149.171.126.2,59699,*,*,*,"[0, 0, 0, 0, 0, 0, 0, 3, 0, 0, 0, 0, 0]"
2779,59.166.0.3,*,149.171.126.2,62964,*,*,*,"[0, 0, 0, 0, 0, 0, 0, 2, 0, 0, 0, 0, 0]"
2780,59.166.0.3,*,149.171.126.2,65009,*,*,*,"[0, 0, 0, 0, 0, 0, 0, 2, 0, 0, 0, 0, 0]"
2781,59.166.0.3,*,149.171.126.2,22627,*,*,*,"[0, 0, 0, 0, 0, 0, 0, 0, 3, 0, 0, 0, 0]"
2782,59.166.0.3,*,149.171.126.2,36106,*,*,*,"[0, 0, 0, 0, 0, 0, 0, 0, 2, 0, 0, 0, 0]"
2783,59.166.0.3,*,149.171.126.2,37612,*,*,*,"[0, 0, 0, 0, 0, 0, 0, 0, 2, 0, 0, 0, 0]"
2784,59.166.0.3,*,149.171.126.2,4212,*,*,*,"[0, 0, 0, 0, 0, 0, 0, 0, 3, 0, 0, 0, 0]"
2785,59.166.0.3,*,149.171.126.2,56854,*,*,*,"[0, 0, 0, 0, 0, 0, 0, 0, 2, 0, 0, 0, 0]"
2786,59.166.0.3,*,149.171.126.2,8998,*,*,*,"[0, 0, 0, 0, 0, 0, 0, 0, 3, 0, 0, 0, 0]"
2787,59.166.0.3,*,149.171.126.2,22432,*,*,*,"[0, 0, 0, 0, 0, 0, 0, 0, 0, 2, 0, 0, 0]"
2788,59.166.0.3,*,149.171.126.2,46326,*,*,*,"[0, 0, 0, 0, 0, 0, 0, 0, 0, 2, 0, 0, 0]"
2789,59.166.0.3,*,149.171.126.2,46967,*,*,*,"[0, 0, 0, 0, 0, 0, 0, 0, 0, 2, 0, 0, 0]"
2790,59.166.0.3,*,149.171.126.2,13761,*,*,*,"[0, 0, 0, 0, 0, 0, 0, 0, 0, 0, 3, 0, 0]"
2791,59.166.0.3,*,149.171.126.2,16120,*,*,*,"[0, 0, 0, 0, 0, 0, 0, 0, 0, 0, 2, 0, 0]"
2792,59.166.0.3,*,149.171.126.2,31484,*,*,*,"[0, 0, 0, 0, 0, 0, 0, 0, 0, 0, 3, 0, 0]"
2793,59.166.0.3,*,149.171.126.2,38033,*,*,*,"[0, 0, 0, 0, 0, 0, 0, 0, 0, 0, 3, 0, 0]"
2794,59.166.0.3,*,149.171.126.2,44976,*,*,*,"[0, 0, 0, 0, 0, 0, 0, 0, 0, 0, 2, 0, 0]"
2795,59.166.0.3,*,149.171.126.2,45963,*,*,*,"[0, 0, 0, 0, 0, 0, 0, 0, 0, 0, 2, 0, 0]"
2796,59.166.0.3,*,149.171.126.2,49991,*,*,*,"[0, 0, 0, 0, 0, 0, 0, 0, 0, 0, 2, 0, 0]"
2797,59.166.0.3,*,149.171.126.2,58781,*,*,*,"[0, 0, 0, 0, 0, 0, 0, 0, 0, 0, 2, 0, 0]"
2798,59.166.0.3,*,149.171.126.2,62120,*,*,*,"[0, 0, 0, 0, 0, 0, 0, 0, 0, 0, 2, 0, 0]"
2799,59.166.0.3,*,149.171.126.2,64158,*,*,*,"[0, 0, 0, 0, 0, 0, 0, 0, 0, 0, 2, 0, 0]"
2800,59.166.0.3,*,149.171.126.2,14575,*,*,*,"[0, 0, 0, 0, 0, 0, 0, 0, 0, 0, 0, 2, 0]"
2801,59.166.0.3,*,149.171.126.2,18583,*,*,*,"[0, 0, 0, 0, 0, 0, 0, 0, 0, 0, 0, 2, 0]"
2802,59.166.0.3,*,149.171.126.2,41227,*,*,*,"[0, 0, 0, 0, 0, 0, 0, 0, 0, 0, 0, 2, 0]"
2803,59.166.0.3,*,149.171.126.2,45717,*,*,*,"[0, 0, 0, 0, 0, 0, 0, 0, 0, 0, 0, 2, 0]"
2804,59.166.0.3,*,149.171.126.2,63238,*,*,*,"[0, 0, 0, 0, 0, 0, 0, 0, 0, 0, 0, 2, 0]"
2805,59.166.0.3,*,149.171.126.2,6786,*,*,*,"[0, 0, 0, 0, 0, 0, 0, 0, 0, 0, 0, 2, 0]"
2806,59.166.0.3,*,149.171.126.2,10394,*,*,*,"[0, 0, 0, 0, 0, 0, 0, 0, 0, 0, 0, 0, 2]"
2807,59.166.0.3,*,149.171.126.2,19518,*,*,*,"[0, 0, 0, 0, 0, 0, 0, 0, 0, 0, 0, 0, 2]"
2808,59.166.0.3,*,149.171.126.2,21133,*,*,*,"[0, 0, 0, 0, 0, 0, 0, 0, 0, 0, 0, 0, 4]"
2809,59.166.0.3,*,149.171.126.2,32528,*,*,*,"[0, 0, 0, 0, 0, 0, 0, 0, 0, 0, 0, 0, 2]"
2810,59.166.0.3,*,149.171.126.2,48182,*,*,*,"[0, 0, 0, 0, 0, 0, 0, 0, 0, 0, 0, 0, 4]"
2811,59.166.0.3,*,149.171.126.2,63753,*,*,*,"[0, 0, 0, 0, 0, 0, 0, 0, 0, 0, 0, 0, 4]"
2812,59.166.0.3,*,149.171.126.3,111,*,*,*,"[14, 6, 14, 12, 11, 17, 13, 17, 16, 7, 9, 13, 13]"
2813,59.166.0.3,*,149.171.126.3,11399,*,*,*,"[2, 0, 0, 0, 0, 0, 0, 0, 0, 0, 0, 0, 0]"
2814,59.166.0.3,*,149.171.126.3,143,*,*,*,"[8, 6, 10, 6, 3, 6, 3, 4, 9, 7, 3, 4, 6]"
2815,59.166.0.3,*,149.171.126.3,17087,*,*,*,"[3, 0, 0, 0, 0, 0, 0, 0, 0, 0, 0, 0, 0]"
2816,59.166.0.3,*,149.171.126.3,21,*,*,*,"[8, 6, 5, 9, 5, 6, 4, 5, 5, 9, 6, 4, 4]"
2817,59.166.0.3,*,149.171.126.3,22,*,*,*,"[5, 5, 7, 12, 4, 9, 3, 2, 8, 8, 7, 6, 9]"
2818,59.166.0.3,*,149.171.126.3,25,*,*,*,"[12, 9, 21, 11, 11, 21, 9, 10, 8, 11, 13, 11, 13]"
2819,59.166.0.3,*,149.171.126.3,26143,*,*,*,"[2, 0, 0, 0, 0, 0, 0, 0, 0, 0, 0, 0, 0]"
2820,59.166.0.3,*,149.171.126.3,45548,*,*,*,"[3, 0, 0, 0, 0, 0, 0, 0, 0, 0, 0, 0, 0]"
2821,59.166.0.3,*,149.171.126.3,5190,*,*,*,"[24, 29, 15, 11, 12, 21, 28, 8, 15, 21, 20, 15, 10]"
2822,59.166.0.3,*,149.171.126.3,52294,*,*,*,"[2, 0, 0, 0, 0, 0, 0, 0, 0, 0, 0, 0, 0]"
2823,59.166.0.3,*,149.171.126.3,52796,*,*,*,"[3, 0, 0, 0, 0, 0, 0, 0, 0, 0, 0, 0, 0]"
2824,59.166.0.3,*,149.171.126.3,52801,*,*,*,"[2, 0, 0, 0, 0, 0, 0, 0, 0, 0, 0, 0, 0]"
2825,59.166.0.3,*,149.171.126.3,53,*,*,*,"[54, 52, 59, 55, 47, 39, 49, 41, 60, 50, 63, 63, 57]"
2826,59.166.0.3,*,149.171.126.3,56048,*,*,*,"[2, 0, 0, 0, 0, 0, 0, 0, 0, 0, 0, 0, 0]"
2827,59.166.0.3,*,149.171.126.3,64030,*,*,*,"[2, 0, 0, 0, 0, 0, 0, 0, 0, 0, 0, 0, 0]"
2828,59.166.0.3,*,149.171.126.3,6881,*,*,*,"[13, 12, 0, 12, 24, 6, 60, 37, 12, 12, 18, 12, 18]"
2829,59.166.0.3,*,149.171.126.3,80,*,*,*,"[35, 32, 33, 35, 23, 18, 36, 18, 35, 24, 29, 24, 34]"
2830,59.166.0.3,*,149.171.126.3,15843,*,*,*,"[0, 2, 0, 0, 0, 0, 0, 0, 0, 0, 0, 0, 0]"
2831,59.166.0.3,*,149.171.126.3,49198,*,*,*,"[0, 2, 0, 0, 0, 0, 0, 0, 0, 0, 0, 0, 0]"
2832,59.166.0.3,*,149.171.126.3,54867,*,*,*,"[0, 2, 0, 0, 0, 0, 0, 0, 0, 0, 0, 0, 0]"
2833,59.166.0.3,*,149.171.126.3,1254,*,*,*,"[0, 0, 2, 0, 0, 0, 0, 0, 0, 0, 0, 0, 0]"
2834,59.166.0.3,*,149.171.126.3,14987,*,*,*,"[0, 0, 2, 0, 0, 0, 0, 0, 0, 0, 0, 0, 0]"
2835,59.166.0.3,*,149.171.126.3,2869,*,*,*,"[0, 0, 2, 0, 0, 0, 0, 0, 0, 0, 0, 0, 0]"
2836,59.166.0.3,*,149.171.126.3,3398,*,*,*,"[0, 0, 2, 0, 0, 0, 0, 0, 0, 0, 0, 0, 0]"
2837,59.166.0.3,*,149.171.126.3,34154,*,*,*,"[0, 0, 2, 0, 0, 0, 0, 0, 0, 0, 0, 0, 0]"
2838,59.166.0.3,*,149.171.126.3,61745,*,*,*,"[0, 0, 2, 0, 0, 0, 0, 0, 0, 0, 0, 0, 0]"
2839,59.166.0.3,*,149.171.126.3,11680,*,*,*,"[0, 0, 0, 2, 0, 0, 0, 0, 0, 0, 0, 0, 0]"
2840,59.166.0.3,*,149.171.126.3,1397,*,*,*,"[0, 0, 0, 3, 0, 0, 0, 0, 0, 0, 0, 0, 0]"
2841,59.166.0.3,*,149.171.126.3,21831,*,*,*,"[0, 0, 0, 3, 0, 0, 0, 0, 0, 0, 0, 0, 0]"
2842,59.166.0.3,*,149.171.126.3,30639,*,*,*,"[0, 0, 0, 3, 0, 0, 0, 0, 0, 0, 0, 0, 0]"
2843,59.166.0.3,*,149.171.126.3,32912,*,*,*,"[0, 0, 0, 2, 0, 0, 0, 0, 0, 0, 0, 0, 0]"
2844,59.166.0.3,*,149.171.126.3,44685,*,*,*,"[0, 0, 0, 2, 0, 0, 0, 0, 0, 0, 0, 0, 0]"
2845,59.166.0.3,*,149.171.126.3,45133,*,*,*,"[0, 0, 0, 3, 0, 0, 0, 0, 0, 0, 0, 0, 0]"
2846,59.166.0.3,*,149.171.126.3,57588,*,*,*,"[0, 0, 0, 3, 0, 0, 0, 0, 0, 0, 0, 0, 0]"
2847,59.166.0.3,*,149.171.126.3,58003,*,*,*,"[0, 0, 0, 3, 0, 0, 0, 0, 0, 0, 0, 0, 0]"
2848,59.166.0.3,*,149.171.126.3,12916,*,*,*,"[0, 0, 0, 0, 2, 0, 0, 0, 0, 0, 0, 0, 0]"
2849,59.166.0.3,*,149.171.126.3,29238,*,*,*,"[0, 0, 0, 0, 2, 0, 0, 0, 0, 0, 0, 0, 0]"
2850,59.166.0.3,*,149.171.126.3,33656,*,*,*,"[0, 0, 0, 0, 2, 0, 0, 0, 0, 0, 0, 0, 0]"
2851,59.166.0.3,*,149.171.126.3,22481,*,*,*,"[0, 0, 0, 0, 0, 2, 0, 0, 0, 0, 0, 0, 0]"
2852,59.166.0.3,*,149.171.126.3,26869,*,*,*,"[0, 0, 0, 0, 0, 2, 0, 0, 0, 0, 0, 0, 0]"
2853,59.166.0.3,*,149.171.126.3,41018,*,*,*,"[0, 0, 0, 0, 0, 2, 0, 0, 0, 0, 0, 0, 0]"
2854,59.166.0.3,*,149.171.126.3,25349,*,*,*,"[0, 0, 0, 0, 0, 0, 2, 0, 0, 0, 0, 0, 0]"
2855,59.166.0.3,*,149.171.126.3,38225,*,*,*,"[0, 0, 0, 0, 0, 0, 2, 0, 0, 0, 0, 0, 0]"
2856,59.166.0.3,*,149.171.126.3,52431,*,*,*,"[0, 0, 0, 0, 0, 0, 2, 0, 0, 0, 0, 0, 0]"
2857,59.166.0.3,*,149.171.126.3,10397,*,*,*,"[0, 0, 0, 0, 0, 0, 0, 0, 2, 0, 0, 0, 0]"
2858,59.166.0.3,*,149.171.126.3,17562,*,*,*,"[0, 0, 0, 0, 0, 0, 0, 2, 0, 0, 0, 0, 0]"
2859,59.166.0.3,*,149.171.126.3,44321,*,*,*,"[0, 0, 0, 0, 0, 0, 0, 0, 2, 0, 0, 0, 0]"
2860,59.166.0.3,*,149.171.126.3,56658,*,*,*,"[0, 0, 0, 0, 0, 0, 0, 0, 2, 0, 0, 0, 0]"
2861,59.166.0.3,*,149.171.126.3,58238,*,*,*,"[0, 0, 0, 0, 0, 0, 0, 2, 0, 0, 0, 0, 0]"
2862,59.166.0.3,*,149.171.126.3,63870,*,*,*,"[0, 0, 0, 0, 0, 0, 0, 2, 0, 0, 0, 0, 0]"
2863,59.166.0.3,*,149.171.126.3,16904,*,*,*,"[0, 0, 0, 0, 0, 0, 0, 0, 2, 0, 0, 0, 0]"
2864,59.166.0.3,*,149.171.126.3,22432,*,*,*,"[0, 0, 0, 0, 0, 0, 0, 0, 0, 3, 0, 0, 0]"
2865,59.166.0.3,*,149.171.126.3,25031,*,*,*,"[0, 0, 0, 0, 0, 0, 0, 0, 0, 2, 0, 0, 0]"
2866,59.166.0.3,*,149.171.126.3,33513,*,*,*,"[0, 0, 0, 0, 0, 0, 0, 0, 0, 2, 0, 0, 0]"
2867,59.166.0.3,*,149.171.126.3,46326,*,*,*,"[0, 0, 0, 0, 0, 0, 0, 0, 0, 3, 0, 0, 0]"
2868,59.166.0.3,*,149.171.126.3,46967,*,*,*,"[0, 0, 0, 0, 0, 0, 0, 0, 0, 3, 0, 0, 0]"
2869,59.166.0.3,*,149.171.126.3,47628,*,*,*,"[0, 0, 0, 0, 0, 0, 0, 0, 0, 2, 0, 0, 0]"
2870,59.166.0.3,*,149.171.126.3,62821,*,*,*,"[0, 0, 0, 0, 0, 0, 0, 0, 0, 3, 0, 0, 0]"
2871,59.166.0.3,*,149.171.126.3,63656,*,*,*,"[0, 0, 0, 0, 0, 0, 0, 0, 0, 3, 0, 0, 0]"
2872,59.166.0.3,*,149.171.126.3,65504,*,*,*,"[0, 0, 0, 0, 0, 0, 0, 0, 0, 3, 0, 0, 0]"
2873,59.166.0.3,*,149.171.126.3,23815,*,*,*,"[0, 0, 0, 0, 0, 0, 0, 0, 0, 0, 2, 0, 0]"
2874,59.166.0.3,*,149.171.126.3,23898,*,*,*,"[0, 0, 0, 0, 0, 0, 0, 0, 0, 0, 2, 0, 0]"
2875,59.166.0.3,*,149.171.126.3,25885,*,*,*,"[0, 0, 0, 0, 0, 0, 0, 0, 0, 0, 2, 0, 0]"
2876,59.166.0.3,*,149.171.126.3,10394,*,*,*,"[0, 0, 0, 0, 0, 0, 0, 0, 0, 0, 0, 0, 2]"
2877,59.166.0.3,*,149.171.126.3,19518,*,*,*,"[0, 0, 0, 0, 0, 0, 0, 0, 0, 0, 0, 0, 2]"
2878,59.166.0.3,*,149.171.126.3,32528,*,*,*,"[0, 0, 0, 0, 0, 0, 0, 0, 0, 0, 0, 0, 2]"
2879,59.166.0.3,*,149.171.126.4,111,*,*,*,"[14, 5, 17, 10, 12, 15, 10, 11, 7, 10, 12, 16, 9]"
2880,59.166.0.3,*,149.171.126.4,11399,*,*,*,"[2, 0, 0, 0, 0, 0, 0, 0, 0, 0, 0, 0, 0]"
2881,59.166.0.3,*,149.171.126.4,143,*,*,*,"[5, 7, 7, 7, 4, 8, 10, 5, 9, 10, 10, 8, 2]"
2882,59.166.0.3,*,149.171.126.4,17087,*,*,*,"[3, 0, 0, 0, 0, 0, 0, 0, 0, 0, 0, 0, 0]"
2883,59.166.0.3,*,149.171.126.4,21,*,*,*,"[7, 9, 3, 10, 11, 6, 5, 2, 8, 3, 8, 5, 6]"
2884,59.166.0.3,*,149.171.126.4,22,*,*,*,"[0, 7, 11, 14, 3, 10, 3, 3, 7, 11, 5, 5, 8]"
2885,59.166.0.3,*,149.171.126.4,25,*,*,*,"[14, 10, 10, 7, 18, 11, 13, 8, 12, 14, 18, 13, 8]"
2886,59.166.0.3,*,149.171.126.4,26143,*,*,*,"[2, 0, 0, 0, 0, 0, 0, 0, 0, 0, 0, 0, 0]"
2887,59.166.0.3,*,149.171.126.4,45548,*,*,*,"[3, 0, 0, 0, 0, 0, 0, 0, 0, 0, 0, 0, 0]"
2888,59.166.0.3,*,149.171.126.4,5190,*,*,*,"[22, 17, 17, 8, 16, 25, 32, 14, 19, 19, 20, 8, 14]"
2889,59.166.0.3,*,149.171.126.4,52294,*,*,*,"[2, 0, 0, 0, 0, 0, 0, 0, 0, 0, 0, 0, 0]"
2890,59.166.0.3,*,149.171.126.4,52796,*,*,*,"[3, 0, 0, 0, 0, 0, 0, 0, 0, 0, 0, 0, 0]"
2891,59.166.0.3,*,149.171.126.4,53,*,*,*,"[54, 74, 61, 46, 50, 52, 57, 36, 58, 47, 55, 57, 73]"
2892,59.166.0.3,*,149.171.126.4,6881,*,*,*,"[18, 6, 6, 0, 24, 18, 72, 37, 0, 6, 12, 6, 24]"
2893,59.166.0.3,*,149.171.126.4,80,*,*,*,"[24, 26, 29, 37, 25, 29, 30, 23, 28, 25, 32, 24, 31]"
2894,59.166.0.3,*,149.171.126.4,13142,*,*,*,"[0, 0, 3, 0, 0, 0, 0, 0, 0, 0, 0, 0, 0]"
2895,59.166.0.3,*,149.171.126.4,15843,*,*,*,"[0, 4, 0, 0, 0, 0, 0, 0, 0, 0, 0, 0, 0]"
2896,59.166.0.3,*,149.171.126.4,27976,*,*,*,"[0, 0, 3, 0, 0, 0, 0, 0, 0, 0, 0, 0, 0]"
2897,59.166.0.3,*,149.171.126.4,3062,*,*,*,"[0, 2, 0, 0, 0, 0, 0, 0, 0, 0, 0, 0, 0]"
2898,59.166.0.3,*,149.171.126.4,34463,*,*,*,"[0, 2, 0, 0, 0, 0, 0, 0, 0, 0, 0, 0, 0]"
2899,59.166.0.3,*,149.171.126.4,35397,*,*,*,"[0, 0, 3, 0, 0, 0, 0, 0, 0, 0, 0, 0, 0]"
2900,59.166.0.3,*,149.171.126.4,38395,*,*,*,"[0, 2, 0, 0, 0, 0, 0, 0, 0, 0, 0, 0, 0]"
2901,59.166.0.3,*,149.171.126.4,49198,*,*,*,"[0, 4, 0, 0, 0, 0, 0, 0, 0, 0, 0, 0, 0]"
2902,59.166.0.3,*,149.171.126.4,54867,*,*,*,"[0, 4, 0, 0, 0, 0, 0, 0, 0, 0, 0, 0, 0]"
2903,59.166.0.3,*,149.171.126.4,11680,*,*,*,"[0, 0, 0, 2, 0, 0, 0, 0, 0, 0, 0, 0, 0]"
2904,59.166.0.3,*,149.171.126.4,1397,*,*,*,"[0, 0, 0, 2, 0, 0, 0, 0, 0, 0, 0, 0, 0]"
2905,59.166.0.3,*,149.171.126.4,20048,*,*,*,"[0, 0, 0, 3, 0, 0, 0, 0, 0, 0, 0, 0, 0]"
2906,59.166.0.3,*,149.171.126.4,21831,*,*,*,"[0, 0, 0, 2, 0, 0, 0, 0, 0, 0, 0, 0, 0]"
2907,59.166.0.3,*,149.171.126.4,30639,*,*,*,"[0, 0, 0, 2, 0, 0, 0, 0, 0, 0, 0, 0, 0]"
2908,59.166.0.3,*,149.171.126.4,32912,*,*,*,"[0, 0, 0, 2, 0, 0, 0, 0, 0, 0, 0, 0, 0]"
2909,59.166.0.3,*,149.171.126.4,44685,*,*,*,"[0, 0, 0, 2, 0, 0, 0, 0, 0, 0, 0, 0, 0]"
2910,59.166.0.3,*,149.171.126.4,45133,*,*,*,"[0, 0, 0, 2, 0, 0, 0, 0, 0, 0, 0, 0, 0]"
2911,59.166.0.3,*,149.171.126.4,54131,*,*,*,"[0, 0, 0, 3, 0, 0, 0, 0, 0, 0, 0, 0, 0]"
2912,59.166.0.3,*,149.171.126.4,57521,*,*,*,"[0, 0, 0, 3, 0, 0, 0, 0, 0, 0, 0, 0, 0]"
2913,59.166.0.3,*,149.171.126.4,57588,*,*,*,"[0, 0, 0, 2, 0, 0, 0, 0, 0, 0, 0, 0, 0]"
2914,59.166.0.3,*,149.171.126.4,58003,*,*,*,"[0, 0, 0, 2, 0, 0, 0, 0, 0, 0, 0, 0, 0]"
2915,59.166.0.3,*,149.171.126.4,11821,*,*,*,"[0, 0, 0, 0, 3, 0, 0, 0, 0, 0, 0, 0, 0]"
2916,59.166.0.3,*,149.171.126.4,15171,*,*,*,"[0, 0, 0, 0, 3, 0, 0, 0, 0, 0, 0, 0, 0]"
2917,59.166.0.3,*,149.171.126.4,17268,*,*,*,"[0, 0, 0, 0, 3, 0, 0, 0, 0, 0, 0, 0, 0]"
2918,59.166.0.3,*,149.171.126.4,34073,*,*,*,"[0, 0, 0, 0, 2, 0, 0, 0, 0, 0, 0, 0, 0]"
2919,59.166.0.3,*,149.171.126.4,36222,*,*,*,"[0, 0, 0, 0, 3, 0, 0, 0, 0, 0, 0, 0, 0]"
2920,59.166.0.3,*,149.171.126.4,5131,*,*,*,"[0, 0, 0, 0, 3, 0, 0, 0, 0, 0, 0, 0, 0]"
2921,59.166.0.3,*,149.171.126.4,56995,*,*,*,"[0, 0, 0, 0, 3, 0, 0, 0, 0, 0, 0, 0, 0]"
2922,59.166.0.3,*,149.171.126.4,18292,*,*,*,"[0, 0, 0, 0, 0, 2, 0, 0, 0, 0, 0, 0, 0]"
2923,59.166.0.3,*,149.171.126.4,18741,*,*,*,"[0, 0, 0, 0, 0, 2, 0, 0, 0, 0, 0, 0, 0]"
2924,59.166.0.3,*,149.171.126.4,22481,*,*,*,"[0, 0, 0, 0, 0, 2, 0, 0, 0, 0, 0, 0, 0]"
2925,59.166.0.3,*,149.171.126.4,26869,*,*,*,"[0, 0, 0, 0, 0, 2, 0, 0, 0, 0, 0, 0, 0]"
2926,59.166.0.3,*,149.171.126.4,28875,*,*,*,"[0, 0, 0, 0, 0, 2, 0, 0, 0, 0, 0, 0, 0]"
2927,59.166.0.3,*,149.171.126.4,41018,*,*,*,"[0, 0, 0, 0, 0, 2, 0, 0, 0, 0, 0, 0, 0]"
2928,59.166.0.3,*,149.171.126.4,15419,*,*,*,"[0, 0, 0, 0, 0, 0, 2, 0, 0, 0, 0, 0, 0]"
2929,59.166.0.3,*,149.171.126.4,52639,*,*,*,"[0, 0, 0, 0, 0, 0, 2, 0, 0, 0, 0, 0, 0]"
2930,59.166.0.3,*,149.171.126.4,8051,*,*,*,"[0, 0, 0, 0, 0, 0, 2, 0, 0, 0, 0, 0, 0]"
2931,59.166.0.3,*,149.171.126.4,11460,*,*,*,"[0, 0, 0, 0, 0, 0, 0, 0, 3, 0, 0, 0, 0]"
2932,59.166.0.3,*,149.171.126.4,13455,*,*,*,"[0, 0, 0, 0, 0, 0, 0, 0, 3, 0, 0, 0, 0]"
2933,59.166.0.3,*,149.171.126.4,26631,*,*,*,"[0, 0, 0, 0, 0, 0, 0, 0, 3, 0, 0, 0, 0]"
2934,59.166.0.3,*,149.171.126.4,62821,*,*,*,"[0, 0, 0, 0, 0, 0, 0, 0, 0, 2, 0, 0, 0]"
2935,59.166.0.3,*,149.171.126.4,63656,*,*,*,"[0, 0, 0, 0, 0, 0, 0, 0, 0, 2, 0, 0, 0]"
2936,59.166.0.3,*,149.171.126.4,65504,*,*,*,"[0, 0, 0, 0, 0, 0, 0, 0, 0, 2, 0, 0, 0]"
2937,59.166.0.3,*,149.171.126.4,23815,*,*,*,"[0, 0, 0, 0, 0, 0, 0, 0, 0, 0, 2, 0, 0]"
2938,59.166.0.3,*,149.171.126.4,23898,*,*,*,"[0, 0, 0, 0, 0, 0, 0, 0, 0, 0, 2, 0, 0]"
2939,59.166.0.3,*,149.171.126.4,25885,*,*,*,"[0, 0, 0, 0, 0, 0, 0, 0, 0, 0, 2, 0, 0]"
2940,59.166.0.3,*,149.171.126.4,34316,*,*,*,"[0, 0, 0, 0, 0, 0, 0, 0, 0, 0, 4, 0, 0]"
2941,59.166.0.3,*,149.171.126.4,43493,*,*,*,"[0, 0, 0, 0, 0, 0, 0, 0, 0, 0, 4, 0, 0]"
2942,59.166.0.3,*,149.171.126.4,53411,*,*,*,"[0, 0, 0, 0, 0, 0, 0, 0, 0, 0, 2, 0, 0]"
2943,59.166.0.3,*,149.171.126.4,53517,*,*,*,"[0, 0, 0, 0, 0, 0, 0, 0, 0, 0, 4, 0, 0]"
2944,59.166.0.3,*,149.171.126.4,60694,*,*,*,"[0, 0, 0, 0, 0, 0, 0, 0, 0, 0, 2, 0, 0]"
2945,59.166.0.3,*,149.171.126.4,11513,*,*,*,"[0, 0, 0, 0, 0, 0, 0, 0, 0, 0, 0, 2, 0]"
2946,59.166.0.3,*,149.171.126.4,19056,*,*,*,"[0, 0, 0, 0, 0, 0, 0, 0, 0, 0, 0, 2, 0]"
2947,59.166.0.3,*,149.171.126.4,25974,*,*,*,"[0, 0, 0, 0, 0, 0, 0, 0, 0, 0, 0, 3, 0]"
2948,59.166.0.3,*,149.171.126.4,36781,*,*,*,"[0, 0, 0, 0, 0, 0, 0, 0, 0, 0, 0, 3, 0]"
2949,59.166.0.3,*,149.171.126.4,56614,*,*,*,"[0, 0, 0, 0, 0, 0, 0, 0, 0, 0, 0, 2, 0]"
2950,59.166.0.3,*,149.171.126.4,56852,*,*,*,"[0, 0, 0, 0, 0, 0, 0, 0, 0, 0, 0, 3, 0]"
2951,59.166.0.3,*,149.171.126.4,13839,*,*,*,"[0, 0, 0, 0, 0, 0, 0, 0, 0, 0, 0, 0, 2]"
2952,59.166.0.3,*,149.171.126.4,16398,*,*,*,"[0, 0, 0, 0, 0, 0, 0, 0, 0, 0, 0, 0, 2]"
2953,59.166.0.3,*,149.171.126.4,26866,*,*,*,"[0, 0, 0, 0, 0, 0, 0, 0, 0, 0, 0, 0, 2]"
2954,59.166.0.3,*,149.171.126.4,50688,*,*,*,"[0, 0, 0, 0, 0, 0, 0, 0, 0, 0, 0, 0, 2]"
2955,59.166.0.3,*,149.171.126.4,53740,*,*,*,"[0, 0, 0, 0, 0, 0, 0, 0, 0, 0, 0, 0, 2]"
2956,59.166.0.3,*,149.171.126.4,56959,*,*,*,"[0, 0, 0, 0, 0, 0, 0, 0, 0, 0, 0, 0, 2]"
2957,59.166.0.3,*,149.171.126.5,111,*,*,*,"[8, 13, 20, 14, 16, 7, 15, 7, 9, 13, 11, 10, 14]"
2958,59.166.0.3,*,149.171.126.5,11399,*,*,*,"[2, 0, 0, 0, 0, 0, 0, 0, 0, 0, 0, 0, 0]"
2959,59.166.0.3,*,149.171.126.5,143,*,*,*,"[9, 15, 3, 9, 9, 7, 7, 2, 13, 9, 5, 5, 4]"
2960,59.166.0.3,*,149.171.126.5,21,*,*,*,"[7, 5, 12, 7, 5, 5, 8, 2, 12, 5, 4, 5, 13]"
2961,59.166.0.3,*,149.171.126.5,22,*,*,*,"[2, 6, 7, 9, 11, 10, 6, 0, 8, 11, 7, 11, 10]"
2962,59.166.0.3,*,149.171.126.5,25,*,*,*,"[14, 10, 12, 19, 12, 10, 15, 6, 9, 14, 12, 14, 14]"
2963,59.166.0.3,*,149.171.126.5,26143,*,*,*,"[2, 0, 0, 0, 0, 0, 0, 0, 0, 0, 0, 0, 0]"
2964,59.166.0.3,*,149.171.126.5,27934,*,*,*,"[3, 0, 0, 0, 0, 0, 0, 0, 0, 0, 0, 0, 0]"
2965,59.166.0.3,*,149.171.126.5,35719,*,*,*,"[3, 0, 0, 0, 0, 0, 0, 0, 0, 0, 0, 0, 0]"
2966,59.166.0.3,*,149.171.126.5,42130,*,*,*,"[3, 0, 0, 0, 0, 0, 0, 0, 0, 0, 0, 0, 0]"
2967,59.166.0.3,*,149.171.126.5,5190,*,*,*,"[16, 20, 19, 10, 9, 11, 31, 10, 24, 23, 24, 10, 11]"
2968,59.166.0.3,*,149.171.126.5,52294,*,*,*,"[2, 0, 0, 0, 0, 0, 0, 0, 0, 0, 0, 0, 0]"
2969,59.166.0.3,*,149.171.126.5,53,*,*,*,"[64, 56, 59, 52, 65, 57, 57, 43, 74, 47, 59, 58, 65]"
2970,59.166.0.3,*,149.171.126.5,80,*,*,*,"[24, 21, 25, 33, 23, 27, 25, 21, 31, 30, 27, 29, 37]"
2971,59.166.0.3,*,149.171.126.5,17751,*,*,*,"[0, 3, 0, 0, 0, 0, 0, 0, 0, 0, 0, 0, 0]"
2972,59.166.0.3,*,149.171.126.5,6881,*,*,*,"[0, 18, 12, 42, 6, 24, 18, 30, 24, 0, 30, 6, 18]"
2973,59.166.0.3,*,149.171.126.5,7644,*,*,*,"[0, 3, 0, 0, 0, 0, 0, 0, 0, 0, 0, 0, 0]"
2974,59.166.0.3,*,149.171.126.5,9620,*,*,*,"[0, 3, 0, 0, 0, 0, 0, 0, 0, 0, 0, 0, 0]"
2975,59.166.0.3,*,149.171.126.5,11680,*,*,*,"[0, 0, 2, 3, 0, 0, 0, 0, 0, 0, 0, 0, 0]"
2976,59.166.0.3,*,149.171.126.5,1254,*,*,*,"[0, 0, 2, 0, 0, 0, 0, 0, 0, 0, 0, 0, 0]"
2977,59.166.0.3,*,149.171.126.5,13142,*,*,*,"[0, 0, 2, 0, 0, 0, 0, 0, 0, 0, 0, 0, 0]"
2978,59.166.0.3,*,149.171.126.5,25409,*,*,*,"[0, 0, 2, 0, 0, 0, 0, 0, 0, 0, 0, 0, 0]"
2979,59.166.0.3,*,149.171.126.5,27976,*,*,*,"[0, 0, 2, 0, 0, 0, 0, 0, 0, 0, 0, 0, 0]"
2980,59.166.0.3,*,149.171.126.5,3208,*,*,*,"[0, 0, 2, 0, 0, 0, 0, 0, 0, 0, 0, 0, 0]"
2981,59.166.0.3,*,149.171.126.5,32547,*,*,*,"[0, 0, 2, 0, 0, 0, 0, 0, 0, 0, 0, 0, 0]"
2982,59.166.0.3,*,149.171.126.5,32912,*,*,*,"[0, 0, 2, 3, 0, 0, 0, 0, 0, 0, 0, 0, 0]"
2983,59.166.0.3,*,149.171.126.5,34154,*,*,*,"[0, 0, 2, 0, 0, 0, 0, 0, 0, 0, 0, 0, 0]"
2984,59.166.0.3,*,149.171.126.5,35397,*,*,*,"[0, 0, 2, 0, 0, 0, 0, 0, 0, 0, 0, 0, 0]"
2985,59.166.0.3,*,149.171.126.5,44685,*,*,*,"[0, 0, 2, 3, 0, 0, 0, 0, 0, 0, 0, 0, 0]"
2986,59.166.0.3,*,149.171.126.5,61745,*,*,*,"[0, 0, 2, 0, 0, 0, 0, 0, 0, 0, 0, 0, 0]"
2987,59.166.0.3,*,149.171.126.5,32919,*,*,*,"[0, 0, 0, 0, 2, 0, 0, 0, 0, 0, 0, 0, 0]"
2988,59.166.0.3,*,149.171.126.5,36222,*,*,*,"[0, 0, 0, 0, 2, 0, 0, 0, 0, 0, 0, 0, 0]"
2989,59.166.0.3,*,149.171.126.5,5131,*,*,*,"[0, 0, 0, 0, 2, 0, 0, 0, 0, 0, 0, 0, 0]"
2990,59.166.0.3,*,149.171.126.5,56995,*,*,*,"[0, 0, 0, 0, 2, 0, 0, 0, 0, 0, 0, 0, 0]"
2991,59.166.0.3,*,149.171.126.5,22481,*,*,*,"[0, 0, 0, 0, 0, 2, 0, 0, 0, 0, 0, 0, 0]"
2992,59.166.0.3,*,149.171.126.5,26869,*,*,*,"[0, 0, 0, 0, 0, 2, 0, 0, 0, 0, 0, 0, 0]"
2993,59.166.0.3,*,149.171.126.5,41018,*,*,*,"[0, 0, 0, 0, 0, 2, 0, 0, 0, 0, 0, 0, 0]"
2994,59.166.0.3,*,149.171.126.5,15398,*,*,*,"[0, 0, 0, 0, 0, 0, 4, 0, 0, 0, 0, 0, 0]"
2995,59.166.0.3,*,149.171.126.5,15419,*,*,*,"[0, 0, 0, 0, 0, 0, 2, 0, 0, 0, 0, 0, 0]"
2996,59.166.0.3,*,149.171.126.5,32328,*,*,*,"[0, 0, 0, 0, 0, 0, 4, 0, 0, 0, 0, 0, 0]"
2997,59.166.0.3,*,149.171.126.5,52639,*,*,*,"[0, 0, 0, 0, 0, 0, 2, 0, 0, 0, 0, 0, 0]"
2998,59.166.0.3,*,149.171.126.5,8051,*,*,*,"[0, 0, 0, 0, 0, 0, 2, 0, 0, 0, 0, 0, 0]"
2999,59.166.0.3,*,149.171.126.5,9851,*,*,*,"[0, 0, 0, 0, 0, 0, 4, 0, 0, 0, 0, 0, 0]"
3000,59.166.0.3,*,149.171.126.5,41643,*,*,*,"[0, 0, 0, 0, 0, 0, 0, 0, 2, 0, 0, 0, 0]"
3001,59.166.0.3,*,149.171.126.5,45637,*,*,*,"[0, 0, 0, 0, 0, 0, 0, 0, 2, 0, 0, 0, 0]"
3002,59.166.0.3,*,149.171.126.5,59699,*,*,*,"[0, 0, 0, 0, 0, 0, 0, 0, 2, 0, 0, 0, 0]"
3003,59.166.0.3,*,149.171.126.5,22627,*,*,*,"[0, 0, 0, 0, 0, 0, 0, 0, 3, 0, 0, 0, 0]"
3004,59.166.0.3,*,149.171.126.5,36106,*,*,*,"[0, 0, 0, 0, 0, 0, 0, 0, 4, 0, 0, 0, 0]"
3005,59.166.0.3,*,149.171.126.5,37612,*,*,*,"[0, 0, 0, 0, 0, 0, 0, 0, 4, 0, 0, 0, 0]"
3006,59.166.0.3,*,149.171.126.5,4212,*,*,*,"[0, 0, 0, 0, 0, 0, 0, 0, 3, 0, 0, 0, 0]"
3007,59.166.0.3,*,149.171.126.5,56854,*,*,*,"[0, 0, 0, 0, 0, 0, 0, 0, 4, 0, 0, 0, 0]"
3008,59.166.0.3,*,149.171.126.5,8998,*,*,*,"[0, 0, 0, 0, 0, 0, 0, 0, 3, 0, 0, 0, 0]"
3009,59.166.0.3,*,149.171.126.5,1906,*,*,*,"[0, 0, 0, 0, 0, 0, 0, 0, 0, 2, 0, 0, 0]"
3010,59.166.0.3,*,149.171.126.5,22432,*,*,*,"[0, 0, 0, 0, 0, 0, 0, 0, 0, 2, 0, 0, 0]"
3011,59.166.0.3,*,149.171.126.5,3038,*,*,*,"[0, 0, 0, 0, 0, 0, 0, 0, 0, 2, 0, 0, 0]"
3012,59.166.0.3,*,149.171.126.5,46326,*,*,*,"[0, 0, 0, 0, 0, 0, 0, 0, 0, 2, 0, 0, 0]"
3013,59.166.0.3,*,149.171.126.5,46967,*,*,*,"[0, 0, 0, 0, 0, 0, 0, 0, 0, 2, 0, 0, 0]"
3014,59.166.0.3,*,149.171.126.5,54587,*,*,*,"[0, 0, 0, 0, 0, 0, 0, 0, 0, 2, 0, 0, 0]"
3015,59.166.0.3,*,149.171.126.5,44976,*,*,*,"[0, 0, 0, 0, 0, 0, 0, 0, 0, 0, 2, 0, 0]"
3016,59.166.0.3,*,149.171.126.5,45963,*,*,*,"[0, 0, 0, 0, 0, 0, 0, 0, 0, 0, 2, 0, 0]"
3017,59.166.0.3,*,149.171.126.5,58781,*,*,*,"[0, 0, 0, 0, 0, 0, 0, 0, 0, 0, 2, 0, 0]"
3018,59.166.0.3,*,149.171.126.5,13904,*,*,*,"[0, 0, 0, 0, 0, 0, 0, 0, 0, 0, 0, 2, 0]"
3019,59.166.0.3,*,149.171.126.5,14575,*,*,*,"[0, 0, 0, 0, 0, 0, 0, 0, 0, 0, 0, 2, 0]"
3020,59.166.0.3,*,149.171.126.5,18583,*,*,*,"[0, 0, 0, 0, 0, 0, 0, 0, 0, 0, 0, 2, 0]"
3021,59.166.0.3,*,149.171.126.5,45717,*,*,*,"[0, 0, 0, 0, 0, 0, 0, 0, 0, 0, 0, 2, 0]"
3022,59.166.0.3,*,149.171.126.5,55155,*,*,*,"[0, 0, 0, 0, 0, 0, 0, 0, 0, 0, 0, 2, 0]"
3023,59.166.0.3,*,149.171.126.5,56334,*,*,*,"[0, 0, 0, 0, 0, 0, 0, 0, 0, 0, 0, 2, 0]"
3024,59.166.0.3,*,149.171.126.5,13839,*,*,*,"[0, 0, 0, 0, 0, 0, 0, 0, 0, 0, 0, 0, 4]"
3025,59.166.0.3,*,149.171.126.5,16398,*,*,*,"[0, 0, 0, 0, 0, 0, 0, 0, 0, 0, 0, 0, 6]"
3026,59.166.0.3,*,149.171.126.5,26866,*,*,*,"[0, 0, 0, 0, 0, 0, 0, 0, 0, 0, 0, 0, 4]"
3027,59.166.0.3,*,149.171.126.5,50688,*,*,*,"[0, 0, 0, 0, 0, 0, 0, 0, 0, 0, 0, 0, 4]"
3028,59.166.0.3,*,149.171.126.5,53740,*,*,*,"[0, 0, 0, 0, 0, 0, 0, 0, 0, 0, 0, 0, 6]"
3029,59.166.0.3,*,149.171.126.5,56959,*,*,*,"[0, 0, 0, 0, 0, 0, 0, 0, 0, 0, 0, 0, 6]"
3030,59.166.0.3,*,149.171.126.6,111,*,*,*,"[14, 13, 10, 15, 12, 13, 10, 7, 19, 8, 12, 18, 15]"
3031,59.166.0.3,*,149.171.126.6,143,*,*,*,"[5, 10, 6, 4, 6, 6, 9, 3, 5, 6, 7, 10, 5]"
3032,59.166.0.3,*,149.171.126.6,18023,*,*,*,"[2, 0, 0, 0, 0, 0, 0, 0, 0, 0, 0, 0, 0]"
3033,59.166.0.3,*,149.171.126.6,21,*,*,*,"[4, 5, 7, 3, 4, 5, 4, 0, 3, 9, 6, 5, 2]"
3034,59.166.0.3,*,149.171.126.6,22,*,*,*,"[5, 5, 7, 9, 12, 5, 3, 3, 5, 8, 9, 8, 9]"
3035,59.166.0.3,*,149.171.126.6,25,*,*,*,"[15, 11, 14, 14, 12, 9, 7, 7, 17, 7, 12, 14, 12]"
3036,59.166.0.3,*,149.171.126.6,27934,*,*,*,"[2, 0, 0, 0, 0, 0, 0, 0, 0, 0, 0, 0, 0]"
3037,59.166.0.3,*,149.171.126.6,32664,*,*,*,"[2, 0, 0, 0, 0, 0, 0, 0, 0, 0, 0, 0, 0]"
3038,59.166.0.3,*,149.171.126.6,35719,*,*,*,"[2, 0, 0, 0, 0, 0, 0, 0, 0, 0, 0, 0, 0]"
3039,59.166.0.3,*,149.171.126.6,42130,*,*,*,"[2, 0, 0, 0, 0, 0, 0, 0, 0, 0, 0, 0, 0]"
3040,59.166.0.3,*,149.171.126.6,4950,*,*,*,"[2, 0, 0, 0, 0, 0, 0, 0, 0, 0, 0, 0, 0]"
3041,59.166.0.3,*,149.171.126.6,5190,*,*,*,"[18, 24, 9, 11, 14, 14, 19, 7, 17, 20, 19, 11, 18]"
3042,59.166.0.3,*,149.171.126.6,53,*,*,*,"[48, 49, 49, 40, 59, 57, 45, 45, 50, 49, 56, 53, 69]"
3043,59.166.0.3,*,149.171.126.6,6881,*,*,*,"[12, 31, 12, 18, 30, 6, 12, 54, 6, 6, 18, 0, 18]"
3044,59.166.0.3,*,149.171.126.6,80,*,*,*,"[27, 32, 26, 20, 32, 33, 26, 30, 27, 15, 30, 34, 36]"
3045,59.166.0.3,*,149.171.126.6,43267,*,*,*,"[0, 4, 0, 0, 0, 0, 0, 0, 0, 0, 0, 0, 0]"
3046,59.166.0.3,*,149.171.126.6,57067,*,*,*,"[0, 2, 0, 0, 0, 0, 0, 0, 0, 0, 0, 0, 0]"
3047,59.166.0.3,*,149.171.126.6,57753,*,*,*,"[0, 4, 0, 0, 0, 0, 0, 0, 0, 0, 0, 0, 0]"
3048,59.166.0.3,*,149.171.126.6,61834,*,*,*,"[0, 4, 0, 0, 0, 0, 0, 0, 0, 0, 0, 0, 0]"
3049,59.166.0.3,*,149.171.126.6,25409,*,*,*,"[0, 0, 3, 0, 0, 0, 0, 0, 0, 0, 0, 0, 0]"
3050,59.166.0.3,*,149.171.126.6,3208,*,*,*,"[0, 0, 3, 0, 0, 0, 0, 0, 0, 0, 0, 0, 0]"
3051,59.166.0.3,*,149.171.126.6,32547,*,*,*,"[0, 0, 3, 0, 0, 0, 0, 0, 0, 0, 0, 0, 0]"
3052,59.166.0.3,*,149.171.126.6,20048,*,*,*,"[0, 0, 0, 2, 0, 0, 0, 0, 0, 0, 0, 0, 0]"
3053,59.166.0.3,*,149.171.126.6,54131,*,*,*,"[0, 0, 0, 2, 0, 0, 0, 0, 0, 0, 0, 0, 0]"
3054,59.166.0.3,*,149.171.126.6,57521,*,*,*,"[0, 0, 0, 2, 0, 0, 0, 0, 0, 0, 0, 0, 0]"
3055,59.166.0.3,*,149.171.126.6,12319,*,*,*,"[0, 0, 0, 0, 3, 0, 0, 0, 0, 0, 0, 0, 0]"
3056,59.166.0.3,*,149.171.126.6,24550,*,*,*,"[0, 0, 0, 0, 3, 0, 0, 0, 0, 0, 0, 0, 0]"
3057,59.166.0.3,*,149.171.126.6,42265,*,*,*,"[0, 0, 0, 0, 3, 0, 0, 0, 0, 0, 0, 0, 0]"
3058,59.166.0.3,*,149.171.126.6,43825,*,*,*,"[0, 0, 0, 0, 0, 3, 0, 0, 0, 0, 0, 0, 0]"
3059,59.166.0.3,*,149.171.126.6,50827,*,*,*,"[0, 0, 0, 0, 0, 3, 0, 0, 0, 0, 0, 0, 0]"
3060,59.166.0.3,*,149.171.126.6,60894,*,*,*,"[0, 0, 0, 0, 0, 3, 0, 0, 0, 0, 0, 0, 0]"
3061,59.166.0.3,*,149.171.126.6,15398,*,*,*,"[0, 0, 0, 0, 0, 0, 2, 0, 0, 0, 0, 0, 0]"
3062,59.166.0.3,*,149.171.126.6,32328,*,*,*,"[0, 0, 0, 0, 0, 0, 2, 0, 0, 0, 0, 0, 0]"
3063,59.166.0.3,*,149.171.126.6,9851,*,*,*,"[0, 0, 0, 0, 0, 0, 2, 0, 0, 0, 0, 0, 0]"
3064,59.166.0.3,*,149.171.126.6,1906,*,*,*,"[0, 0, 0, 0, 0, 0, 0, 0, 0, 2, 0, 0, 0]"
3065,59.166.0.3,*,149.171.126.6,25031,*,*,*,"[0, 0, 0, 0, 0, 0, 0, 0, 0, 2, 0, 0, 0]"
3066,59.166.0.3,*,149.171.126.6,3038,*,*,*,"[0, 0, 0, 0, 0, 0, 0, 0, 0, 2, 0, 0, 0]"
3067,59.166.0.3,*,149.171.126.6,33513,*,*,*,"[0, 0, 0, 0, 0, 0, 0, 0, 0, 2, 0, 0, 0]"
3068,59.166.0.3,*,149.171.126.6,47628,*,*,*,"[0, 0, 0, 0, 0, 0, 0, 0, 0, 2, 0, 0, 0]"
3069,59.166.0.3,*,149.171.126.6,54587,*,*,*,"[0, 0, 0, 0, 0, 0, 0, 0, 0, 2, 0, 0, 0]"
3070,59.166.0.3,*,149.171.126.6,62821,*,*,*,"[0, 0, 0, 0, 0, 0, 0, 0, 0, 5, 0, 0, 0]"
3071,59.166.0.3,*,149.171.126.6,63656,*,*,*,"[0, 0, 0, 0, 0, 0, 0, 0, 0, 5, 0, 0, 0]"
3072,59.166.0.3,*,149.171.126.6,65504,*,*,*,"[0, 0, 0, 0, 0, 0, 0, 0, 0, 5, 0, 0, 0]"
3073,59.166.0.3,*,149.171.126.6,13761,*,*,*,"[0, 0, 0, 0, 0, 0, 0, 0, 0, 0, 2, 0, 0]"
3074,59.166.0.3,*,149.171.126.6,16120,*,*,*,"[0, 0, 0, 0, 0, 0, 0, 0, 0, 0, 2, 0, 0]"
3075,59.166.0.3,*,149.171.126.6,31484,*,*,*,"[0, 0, 0, 0, 0, 0, 0, 0, 0, 0, 2, 0, 0]"
3076,59.166.0.3,*,149.171.126.6,34316,*,*,*,"[0, 0, 0, 0, 0, 0, 0, 0, 0, 0, 2, 0, 0]"
3077,59.166.0.3,*,149.171.126.6,38033,*,*,*,"[0, 0, 0, 0, 0, 0, 0, 0, 0, 0, 2, 0, 0]"
3078,59.166.0.3,*,149.171.126.6,43493,*,*,*,"[0, 0, 0, 0, 0, 0, 0, 0, 0, 0, 2, 0, 0]"
3079,59.166.0.3,*,149.171.126.6,53517,*,*,*,"[0, 0, 0, 0, 0, 0, 0, 0, 0, 0, 2, 0, 0]"
3080,59.166.0.3,*,149.171.126.6,62120,*,*,*,"[0, 0, 0, 0, 0, 0, 0, 0, 0, 0, 2, 0, 0]"
3081,59.166.0.3,*,149.171.126.6,64158,*,*,*,"[0, 0, 0, 0, 0, 0, 0, 0, 0, 0, 2, 0, 0]"
3082,59.166.0.3,*,149.171.126.6,11513,*,*,*,"[0, 0, 0, 0, 0, 0, 0, 0, 0, 0, 0, 2, 0]"
3083,59.166.0.3,*,149.171.126.6,19056,*,*,*,"[0, 0, 0, 0, 0, 0, 0, 0, 0, 0, 0, 2, 0]"
3084,59.166.0.3,*,149.171.126.6,20919,*,*,*,"[0, 0, 0, 0, 0, 0, 0, 0, 0, 0, 0, 2, 0]"
3085,59.166.0.3,*,149.171.126.6,27901,*,*,*,"[0, 0, 0, 0, 0, 0, 0, 0, 0, 0, 0, 2, 0]"
3086,59.166.0.3,*,149.171.126.6,36239,*,*,*,"[0, 0, 0, 0, 0, 0, 0, 0, 0, 0, 0, 2, 0]"
3087,59.166.0.3,*,149.171.126.6,49502,*,*,*,"[0, 0, 0, 0, 0, 0, 0, 0, 0, 0, 0, 2, 0]"
3088,59.166.0.3,*,149.171.126.6,56614,*,*,*,"[0, 0, 0, 0, 0, 0, 0, 0, 0, 0, 0, 2, 0]"
3089,59.166.0.3,*,149.171.126.7,111,*,*,*,"[12, 19, 10, 8, 12, 12, 9, 9, 13, 13, 13, 6, 10]"
3090,59.166.0.3,*,149.171.126.7,143,*,*,*,"[0, 12, 4, 7, 11, 6, 6, 3, 6, 6, 4, 9, 10]"
3091,59.166.0.3,*,149.171.126.7,17087,*,*,*,"[3, 0, 0, 0, 0, 0, 0, 0, 0, 0, 0, 0, 0]"
3092,59.166.0.3,*,149.171.126.7,18023,*,*,*,"[2, 0, 0, 0, 0, 0, 0, 0, 0, 0, 0, 0, 0]"
3093,59.166.0.3,*,149.171.126.7,21,*,*,*,"[8, 3, 3, 6, 7, 4, 8, 3, 6, 2, 5, 6, 8]"
3094,59.166.0.3,*,149.171.126.7,22,*,*,*,"[0, 5, 6, 9, 10, 2, 4, 0, 9, 6, 6, 10, 8]"
3095,59.166.0.3,*,149.171.126.7,25,*,*,*,"[12, 10, 18, 12, 11, 17, 11, 8, 19, 10, 10, 16, 18]"
3096,59.166.0.3,*,149.171.126.7,27934,*,*,*,"[2, 0, 0, 0, 0, 0, 0, 0, 0, 0, 0, 0, 0]"
3097,59.166.0.3,*,149.171.126.7,32664,*,*,*,"[2, 0, 0, 0, 0, 0, 0, 0, 0, 0, 0, 0, 0]"
3098,59.166.0.3,*,149.171.126.7,35719,*,*,*,"[2, 0, 0, 0, 0, 0, 0, 0, 0, 0, 0, 0, 0]"
3099,59.166.0.3,*,149.171.126.7,42130,*,*,*,"[2, 0, 0, 0, 0, 0, 0, 0, 0, 0, 0, 0, 0]"
3100,59.166.0.3,*,149.171.126.7,43714,*,*,*,"[2, 0, 0, 0, 0, 0, 0, 0, 0, 0, 0, 0, 0]"
3101,59.166.0.3,*,149.171.126.7,45548,*,*,*,"[3, 0, 0, 0, 0, 0, 0, 0, 0, 0, 0, 0, 0]"
3102,59.166.0.3,*,149.171.126.7,4950,*,*,*,"[2, 0, 0, 0, 0, 0, 0, 0, 0, 0, 0, 0, 0]"
3103,59.166.0.3,*,149.171.126.7,5190,*,*,*,"[20, 18, 14, 9, 11, 14, 25, 13, 14, 20, 24, 10, 19]"
3104,59.166.0.3,*,149.171.126.7,52796,*,*,*,"[3, 0, 0, 0, 0, 0, 0, 0, 0, 0, 0, 0, 0]"
3105,59.166.0.3,*,149.171.126.7,53,*,*,*,"[50, 51, 56, 54, 42, 54, 55, 35, 55, 44, 62, 51, 53]"
3106,59.166.0.3,*,149.171.126.7,80,*,*,*,"[33, 29, 22, 21, 32, 30, 27, 19, 23, 25, 31, 28, 28]"
3107,59.166.0.3,*,149.171.126.7,6881,*,*,*,"[0, 12, 6, 18, 36, 36, 48, 18, 24, 0, 30, 12, 24]"
3108,59.166.0.3,*,149.171.126.7,20048,*,*,*,"[0, 0, 0, 2, 0, 0, 0, 0, 0, 0, 0, 0, 0]"
3109,59.166.0.3,*,149.171.126.7,30639,*,*,*,"[0, 0, 0, 2, 0, 0, 0, 0, 0, 0, 0, 0, 0]"
3110,59.166.0.3,*,149.171.126.7,54131,*,*,*,"[0, 0, 0, 2, 0, 0, 0, 0, 0, 0, 0, 0, 0]"
3111,59.166.0.3,*,149.171.126.7,57521,*,*,*,"[0, 0, 0, 2, 0, 0, 0, 0, 0, 0, 0, 0, 0]"
3112,59.166.0.3,*,149.171.126.7,57588,*,*,*,"[0, 0, 0, 2, 0, 0, 0, 0, 0, 0, 0, 0, 0]"
3113,59.166.0.3,*,149.171.126.7,58003,*,*,*,"[0, 0, 0, 2, 0, 0, 0, 0, 0, 0, 0, 0, 0]"
3114,59.166.0.3,*,149.171.126.7,11821,*,*,*,"[0, 0, 0, 0, 2, 0, 0, 0, 0, 0, 0, 0, 0]"
3115,59.166.0.3,*,149.171.126.7,12916,*,*,*,"[0, 0, 0, 0, 2, 0, 0, 0, 0, 0, 0, 0, 0]"
3116,59.166.0.3,*,149.171.126.7,15171,*,*,*,"[0, 0, 0, 0, 2, 0, 0, 0, 0, 0, 0, 0, 0]"
3117,59.166.0.3,*,149.171.126.7,17268,*,*,*,"[0, 0, 0, 0, 2, 0, 0, 0, 0, 0, 0, 0, 0]"
3118,59.166.0.3,*,149.171.126.7,29238,*,*,*,"[0, 0, 0, 0, 2, 0, 0, 0, 0, 0, 0, 0, 0]"
3119,59.166.0.3,*,149.171.126.7,33656,*,*,*,"[0, 0, 0, 0, 2, 0, 0, 0, 0, 0, 0, 0, 0]"
3120,59.166.0.3,*,149.171.126.7,15419,*,*,*,"[0, 0, 0, 0, 0, 0, 3, 0, 0, 0, 0, 0, 0]"
3121,59.166.0.3,*,149.171.126.7,21049,*,*,*,"[0, 0, 0, 0, 0, 0, 2, 0, 0, 0, 0, 0, 0]"
3122,59.166.0.3,*,149.171.126.7,31861,*,*,*,"[0, 0, 0, 0, 0, 0, 2, 0, 0, 0, 0, 0, 0]"
3123,59.166.0.3,*,149.171.126.7,35856,*,*,*,"[0, 0, 0, 0, 0, 0, 2, 0, 0, 0, 0, 0, 0]"
3124,59.166.0.3,*,149.171.126.7,44463,*,*,*,"[0, 0, 0, 0, 0, 0, 2, 0, 0, 0, 0, 0, 0]"
3125,59.166.0.3,*,149.171.126.7,46556,*,*,*,"[0, 0, 0, 0, 0, 0, 2, 0, 0, 0, 0, 0, 0]"
3126,59.166.0.3,*,149.171.126.7,49483,*,*,*,"[0, 0, 0, 0, 0, 0, 2, 0, 0, 0, 0, 0, 0]"
3127,59.166.0.3,*,149.171.126.7,52639,*,*,*,"[0, 0, 0, 0, 0, 0, 3, 0, 0, 0, 0, 0, 0]"
3128,59.166.0.3,*,149.171.126.7,8051,*,*,*,"[0, 0, 0, 0, 0, 0, 3, 0, 0, 0, 0, 0, 0]"
3129,59.166.0.3,*,149.171.126.7,11460,*,*,*,"[0, 0, 0, 0, 0, 0, 0, 0, 2, 0, 0, 0, 0]"
3130,59.166.0.3,*,149.171.126.7,13455,*,*,*,"[0, 0, 0, 0, 0, 0, 0, 0, 2, 0, 0, 0, 0]"
3131,59.166.0.3,*,149.171.126.7,26631,*,*,*,"[0, 0, 0, 0, 0, 0, 0, 0, 2, 0, 0, 0, 0]"
3132,59.166.0.3,*,149.171.126.7,36106,*,*,*,"[0, 0, 0, 0, 0, 0, 0, 0, 3, 0, 0, 0, 0]"
3133,59.166.0.3,*,149.171.126.7,37612,*,*,*,"[0, 0, 0, 0, 0, 0, 0, 0, 3, 0, 0, 0, 0]"
3134,59.166.0.3,*,149.171.126.7,56854,*,*,*,"[0, 0, 0, 0, 0, 0, 0, 0, 3, 0, 0, 0, 0]"
3135,59.166.0.3,*,149.171.126.7,61378,*,*,*,"[0, 0, 0, 0, 0, 0, 0, 0, 2, 0, 0, 0, 0]"
3136,59.166.0.3,*,149.171.126.7,32991,*,*,*,"[0, 0, 0, 0, 0, 0, 0, 0, 0, 0, 2, 0, 0]"
3137,59.166.0.3,*,149.171.126.7,49991,*,*,*,"[0, 0, 0, 0, 0, 0, 0, 0, 0, 0, 2, 0, 0]"
3138,59.166.0.3,*,149.171.126.7,57668,*,*,*,"[0, 0, 0, 0, 0, 0, 0, 0, 0, 0, 2, 0, 0]"
3139,59.166.0.3,*,149.171.126.7,20919,*,*,*,"[0, 0, 0, 0, 0, 0, 0, 0, 0, 0, 0, 2, 0]"
3140,59.166.0.3,*,149.171.126.7,36239,*,*,*,"[0, 0, 0, 0, 0, 0, 0, 0, 0, 0, 0, 2, 0]"
3141,59.166.0.3,*,149.171.126.7,41227,*,*,*,"[0, 0, 0, 0, 0, 0, 0, 0, 0, 0, 0, 2, 0]"
3142,59.166.0.3,*,149.171.126.7,49502,*,*,*,"[0, 0, 0, 0, 0, 0, 0, 0, 0, 0, 0, 2, 0]"
3143,59.166.0.3,*,149.171.126.7,63238,*,*,*,"[0, 0, 0, 0, 0, 0, 0, 0, 0, 0, 0, 2, 0]"
3144,59.166.0.3,*,149.171.126.7,6786,*,*,*,"[0, 0, 0, 0, 0, 0, 0, 0, 0, 0, 0, 2, 0]"
3145,59.166.0.3,*,149.171.126.7,10394,*,*,*,"[0, 0, 0, 0, 0, 0, 0, 0, 0, 0, 0, 0, 2]"
3146,59.166.0.3,*,149.171.126.7,13839,*,*,*,"[0, 0, 0, 0, 0, 0, 0, 0, 0, 0, 0, 0, 2]"
3147,59.166.0.3,*,149.171.126.7,19518,*,*,*,"[0, 0, 0, 0, 0, 0, 0, 0, 0, 0, 0, 0, 2]"
3148,59.166.0.3,*,149.171.126.7,21133,*,*,*,"[0, 0, 0, 0, 0, 0, 0, 0, 0, 0, 0, 0, 3]"
3149,59.166.0.3,*,149.171.126.7,26866,*,*,*,"[0, 0, 0, 0, 0, 0, 0, 0, 0, 0, 0, 0, 2]"
3150,59.166.0.3,*,149.171.126.7,32528,*,*,*,"[0, 0, 0, 0, 0, 0, 0, 0, 0, 0, 0, 0, 2]"
3151,59.166.0.3,*,149.171.126.7,48182,*,*,*,"[0, 0, 0, 0, 0, 0, 0, 0, 0, 0, 0, 0, 3]"
3152,59.166.0.3,*,149.171.126.7,50688,*,*,*,"[0, 0, 0, 0, 0, 0, 0, 0, 0, 0, 0, 0, 2]"
3153,59.166.0.3,*,149.171.126.7,63753,*,*,*,"[0, 0, 0, 0, 0, 0, 0, 0, 0, 0, 0, 0, 3]"
3154,59.166.0.3,*,149.171.126.8,111,*,*,*,"[18, 17, 4, 8, 11, 13, 10, 7, 12, 7, 13, 19, 4]"
3155,59.166.0.3,*,149.171.126.8,143,*,*,*,"[7, 9, 7, 7, 8, 10, 6, 6, 5, 4, 4, 3, 6]"
3156,59.166.0.3,*,149.171.126.8,18023,*,*,*,"[3, 0, 0, 0, 0, 0, 0, 0, 0, 0, 0, 0, 0]"
3157,59.166.0.3,*,149.171.126.8,21,*,*,*,"[4, 5, 9, 9, 11, 7, 3, 4, 6, 5, 4, 6, 7]"
3158,59.166.0.3,*,149.171.126.8,22,*,*,*,"[4, 6, 5, 11, 10, 7, 2, 0, 5, 4, 4, 6, 4]"
3159,59.166.0.3,*,149.171.126.8,25,*,*,*,"[21, 11, 12, 9, 13, 9, 6, 5, 10, 8, 13, 8, 11]"
3160,59.166.0.3,*,149.171.126.8,32664,*,*,*,"[3, 0, 0, 0, 0, 0, 0, 0, 0, 0, 0, 0, 0]"
3161,59.166.0.3,*,149.171.126.8,4950,*,*,*,"[3, 0, 0, 0, 0, 0, 0, 0, 0, 0, 0, 0, 0]"
3162,59.166.0.3,*,149.171.126.8,5190,*,*,*,"[15, 18, 15, 11, 14, 21, 19, 9, 16, 20, 24, 19, 11]"
3163,59.166.0.3,*,149.171.126.8,53,*,*,*,"[59, 62, 51, 60, 55, 62, 58, 42, 46, 52, 46, 47, 65]"
3164,59.166.0.3,*,149.171.126.8,6881,*,*,*,"[18, 18, 12, 55, 6, 18, 19, 18, 12, 0, 24, 6, 12]"
3165,59.166.0.3,*,149.171.126.8,80,*,*,*,"[27, 28, 32, 30, 21, 24, 30, 20, 30, 20, 25, 22, 29]"
3166,59.166.0.3,*,149.171.126.8,33816,*,*,*,"[0, 2, 0, 0, 0, 0, 0, 0, 0, 0, 0, 0, 0]"
3167,59.166.0.3,*,149.171.126.8,43825,*,*,*,"[0, 0, 0, 0, 0, 2, 0, 0, 0, 0, 0, 0, 0]"
3168,59.166.0.3,*,149.171.126.8,1254,*,*,*,"[0, 0, 2, 0, 0, 0, 0, 0, 0, 0, 0, 0, 0]"
3169,59.166.0.3,*,149.171.126.8,14987,*,*,*,"[0, 0, 2, 0, 0, 0, 0, 0, 0, 0, 0, 0, 0]"
3170,59.166.0.3,*,149.171.126.8,26927,*,*,*,"[0, 0, 2, 0, 0, 0, 0, 0, 0, 0, 0, 0, 0]"
3171,59.166.0.3,*,149.171.126.8,2869,*,*,*,"[0, 0, 2, 0, 0, 0, 0, 0, 0, 0, 0, 0, 0]"
3172,59.166.0.3,*,149.171.126.8,3398,*,*,*,"[0, 0, 2, 0, 0, 0, 0, 0, 0, 0, 0, 0, 0]"
3173,59.166.0.3,*,149.171.126.8,34154,*,*,*,"[0, 0, 2, 0, 0, 0, 0, 0, 0, 0, 0, 0, 0]"
3174,59.166.0.3,*,149.171.126.8,34484,*,*,*,"[0, 0, 2, 0, 0, 0, 0, 0, 0, 0, 0, 0, 0]"
3175,59.166.0.3,*,149.171.126.8,60997,*,*,*,"[0, 0, 2, 0, 0, 0, 0, 0, 0, 0, 0, 0, 0]"
3176,59.166.0.3,*,149.171.126.8,61745,*,*,*,"[0, 0, 2, 0, 0, 0, 0, 0, 0, 0, 0, 0, 0]"
3177,59.166.0.3,*,149.171.126.8,11680,*,*,*,"[0, 0, 0, 5, 0, 0, 0, 0, 0, 0, 0, 0, 0]"
3178,59.166.0.3,*,149.171.126.8,20048,*,*,*,"[0, 0, 0, 2, 0, 0, 0, 0, 0, 0, 0, 0, 0]"
3179,59.166.0.3,*,149.171.126.8,32912,*,*,*,"[0, 0, 0, 5, 0, 0, 0, 0, 0, 0, 0, 0, 0]"
3180,59.166.0.3,*,149.171.126.8,44685,*,*,*,"[0, 0, 0, 5, 0, 0, 0, 0, 0, 0, 0, 0, 0]"
3181,59.166.0.3,*,149.171.126.8,54131,*,*,*,"[0, 0, 0, 2, 0, 0, 0, 0, 0, 0, 0, 0, 0]"
3182,59.166.0.3,*,149.171.126.8,57521,*,*,*,"[0, 0, 0, 2, 0, 0, 0, 0, 0, 0, 0, 0, 0]"
3183,59.166.0.3,*,149.171.126.8,10589,*,*,*,"[0, 0, 0, 0, 2, 0, 0, 0, 0, 0, 0, 0, 0]"
3184,59.166.0.3,*,149.171.126.8,30906,*,*,*,"[0, 0, 0, 0, 2, 0, 0, 0, 0, 0, 0, 0, 0]"
3185,59.166.0.3,*,149.171.126.8,34073,*,*,*,"[0, 0, 0, 0, 3, 0, 0, 0, 0, 0, 0, 0, 0]"
3186,59.166.0.3,*,149.171.126.8,36222,*,*,*,"[0, 0, 0, 0, 4, 0, 0, 0, 0, 0, 0, 0, 0]"
3187,59.166.0.3,*,149.171.126.8,45633,*,*,*,"[0, 0, 0, 0, 3, 0, 0, 0, 0, 0, 0, 0, 0]"
3188,59.166.0.3,*,149.171.126.8,46019,*,*,*,"[0, 0, 0, 0, 2, 0, 0, 0, 0, 0, 0, 0, 0]"
3189,59.166.0.3,*,149.171.126.8,5131,*,*,*,"[0, 0, 0, 0, 4, 0, 0, 0, 0, 0, 0, 0, 0]"
3190,59.166.0.3,*,149.171.126.8,5491,*,*,*,"[0, 0, 0, 0, 3, 0, 0, 0, 0, 0, 0, 0, 0]"
3191,59.166.0.3,*,149.171.126.8,56995,*,*,*,"[0, 0, 0, 0, 4, 0, 0, 0, 0, 0, 0, 0, 0]"
3192,59.166.0.3,*,149.171.126.8,18292,*,*,*,"[0, 0, 0, 0, 0, 2, 0, 0, 0, 0, 0, 0, 0]"
3193,59.166.0.3,*,149.171.126.8,18741,*,*,*,"[0, 0, 0, 0, 0, 2, 0, 0, 0, 0, 0, 0, 0]"
3194,59.166.0.3,*,149.171.126.8,26373,*,*,*,"[0, 0, 0, 0, 0, 2, 0, 0, 0, 0, 0, 0, 0]"
3195,59.166.0.3,*,149.171.126.8,28875,*,*,*,"[0, 0, 0, 0, 0, 2, 0, 0, 0, 0, 0, 0, 0]"
3196,59.166.0.3,*,149.171.126.8,40239,*,*,*,"[0, 0, 0, 0, 0, 2, 0, 0, 0, 0, 0, 0, 0]"
3197,59.166.0.3,*,149.171.126.8,50827,*,*,*,"[0, 0, 0, 0, 0, 2, 0, 0, 0, 0, 0, 0, 0]"
3198,59.166.0.3,*,149.171.126.8,60894,*,*,*,"[0, 0, 0, 0, 0, 2, 0, 0, 0, 0, 0, 0, 0]"
3199,59.166.0.3,*,149.171.126.8,6517,*,*,*,"[0, 0, 0, 0, 0, 2, 0, 0, 0, 0, 0, 0, 0]"
3200,59.166.0.3,*,149.171.126.8,54475,*,*,*,"[0, 0, 0, 0, 0, 0, 0, 3, 0, 0, 0, 0, 0]"
3201,59.166.0.3,*,149.171.126.8,55348,*,*,*,"[0, 0, 0, 0, 0, 0, 0, 3, 0, 0, 0, 0, 0]"
3202,59.166.0.3,*,149.171.126.8,64665,*,*,*,"[0, 0, 0, 0, 0, 0, 0, 3, 0, 0, 0, 0, 0]"
3203,59.166.0.3,*,149.171.126.8,22627,*,*,*,"[0, 0, 0, 0, 0, 0, 0, 0, 2, 0, 0, 0, 0]"
3204,59.166.0.3,*,149.171.126.8,36106,*,*,*,"[0, 0, 0, 0, 0, 0, 0, 0, 2, 0, 0, 0, 0]"
3205,59.166.0.3,*,149.171.126.8,37612,*,*,*,"[0, 0, 0, 0, 0, 0, 0, 0, 2, 0, 0, 0, 0]"
3206,59.166.0.3,*,149.171.126.8,4212,*,*,*,"[0, 0, 0, 0, 0, 0, 0, 0, 2, 0, 0, 0, 0]"
3207,59.166.0.3,*,149.171.126.8,56854,*,*,*,"[0, 0, 0, 0, 0, 0, 0, 0, 2, 0, 0, 0, 0]"
3208,59.166.0.3,*,149.171.126.8,8998,*,*,*,"[0, 0, 0, 0, 0, 0, 0, 0, 2, 0, 0, 0, 0]"
3209,59.166.0.3,*,149.171.126.8,1906,*,*,*,"[0, 0, 0, 0, 0, 0, 0, 0, 0, 3, 0, 0, 0]"
3210,59.166.0.3,*,149.171.126.8,22432,*,*,*,"[0, 0, 0, 0, 0, 0, 0, 0, 0, 2, 0, 0, 0]"
3211,59.166.0.3,*,149.171.126.8,3038,*,*,*,"[0, 0, 0, 0, 0, 0, 0, 0, 0, 2, 0, 0, 0]"
3212,59.166.0.3,*,149.171.126.8,46326,*,*,*,"[0, 0, 0, 0, 0, 0, 0, 0, 0, 2, 0, 0, 0]"
3213,59.166.0.3,*,149.171.126.8,46967,*,*,*,"[0, 0, 0, 0, 0, 0, 0, 0, 0, 2, 0, 0, 0]"
3214,59.166.0.3,*,149.171.126.8,54587,*,*,*,"[0, 0, 0, 0, 0, 0, 0, 0, 0, 2, 0, 0, 0]"
3215,59.166.0.3,*,149.171.126.8,16120,*,*,*,"[0, 0, 0, 0, 0, 0, 0, 0, 0, 0, 2, 0, 0]"
3216,59.166.0.3,*,149.171.126.8,62120,*,*,*,"[0, 0, 0, 0, 0, 0, 0, 0, 0, 0, 2, 0, 0]"
3217,59.166.0.3,*,149.171.126.8,64158,*,*,*,"[0, 0, 0, 0, 0, 0, 0, 0, 0, 0, 2, 0, 0]"
3218,59.166.0.3,*,149.171.126.8,14575,*,*,*,"[0, 0, 0, 0, 0, 0, 0, 0, 0, 0, 0, 3, 0]"
3219,59.166.0.3,*,149.171.126.8,18583,*,*,*,"[0, 0, 0, 0, 0, 0, 0, 0, 0, 0, 0, 3, 0]"
3220,59.166.0.3,*,149.171.126.8,45717,*,*,*,"[0, 0, 0, 0, 0, 0, 0, 0, 0, 0, 0, 3, 0]"
3221,59.166.0.3,*,149.171.126.8,10394,*,*,*,"[0, 0, 0, 0, 0, 0, 0, 0, 0, 0, 0, 0, 2]"
3222,59.166.0.3,*,149.171.126.8,16398,*,*,*,"[0, 0, 0, 0, 0, 0, 0, 0, 0, 0, 0, 0, 4]"
3223,59.166.0.3,*,149.171.126.8,19518,*,*,*,"[0, 0, 0, 0, 0, 0, 0, 0, 0, 0, 0, 0, 2]"
3224,59.166.0.3,*,149.171.126.8,32528,*,*,*,"[0, 0, 0, 0, 0, 0, 0, 0, 0, 0, 0, 0, 2]"
3225,59.166.0.3,*,149.171.126.8,53740,*,*,*,"[0, 0, 0, 0, 0, 0, 0, 0, 0, 0, 0, 0, 4]"
3226,59.166.0.3,*,149.171.126.8,56959,*,*,*,"[0, 0, 0, 0, 0, 0, 0, 0, 0, 0, 0, 0, 4]"
3227,59.166.0.3,*,149.171.126.9,111,*,*,*,"[8, 10, 10, 9, 10, 12, 10, 9, 12, 9, 13, 5, 12]"
3228,59.166.0.3,*,149.171.126.9,143,*,*,*,"[4, 4, 3, 8, 9, 7, 8, 6, 5, 11, 6, 15, 7]"
3229,59.166.0.3,*,149.171.126.9,21,*,*,*,"[5, 9, 7, 6, 9, 10, 6, 4, 9, 7, 6, 3, 6]"
3230,59.166.0.3,*,149.171.126.9,22,*,*,*,"[6, 8, 2, 10, 4, 10, 6, 0, 6, 8, 10, 16, 12]"
3231,59.166.0.3,*,149.171.126.9,25,*,*,*,"[10, 9, 11, 10, 14, 9, 10, 6, 16, 6, 10, 6, 12]"
3232,59.166.0.3,*,149.171.126.9,46109,*,*,*,"[3, 0, 0, 0, 0, 0, 0, 0, 0, 0, 0, 0, 0]"
3233,59.166.0.3,*,149.171.126.9,5190,*,*,*,"[20, 23, 29, 9, 12, 15, 17, 9, 17, 15, 23, 14, 21]"
3234,59.166.0.3,*,149.171.126.9,53,*,*,*,"[48, 42, 36, 66, 51, 52, 61, 27, 61, 49, 56, 46, 45]"
3235,59.166.0.3,*,149.171.126.9,63666,*,*,*,"[3, 0, 0, 0, 0, 0, 0, 0, 0, 0, 0, 0, 0]"
3236,59.166.0.3,*,149.171.126.9,6881,*,*,*,"[12, 0, 12, 48, 12, 18, 48, 48, 12, 18, 48, 6, 30]"
3237,59.166.0.3,*,149.171.126.9,7315,*,*,*,"[3, 0, 0, 0, 0, 0, 0, 0, 0, 0, 0, 0, 0]"
3238,59.166.0.3,*,149.171.126.9,80,*,*,*,"[18, 24, 31, 32, 23, 25, 29, 19, 20, 17, 27, 22, 32]"
3239,59.166.0.3,*,149.171.126.9,14724,*,*,*,"[0, 3, 0, 0, 0, 0, 0, 0, 0, 0, 0, 0, 0]"
3240,59.166.0.3,*,149.171.126.9,15843,*,*,*,"[0, 2, 0, 0, 0, 0, 0, 0, 0, 0, 0, 0, 0]"
3241,59.166.0.3,*,149.171.126.9,31010,*,*,*,"[0, 3, 0, 0, 0, 0, 0, 0, 0, 0, 0, 0, 0]"
3242,59.166.0.3,*,149.171.126.9,43267,*,*,*,"[0, 3, 0, 0, 0, 0, 0, 0, 0, 0, 0, 0, 0]"
3243,59.166.0.3,*,149.171.126.9,49198,*,*,*,"[0, 2, 0, 0, 0, 0, 0, 0, 0, 0, 0, 0, 0]"
3244,59.166.0.3,*,149.171.126.9,49439,*,*,*,"[0, 3, 0, 0, 0, 0, 0, 0, 0, 0, 0, 0, 0]"
3245,59.166.0.3,*,149.171.126.9,54867,*,*,*,"[0, 2, 0, 0, 0, 0, 0, 0, 0, 0, 0, 0, 0]"
3246,59.166.0.3,*,149.171.126.9,57753,*,*,*,"[0, 3, 0, 0, 0, 0, 0, 0, 0, 0, 0, 0, 0]"
3247,59.166.0.3,*,149.171.126.9,61834,*,*,*,"[0, 3, 0, 0, 0, 0, 0, 0, 0, 0, 0, 0, 0]"
3248,59.166.0.3,*,149.171.126.9,1254,*,*,*,"[0, 0, 2, 0, 0, 0, 0, 0, 0, 0, 0, 0, 0]"
3249,59.166.0.3,*,149.171.126.9,30639,*,*,*,"[0, 0, 3, 2, 0, 0, 0, 0, 0, 0, 0, 0, 0]"
3250,59.166.0.3,*,149.171.126.9,34154,*,*,*,"[0, 0, 2, 0, 0, 0, 0, 0, 0, 0, 0, 0, 0]"
3251,59.166.0.3,*,149.171.126.9,57588,*,*,*,"[0, 0, 3, 2, 0, 0, 0, 0, 0, 0, 0, 0, 0]"
3252,59.166.0.3,*,149.171.126.9,58003,*,*,*,"[0, 0, 3, 2, 0, 0, 0, 0, 0, 0, 0, 0, 0]"
3253,59.166.0.3,*,149.171.126.9,61745,*,*,*,"[0, 0, 2, 0, 0, 0, 0, 0, 0, 0, 0, 0, 0]"
3254,59.166.0.3,*,149.171.126.9,11680,*,*,*,"[0, 0, 0, 2, 0, 0, 0, 0, 0, 0, 0, 0, 0]"
3255,59.166.0.3,*,149.171.126.9,32912,*,*,*,"[0, 0, 0, 2, 0, 0, 0, 0, 0, 0, 0, 0, 0]"
3256,59.166.0.3,*,149.171.126.9,44685,*,*,*,"[0, 0, 0, 2, 0, 0, 0, 0, 0, 0, 0, 0, 0]"
3257,59.166.0.3,*,149.171.126.9,11821,*,*,*,"[0, 0, 0, 0, 2, 0, 0, 0, 0, 0, 0, 0, 0]"
3258,59.166.0.3,*,149.171.126.9,12916,*,*,*,"[0, 0, 0, 0, 2, 0, 0, 0, 0, 0, 0, 0, 0]"
3259,59.166.0.3,*,149.171.126.9,15171,*,*,*,"[0, 0, 0, 0, 2, 0, 0, 0, 0, 0, 0, 0, 0]"
3260,59.166.0.3,*,149.171.126.9,17268,*,*,*,"[0, 0, 0, 0, 2, 0, 0, 0, 0, 0, 0, 0, 0]"
3261,59.166.0.3,*,149.171.126.9,26373,*,*,*,"[0, 0, 0, 0, 2, 0, 0, 0, 0, 0, 0, 0, 0]"
3262,59.166.0.3,*,149.171.126.9,29238,*,*,*,"[0, 0, 0, 0, 2, 0, 0, 0, 0, 0, 0, 0, 0]"
3263,59.166.0.3,*,149.171.126.9,33656,*,*,*,"[0, 0, 0, 0, 2, 0, 0, 0, 0, 0, 0, 0, 0]"
3264,59.166.0.3,*,149.171.126.9,40239,*,*,*,"[0, 0, 0, 0, 2, 0, 0, 0, 0, 0, 0, 0, 0]"
3265,59.166.0.3,*,149.171.126.9,6517,*,*,*,"[0, 0, 0, 0, 2, 0, 0, 0, 0, 0, 0, 0, 0]"
3266,59.166.0.3,*,149.171.126.9,18292,*,*,*,"[0, 0, 0, 0, 0, 3, 0, 0, 0, 0, 0, 0, 0]"
3267,59.166.0.3,*,149.171.126.9,18741,*,*,*,"[0, 0, 0, 0, 0, 3, 0, 0, 0, 0, 0, 0, 0]"
3268,59.166.0.3,*,149.171.126.9,22481,*,*,*,"[0, 0, 0, 0, 0, 2, 0, 0, 0, 0, 0, 0, 0]"
3269,59.166.0.3,*,149.171.126.9,25349,*,*,*,"[0, 0, 0, 0, 0, 2, 0, 0, 0, 0, 0, 0, 0]"
3270,59.166.0.3,*,149.171.126.9,26869,*,*,*,"[0, 0, 0, 0, 0, 2, 0, 0, 0, 0, 0, 0, 0]"
3271,59.166.0.3,*,149.171.126.9,28875,*,*,*,"[0, 0, 0, 0, 0, 3, 0, 0, 0, 0, 0, 0, 0]"
3272,59.166.0.3,*,149.171.126.9,38225,*,*,*,"[0, 0, 0, 0, 0, 2, 0, 0, 0, 0, 0, 0, 0]"
3273,59.166.0.3,*,149.171.126.9,41018,*,*,*,"[0, 0, 0, 0, 0, 2, 0, 0, 0, 0, 0, 0, 0]"
3274,59.166.0.3,*,149.171.126.9,52431,*,*,*,"[0, 0, 0, 0, 0, 2, 0, 0, 0, 0, 0, 0, 0]"
3275,59.166.0.3,*,149.171.126.9,15419,*,*,*,"[0, 0, 0, 0, 0, 0, 3, 0, 0, 0, 0, 0, 0]"
3276,59.166.0.3,*,149.171.126.9,31861,*,*,*,"[0, 0, 0, 0, 0, 0, 2, 0, 0, 0, 0, 0, 0]"
3277,59.166.0.3,*,149.171.126.9,44463,*,*,*,"[0, 0, 0, 0, 0, 0, 2, 0, 0, 0, 0, 0, 0]"
3278,59.166.0.3,*,149.171.126.9,46556,*,*,*,"[0, 0, 0, 0, 0, 0, 2, 0, 0, 0, 0, 0, 0]"
3279,59.166.0.3,*,149.171.126.9,52639,*,*,*,"[0, 0, 0, 0, 0, 0, 3, 0, 0, 0, 0, 0, 0]"
3280,59.166.0.3,*,149.171.126.9,8051,*,*,*,"[0, 0, 0, 0, 0, 0, 3, 0, 0, 0, 0, 0, 0]"
3281,59.166.0.3,*,149.171.126.9,17562,*,*,*,"[0, 0, 0, 0, 0, 0, 0, 2, 0, 0, 0, 0, 0]"
3282,59.166.0.3,*,149.171.126.9,58238,*,*,*,"[0, 0, 0, 0, 0, 0, 0, 2, 0, 0, 0, 0, 0]"
3283,59.166.0.3,*,149.171.126.9,63870,*,*,*,"[0, 0, 0, 0, 0, 0, 0, 2, 0, 0, 0, 0, 0]"
3284,59.166.0.3,*,149.171.126.9,10198,*,*,*,"[0, 0, 0, 0, 0, 0, 0, 0, 2, 0, 0, 0, 0]"
3285,59.166.0.3,*,149.171.126.9,23937,*,*,*,"[0, 0, 0, 0, 0, 0, 0, 0, 2, 0, 0, 0, 0]"
3286,59.166.0.3,*,149.171.126.9,24196,*,*,*,"[0, 0, 0, 0, 0, 0, 0, 0, 2, 0, 0, 0, 0]"
3287,59.166.0.3,*,149.171.126.9,35231,*,*,*,"[0, 0, 0, 0, 0, 0, 0, 0, 2, 0, 0, 0, 0]"
3288,59.166.0.3,*,149.171.126.9,36106,*,*,*,"[0, 0, 0, 0, 0, 0, 0, 0, 2, 0, 0, 0, 0]"
3289,59.166.0.3,*,149.171.126.9,37612,*,*,*,"[0, 0, 0, 0, 0, 0, 0, 0, 2, 0, 0, 0, 0]"
3290,59.166.0.3,*,149.171.126.9,38936,*,*,*,"[0, 0, 0, 0, 0, 0, 0, 0, 2, 0, 0, 0, 0]"
3291,59.166.0.3,*,149.171.126.9,52561,*,*,*,"[0, 0, 0, 0, 0, 0, 0, 0, 2, 0, 0, 0, 0]"
3292,59.166.0.3,*,149.171.126.9,56854,*,*,*,"[0, 0, 0, 0, 0, 0, 0, 0, 2, 0, 0, 0, 0]"
3293,59.166.0.3,*,149.171.126.9,62821,*,*,*,"[0, 0, 0, 0, 0, 0, 0, 0, 0, 3, 0, 0, 0]"
3294,59.166.0.3,*,149.171.126.9,63656,*,*,*,"[0, 0, 0, 0, 0, 0, 0, 0, 0, 3, 0, 0, 0]"
3295,59.166.0.3,*,149.171.126.9,65504,*,*,*,"[0, 0, 0, 0, 0, 0, 0, 0, 0, 3, 0, 0, 0]"
3296,59.166.0.3,*,149.171.126.9,23815,*,*,*,"[0, 0, 0, 0, 0, 0, 0, 0, 0, 0, 2, 0, 0]"
3297,59.166.0.3,*,149.171.126.9,23898,*,*,*,"[0, 0, 0, 0, 0, 0, 0, 0, 0, 0, 2, 0, 0]"
3298,59.166.0.3,*,149.171.126.9,25885,*,*,*,"[0, 0, 0, 0, 0, 0, 0, 0, 0, 0, 2, 0, 0]"
3299,59.166.0.3,*,149.171.126.9,41227,*,*,*,"[0, 0, 0, 0, 0, 0, 0, 0, 0, 0, 0, 2, 0]"
3300,59.166.0.3,*,149.171.126.9,63238,*,*,*,"[0, 0, 0, 0, 0, 0, 0, 0, 0, 0, 0, 2, 0]"
3301,59.166.0.3,*,149.171.126.9,6786,*,*,*,"[0, 0, 0, 0, 0, 0, 0, 0, 0, 0, 0, 2, 0]"
3302,59.166.0.3,*,149.171.126.9,13839,*,*,*,"[0, 0, 0, 0, 0, 0, 0, 0, 0, 0, 0, 0, 3]"
3303,59.166.0.3,*,149.171.126.9,26866,*,*,*,"[0, 0, 0, 0, 0, 0, 0, 0, 0, 0, 0, 0, 3]"
3304,59.166.0.3,*,149.171.126.9,50688,*,*,*,"[0, 0, 0, 0, 0, 0, 0, 0, 0, 0, 0, 0, 3]"
3305,59.166.0.4,*,149.171.126.0,111,*,*,*,"[19, 21, 10, 14, 16, 4, 8, 11, 17, 9, 9, 15, 8]"
3306,59.166.0.4,*,149.171.126.0,143,*,*,*,"[7, 9, 7, 6, 7, 2, 8, 4, 5, 8, 7, 5, 0]"
3307,59.166.0.4,*,149.171.126.0,17087,*,*,*,"[2, 0, 0, 0, 0, 0, 0, 0, 0, 0, 0, 0, 0]"
3308,59.166.0.4,*,149.171.126.0,21,*,*,*,"[5, 4, 3, 11, 6, 8, 10, 4, 2, 10, 6, 9, 9]"
3309,59.166.0.4,*,149.171.126.0,22,*,*,*,"[5, 4, 6, 22, 10, 9, 2, 3, 4, 8, 11, 8, 7]"
3310,59.166.0.4,*,149.171.126.0,25,*,*,*,"[10, 12, 14, 6, 6, 9, 16, 9, 13, 15, 17, 16, 11]"
3311,59.166.0.4,*,149.171.126.0,45548,*,*,*,"[2, 0, 0, 0, 0, 0, 0, 0, 0, 0, 0, 0, 0]"
3312,59.166.0.4,*,149.171.126.0,5190,*,*,*,"[17, 21, 7, 9, 12, 16, 24, 8, 19, 32, 15, 12, 19]"
3313,59.166.0.4,*,149.171.126.0,52796,*,*,*,"[2, 0, 0, 0, 0, 0, 0, 0, 0, 0, 0, 0, 0]"
3314,59.166.0.4,*,149.171.126.0,53,*,*,*,"[55, 48, 57, 54, 55, 45, 61, 47, 56, 40, 53, 50, 53]"
3315,59.166.0.4,*,149.171.126.0,6881,*,*,*,"[30, 12, 18, 31, 30, 12, 56, 56, 18, 19, 30, 7, 62]"
3316,59.166.0.4,*,149.171.126.0,80,*,*,*,"[32, 34, 35, 22, 30, 25, 35, 18, 30, 23, 38, 31, 37]"
3317,59.166.0.4,*,149.171.126.0,56628,*,*,*,"[0, 0, 2, 0, 0, 0, 0, 0, 0, 0, 0, 0, 0]"
3318,59.166.0.4,*,149.171.126.0,30639,*,*,*,"[0, 0, 0, 7, 0, 0, 0, 0, 0, 0, 0, 0, 0]"
3319,59.166.0.4,*,149.171.126.0,40725,*,*,*,"[0, 0, 0, 2, 0, 0, 0, 0, 0, 0, 0, 0, 0]"
3320,59.166.0.4,*,149.171.126.0,56243,*,*,*,"[0, 0, 0, 2, 0, 0, 0, 0, 0, 0, 0, 0, 0]"
3321,59.166.0.4,*,149.171.126.0,57588,*,*,*,"[0, 0, 0, 7, 0, 0, 0, 0, 0, 0, 0, 0, 0]"
3322,59.166.0.4,*,149.171.126.0,58003,*,*,*,"[0, 0, 0, 7, 0, 0, 0, 0, 0, 0, 0, 0, 0]"
3323,59.166.0.4,*,149.171.126.0,60335,*,*,*,"[0, 0, 0, 2, 0, 0, 0, 0, 0, 0, 0, 0, 0]"
3324,59.166.0.4,*,149.171.126.0,11821,*,*,*,"[0, 0, 0, 0, 3, 0, 0, 0, 0, 0, 0, 0, 0]"
3325,59.166.0.4,*,149.171.126.0,15171,*,*,*,"[0, 0, 0, 0, 3, 0, 0, 0, 0, 0, 0, 0, 0]"
3326,59.166.0.4,*,149.171.126.0,17268,*,*,*,"[0, 0, 0, 0, 3, 0, 0, 0, 0, 0, 0, 0, 0]"
3327,59.166.0.4,*,149.171.126.0,43825,*,*,*,"[0, 0, 0, 0, 0, 2, 0, 0, 0, 0, 0, 0, 0]"
3328,59.166.0.4,*,149.171.126.0,50827,*,*,*,"[0, 0, 0, 0, 0, 2, 0, 0, 0, 0, 0, 0, 0]"
3329,59.166.0.4,*,149.171.126.0,60894,*,*,*,"[0, 0, 0, 0, 0, 2, 0, 0, 0, 0, 0, 0, 0]"
3330,59.166.0.4,*,149.171.126.0,15398,*,*,*,"[0, 0, 0, 0, 0, 0, 3, 0, 0, 0, 0, 0, 0]"
3331,59.166.0.4,*,149.171.126.0,15419,*,*,*,"[0, 0, 0, 0, 0, 0, 4, 0, 0, 0, 0, 0, 0]"
3332,59.166.0.4,*,149.171.126.0,32328,*,*,*,"[0, 0, 0, 0, 0, 0, 3, 0, 0, 0, 0, 0, 0]"
3333,59.166.0.4,*,149.171.126.0,52639,*,*,*,"[0, 0, 0, 0, 0, 0, 4, 0, 0, 0, 0, 0, 0]"
3334,59.166.0.4,*,149.171.126.0,8051,*,*,*,"[0, 0, 0, 0, 0, 0, 4, 0, 0, 0, 0, 0, 0]"
3335,59.166.0.4,*,149.171.126.0,9851,*,*,*,"[0, 0, 0, 0, 0, 0, 3, 0, 0, 0, 0, 0, 0]"
3336,59.166.0.4,*,149.171.126.0,26416,*,*,*,"[0, 0, 0, 0, 0, 0, 0, 2, 0, 0, 0, 0, 0]"
3337,59.166.0.4,*,149.171.126.0,54484,*,*,*,"[0, 0, 0, 0, 0, 0, 0, 2, 0, 0, 0, 0, 0]"
3338,59.166.0.4,*,149.171.126.0,60641,*,*,*,"[0, 0, 0, 0, 0, 0, 0, 2, 0, 0, 0, 0, 0]"
3339,59.166.0.4,*,149.171.126.0,21133,*,*,*,"[0, 0, 0, 0, 0, 0, 0, 0, 0, 0, 0, 0, 2]"
3340,59.166.0.4,*,149.171.126.0,1906,*,*,*,"[0, 0, 0, 0, 0, 0, 0, 0, 0, 2, 0, 0, 0]"
3341,59.166.0.4,*,149.171.126.0,20465,*,*,*,"[0, 0, 0, 0, 0, 0, 0, 0, 0, 2, 0, 0, 0]"
3342,59.166.0.4,*,149.171.126.0,22432,*,*,*,"[0, 0, 0, 0, 0, 0, 0, 0, 0, 2, 0, 0, 0]"
3343,59.166.0.4,*,149.171.126.0,3038,*,*,*,"[0, 0, 0, 0, 0, 0, 0, 0, 0, 2, 0, 0, 0]"
3344,59.166.0.4,*,149.171.126.0,33291,*,*,*,"[0, 0, 0, 0, 0, 0, 0, 0, 0, 2, 0, 0, 0]"
3345,59.166.0.4,*,149.171.126.0,46326,*,*,*,"[0, 0, 0, 0, 0, 0, 0, 0, 0, 2, 0, 0, 0]"
3346,59.166.0.4,*,149.171.126.0,46967,*,*,*,"[0, 0, 0, 0, 0, 0, 0, 0, 0, 2, 0, 0, 0]"
3347,59.166.0.4,*,149.171.126.0,54587,*,*,*,"[0, 0, 0, 0, 0, 0, 0, 0, 0, 2, 0, 0, 0]"
3348,59.166.0.4,*,149.171.126.0,56959,*,*,*,"[0, 0, 0, 0, 0, 0, 0, 0, 0, 0, 0, 0, 2]"
3349,59.166.0.4,*,149.171.126.0,58190,*,*,*,"[0, 0, 0, 0, 0, 0, 0, 0, 0, 2, 0, 0, 0]"
3350,59.166.0.4,*,149.171.126.0,62821,*,*,*,"[0, 0, 0, 0, 0, 0, 0, 0, 0, 3, 0, 0, 0]"
3351,59.166.0.4,*,149.171.126.0,63656,*,*,*,"[0, 0, 0, 0, 0, 0, 0, 0, 0, 3, 0, 0, 0]"
3352,59.166.0.4,*,149.171.126.0,65504,*,*,*,"[0, 0, 0, 0, 0, 0, 0, 0, 0, 3, 0, 0, 0]"
3353,59.166.0.4,*,149.171.126.0,32991,*,*,*,"[0, 0, 0, 0, 0, 0, 0, 0, 0, 0, 2, 0, 0]"
3354,59.166.0.4,*,149.171.126.0,34316,*,*,*,"[0, 0, 0, 0, 0, 0, 0, 0, 0, 0, 2, 0, 0]"
3355,59.166.0.4,*,149.171.126.0,43493,*,*,*,"[0, 0, 0, 0, 0, 0, 0, 0, 0, 0, 2, 0, 0]"
3356,59.166.0.4,*,149.171.126.0,49991,*,*,*,"[0, 0, 0, 0, 0, 0, 0, 0, 0, 0, 2, 0, 0]"
3357,59.166.0.4,*,149.171.126.0,53517,*,*,*,"[0, 0, 0, 0, 0, 0, 0, 0, 0, 0, 2, 0, 0]"
3358,59.166.0.4,*,149.171.126.0,57668,*,*,*,"[0, 0, 0, 0, 0, 0, 0, 0, 0, 0, 2, 0, 0]"
3359,59.166.0.4,*,149.171.126.0,11513,*,*,*,"[0, 0, 0, 0, 0, 0, 0, 0, 0, 0, 0, 4, 0]"
3360,59.166.0.4,*,149.171.126.0,13904,*,*,*,"[0, 0, 0, 0, 0, 0, 0, 0, 0, 0, 0, 2, 0]"
3361,59.166.0.4,*,149.171.126.0,19056,*,*,*,"[0, 0, 0, 0, 0, 0, 0, 0, 0, 0, 0, 4, 0]"
3362,59.166.0.4,*,149.171.126.0,25974,*,*,*,"[0, 0, 0, 0, 0, 0, 0, 0, 0, 0, 0, 3, 0]"
3363,59.166.0.4,*,149.171.126.0,36781,*,*,*,"[0, 0, 0, 0, 0, 0, 0, 0, 0, 0, 0, 3, 0]"
3364,59.166.0.4,*,149.171.126.0,55155,*,*,*,"[0, 0, 0, 0, 0, 0, 0, 0, 0, 0, 0, 2, 0]"
3365,59.166.0.4,*,149.171.126.0,56334,*,*,*,"[0, 0, 0, 0, 0, 0, 0, 0, 0, 0, 0, 2, 0]"
3366,59.166.0.4,*,149.171.126.0,56614,*,*,*,"[0, 0, 0, 0, 0, 0, 0, 0, 0, 0, 0, 4, 0]"
3367,59.166.0.4,*,149.171.126.0,56852,*,*,*,"[0, 0, 0, 0, 0, 0, 0, 0, 0, 0, 0, 3, 0]"
3368,59.166.0.4,*,149.171.126.0,10394,*,*,*,"[0, 0, 0, 0, 0, 0, 0, 0, 0, 0, 0, 0, 3]"
3369,59.166.0.4,*,149.171.126.0,12469,*,*,*,"[0, 0, 0, 0, 0, 0, 0, 0, 0, 0, 0, 0, 2]"
3370,59.166.0.4,*,149.171.126.0,16398,*,*,*,"[0, 0, 0, 0, 0, 0, 0, 0, 0, 0, 0, 0, 2]"
3371,59.166.0.4,*,149.171.126.0,19518,*,*,*,"[0, 0, 0, 0, 0, 0, 0, 0, 0, 0, 0, 0, 3]"
3372,59.166.0.4,*,149.171.126.0,32528,*,*,*,"[0, 0, 0, 0, 0, 0, 0, 0, 0, 0, 0, 0, 3]"
3373,59.166.0.4,*,149.171.126.0,48182,*,*,*,"[0, 0, 0, 0, 0, 0, 0, 0, 0, 0, 0, 0, 2]"
3374,59.166.0.4,*,149.171.126.0,53740,*,*,*,"[0, 0, 0, 0, 0, 0, 0, 0, 0, 0, 0, 0, 2]"
3375,59.166.0.4,*,149.171.126.0,63753,*,*,*,"[0, 0, 0, 0, 0, 0, 0, 0, 0, 0, 0, 0, 2]"
3376,59.166.0.4,*,149.171.126.1,111,*,*,*,"[17, 12, 15, 14, 14, 17, 13, 9, 17, 7, 12, 8, 11]"
3377,59.166.0.4,*,149.171.126.1,143,*,*,*,"[6, 8, 11, 5, 6, 4, 7, 6, 3, 4, 6, 5, 7]"
3378,59.166.0.4,*,149.171.126.1,21,*,*,*,"[6, 2, 7, 8, 5, 9, 7, 2, 4, 7, 8, 8, 2]"
3379,59.166.0.4,*,149.171.126.1,22,*,*,*,"[3, 7, 4, 8, 5, 14, 0, 2, 4, 5, 8, 12, 9]"
3380,59.166.0.4,*,149.171.126.1,25,*,*,*,"[15, 9, 10, 5, 13, 11, 14, 5, 13, 12, 7, 11, 12]"
3381,59.166.0.4,*,149.171.126.1,27934,*,*,*,"[2, 0, 0, 0, 0, 0, 0, 0, 0, 0, 0, 0, 0]"
3382,59.166.0.4,*,149.171.126.1,35719,*,*,*,"[2, 0, 0, 0, 0, 0, 0, 0, 0, 0, 0, 0, 0]"
3383,59.166.0.4,*,149.171.126.1,42130,*,*,*,"[2, 0, 0, 0, 0, 0, 0, 0, 0, 0, 0, 0, 0]"
3384,59.166.0.4,*,149.171.126.1,46109,*,*,*,"[2, 0, 0, 0, 0, 0, 0, 0, 0, 0, 0, 0, 0]"
3385,59.166.0.4,*,149.171.126.1,5190,*,*,*,"[16, 26, 22, 21, 19, 24, 30, 10, 12, 18, 17, 16, 10]"
3386,59.166.0.4,*,149.171.126.1,53,*,*,*,"[37, 65, 62, 50, 47, 58, 36, 42, 67, 48, 53, 48, 56]"
3387,59.166.0.4,*,149.171.126.1,63666,*,*,*,"[2, 0, 0, 0, 0, 0, 0, 0, 0, 0, 0, 0, 0]"
3388,59.166.0.4,*,149.171.126.1,6881,*,*,*,"[18, 6, 24, 43, 24, 42, 48, 54, 42, 26, 24, 0, 18]"
3389,59.166.0.4,*,149.171.126.1,7315,*,*,*,"[2, 0, 0, 0, 0, 0, 0, 0, 0, 0, 0, 0, 0]"
3390,59.166.0.4,*,149.171.126.1,80,*,*,*,"[27, 28, 30, 25, 36, 29, 30, 26, 36, 23, 29, 32, 23]"
3391,59.166.0.4,*,149.171.126.1,1254,*,*,*,"[0, 0, 2, 0, 0, 0, 0, 0, 0, 0, 0, 0, 0]"
3392,59.166.0.4,*,149.171.126.1,25409,*,*,*,"[0, 0, 3, 0, 0, 0, 0, 0, 0, 0, 0, 0, 0]"
3393,59.166.0.4,*,149.171.126.1,26927,*,*,*,"[0, 0, 2, 0, 0, 0, 0, 0, 0, 0, 0, 0, 0]"
3394,59.166.0.4,*,149.171.126.1,27743,*,*,*,"[0, 0, 0, 0, 0, 3, 0, 0, 0, 0, 0, 0, 0]"
3395,59.166.0.4,*,149.171.126.1,3208,*,*,*,"[0, 0, 3, 0, 0, 0, 0, 0, 0, 0, 0, 0, 0]"
3396,59.166.0.4,*,149.171.126.1,32547,*,*,*,"[0, 0, 3, 0, 0, 0, 0, 0, 0, 0, 0, 0, 0]"
3397,59.166.0.4,*,149.171.126.1,34154,*,*,*,"[0, 0, 2, 0, 0, 0, 0, 0, 0, 0, 0, 0, 0]"
3398,59.166.0.4,*,149.171.126.1,34484,*,*,*,"[0, 0, 2, 0, 0, 0, 0, 0, 0, 0, 0, 0, 0]"
3399,59.166.0.4,*,149.171.126.1,60997,*,*,*,"[0, 0, 2, 0, 0, 0, 0, 0, 0, 0, 0, 0, 0]"
3400,59.166.0.4,*,149.171.126.1,61745,*,*,*,"[0, 0, 2, 0, 0, 0, 0, 0, 0, 0, 0, 0, 0]"
3401,59.166.0.4,*,149.171.126.1,11680,*,*,*,"[0, 0, 0, 3, 0, 0, 0, 0, 0, 0, 0, 0, 0]"
3402,59.166.0.4,*,149.171.126.1,30639,*,*,*,"[0, 0, 0, 2, 0, 0, 0, 0, 0, 0, 0, 0, 0]"
3403,59.166.0.4,*,149.171.126.1,32912,*,*,*,"[0, 0, 0, 3, 0, 0, 0, 0, 0, 0, 0, 0, 0]"
3404,59.166.0.4,*,149.171.126.1,44685,*,*,*,"[0, 0, 0, 3, 0, 0, 0, 0, 0, 0, 0, 0, 0]"
3405,59.166.0.4,*,149.171.126.1,57588,*,*,*,"[0, 0, 0, 2, 0, 0, 0, 0, 0, 0, 0, 0, 0]"
3406,59.166.0.4,*,149.171.126.1,58003,*,*,*,"[0, 0, 0, 2, 0, 0, 0, 0, 0, 0, 0, 0, 0]"
3407,59.166.0.4,*,149.171.126.1,9773,*,*,*,"[0, 0, 0, 2, 0, 0, 0, 0, 0, 0, 0, 0, 0]"
3408,59.166.0.4,*,149.171.126.1,15489,*,*,*,"[0, 0, 0, 0, 0, 2, 0, 0, 0, 0, 0, 0, 0]"
3409,59.166.0.4,*,149.171.126.1,18292,*,*,*,"[0, 0, 0, 0, 0, 2, 0, 0, 0, 0, 0, 0, 0]"
3410,59.166.0.4,*,149.171.126.1,18725,*,*,*,"[0, 0, 0, 0, 0, 3, 0, 0, 0, 0, 0, 0, 0]"
3411,59.166.0.4,*,149.171.126.1,18741,*,*,*,"[0, 0, 0, 0, 0, 2, 0, 0, 0, 0, 0, 0, 0]"
3412,59.166.0.4,*,149.171.126.1,28875,*,*,*,"[0, 0, 0, 0, 0, 2, 0, 0, 0, 0, 0, 0, 0]"
3413,59.166.0.4,*,149.171.126.1,34138,*,*,*,"[0, 0, 0, 0, 0, 2, 0, 0, 0, 0, 0, 0, 0]"
3414,59.166.0.4,*,149.171.126.1,42523,*,*,*,"[0, 0, 0, 0, 0, 2, 0, 0, 0, 0, 0, 0, 0]"
3415,59.166.0.4,*,149.171.126.1,44864,*,*,*,"[0, 0, 0, 0, 0, 3, 0, 0, 0, 0, 0, 0, 0]"
3416,59.166.0.4,*,149.171.126.1,15398,*,*,*,"[0, 0, 0, 0, 0, 0, 2, 0, 0, 0, 0, 0, 0]"
3417,59.166.0.4,*,149.171.126.1,21049,*,*,*,"[0, 0, 0, 0, 0, 0, 2, 0, 0, 0, 0, 0, 0]"
3418,59.166.0.4,*,149.171.126.1,32328,*,*,*,"[0, 0, 0, 0, 0, 0, 2, 0, 0, 0, 0, 0, 0]"
3419,59.166.0.4,*,149.171.126.1,35856,*,*,*,"[0, 0, 0, 0, 0, 0, 2, 0, 0, 0, 0, 0, 0]"
3420,59.166.0.4,*,149.171.126.1,49483,*,*,*,"[0, 0, 0, 0, 0, 0, 2, 0, 0, 0, 0, 0, 0]"
3421,59.166.0.4,*,149.171.126.1,9851,*,*,*,"[0, 0, 0, 0, 0, 0, 2, 0, 0, 0, 0, 0, 0]"
3422,59.166.0.4,*,149.171.126.1,36106,*,*,*,"[0, 0, 0, 0, 0, 0, 0, 0, 3, 0, 0, 0, 0]"
3423,59.166.0.4,*,149.171.126.1,37612,*,*,*,"[0, 0, 0, 0, 0, 0, 0, 0, 3, 0, 0, 0, 0]"
3424,59.166.0.4,*,149.171.126.1,56854,*,*,*,"[0, 0, 0, 0, 0, 0, 0, 0, 3, 0, 0, 0, 0]"
3425,59.166.0.4,*,149.171.126.1,20465,*,*,*,"[0, 0, 0, 0, 0, 0, 0, 0, 0, 2, 0, 0, 0]"
3426,59.166.0.4,*,149.171.126.1,33291,*,*,*,"[0, 0, 0, 0, 0, 0, 0, 0, 0, 2, 0, 0, 0]"
3427,59.166.0.4,*,149.171.126.1,58190,*,*,*,"[0, 0, 0, 0, 0, 0, 0, 0, 0, 2, 0, 0, 0]"
3428,59.166.0.4,*,149.171.126.1,62821,*,*,*,"[0, 0, 0, 0, 0, 0, 0, 0, 0, 2, 0, 0, 0]"
3429,59.166.0.4,*,149.171.126.1,63656,*,*,*,"[0, 0, 0, 0, 0, 0, 0, 0, 0, 2, 0, 0, 0]"
3430,59.166.0.4,*,149.171.126.1,65504,*,*,*,"[0, 0, 0, 0, 0, 0, 0, 0, 0, 2, 0, 0, 0]"
3431,59.166.0.4,*,149.171.126.1,13761,*,*,*,"[0, 0, 0, 0, 0, 0, 0, 0, 0, 0, 2, 0, 0]"
3432,59.166.0.4,*,149.171.126.1,16120,*,*,*,"[0, 0, 0, 0, 0, 0, 0, 0, 0, 0, 3, 0, 0]"
3433,59.166.0.4,*,149.171.126.1,31484,*,*,*,"[0, 0, 0, 0, 0, 0, 0, 0, 0, 0, 2, 0, 0]"
3434,59.166.0.4,*,149.171.126.1,38033,*,*,*,"[0, 0, 0, 0, 0, 0, 0, 0, 0, 0, 2, 0, 0]"
3435,59.166.0.4,*,149.171.126.1,62120,*,*,*,"[0, 0, 0, 0, 0, 0, 0, 0, 0, 0, 3, 0, 0]"
3436,59.166.0.4,*,149.171.126.1,64158,*,*,*,"[0, 0, 0, 0, 0, 0, 0, 0, 0, 0, 3, 0, 0]"
3437,59.166.0.4,*,149.171.126.1,14575,*,*,*,"[0, 0, 0, 0, 0, 0, 0, 0, 0, 0, 0, 3, 0]"
3438,59.166.0.4,*,149.171.126.1,18583,*,*,*,"[0, 0, 0, 0, 0, 0, 0, 0, 0, 0, 0, 3, 0]"
3439,59.166.0.4,*,149.171.126.1,25974,*,*,*,"[0, 0, 0, 0, 0, 0, 0, 0, 0, 0, 0, 2, 0]"
3440,59.166.0.4,*,149.171.126.1,36781,*,*,*,"[0, 0, 0, 0, 0, 0, 0, 0, 0, 0, 0, 2, 0]"
3441,59.166.0.4,*,149.171.126.1,45717,*,*,*,"[0, 0, 0, 0, 0, 0, 0, 0, 0, 0, 0, 3, 0]"
3442,59.166.0.4,*,149.171.126.1,56852,*,*,*,"[0, 0, 0, 0, 0, 0, 0, 0, 0, 0, 0, 2, 0]"
3443,59.166.0.4,*,149.171.126.2,111,*,*,*,"[16, 7, 9, 14, 13, 9, 8, 6, 16, 15, 11, 16, 13]"
3444,59.166.0.4,*,149.171.126.2,11399,*,*,*,"[2, 0, 0, 0, 0, 0, 0, 0, 0, 0, 0, 0, 0]"
3445,59.166.0.4,*,149.171.126.2,143,*,*,*,"[6, 6, 8, 12, 4, 10, 6, 3, 9, 6, 9, 3, 9]"
3446,59.166.0.4,*,149.171.126.2,17087,*,*,*,"[2, 2, 0, 0, 0, 0, 0, 0, 0, 0, 0, 0, 0]"
3447,59.166.0.4,*,149.171.126.2,18023,*,*,*,"[2, 0, 0, 0, 0, 0, 0, 0, 0, 0, 0, 0, 0]"
3448,59.166.0.4,*,149.171.126.2,21,*,*,*,"[12, 5, 3, 9, 6, 2, 4, 9, 8, 8, 8, 9, 5]"
3449,59.166.0.4,*,149.171.126.2,22,*,*,*,"[6, 8, 12, 10, 10, 7, 0, 3, 0, 5, 7, 8, 11]"
3450,59.166.0.4,*,149.171.126.2,25,*,*,*,"[10, 16, 16, 12, 6, 15, 9, 3, 15, 9, 6, 11, 14]"
3451,59.166.0.4,*,149.171.126.2,26143,*,*,*,"[2, 0, 0, 0, 0, 0, 0, 0, 0, 0, 0, 0, 0]"
3452,59.166.0.4,*,149.171.126.2,27934,*,*,*,"[4, 0, 0, 0, 0, 0, 0, 0, 0, 0, 0, 0, 0]"
3453,59.166.0.4,*,149.171.126.2,32664,*,*,*,"[2, 0, 0, 0, 0, 0, 0, 0, 0, 0, 0, 0, 0]"
3454,59.166.0.4,*,149.171.126.2,35719,*,*,*,"[4, 0, 0, 0, 0, 0, 0, 0, 0, 0, 0, 0, 0]"
3455,59.166.0.4,*,149.171.126.2,42130,*,*,*,"[4, 0, 0, 0, 0, 0, 0, 0, 0, 0, 0, 0, 0]"
3456,59.166.0.4,*,149.171.126.2,45548,*,*,*,"[2, 2, 0, 0, 0, 0, 0, 0, 0, 0, 0, 0, 0]"
3457,59.166.0.4,*,149.171.126.2,4950,*,*,*,"[2, 0, 0, 0, 0, 0, 0, 0, 0, 0, 0, 0, 0]"
3458,59.166.0.4,*,149.171.126.2,5190,*,*,*,"[22, 16, 11, 15, 14, 14, 30, 11, 16, 17, 16, 14, 13]"
3459,59.166.0.4,*,149.171.126.2,52294,*,*,*,"[2, 0, 0, 0, 0, 0, 0, 0, 0, 0, 0, 0, 0]"
3460,59.166.0.4,*,149.171.126.2,52796,*,*,*,"[2, 2, 0, 0, 0, 0, 0, 0, 0, 0, 0, 0, 0]"
3461,59.166.0.4,*,149.171.126.2,53,*,*,*,"[59, 53, 60, 49, 54, 44, 54, 41, 63, 56, 55, 52, 68]"
3462,59.166.0.4,*,149.171.126.2,6881,*,*,*,"[30, 12, 6, 0, 24, 12, 43, 30, 18, 0, 12, 18, 44]"
3463,59.166.0.4,*,149.171.126.2,80,*,*,*,"[26, 29, 25, 24, 23, 23, 22, 26, 28, 26, 26, 26, 27]"
3464,59.166.0.4,*,149.171.126.2,11680,*,*,*,"[0, 0, 0, 4, 0, 0, 0, 0, 0, 0, 0, 0, 0]"
3465,59.166.0.4,*,149.171.126.2,32912,*,*,*,"[0, 0, 0, 4, 0, 0, 0, 0, 0, 0, 0, 0, 0]"
3466,59.166.0.4,*,149.171.126.2,44685,*,*,*,"[0, 0, 0, 4, 0, 0, 0, 0, 0, 0, 0, 0, 0]"
3467,59.166.0.4,*,149.171.126.2,30639,*,*,*,"[0, 0, 0, 2, 0, 0, 0, 0, 0, 0, 0, 0, 0]"
3468,59.166.0.4,*,149.171.126.2,57588,*,*,*,"[0, 0, 0, 2, 0, 0, 0, 0, 0, 0, 0, 0, 0]"
3469,59.166.0.4,*,149.171.126.2,58003,*,*,*,"[0, 0, 0, 2, 0, 0, 0, 0, 0, 0, 0, 0, 0]"
3470,59.166.0.4,*,149.171.126.2,12319,*,*,*,"[0, 0, 0, 0, 2, 0, 0, 0, 0, 0, 0, 0, 0]"
3471,59.166.0.4,*,149.171.126.2,12916,*,*,*,"[0, 0, 0, 0, 2, 0, 0, 0, 0, 0, 0, 0, 0]"
3472,59.166.0.4,*,149.171.126.2,24550,*,*,*,"[0, 0, 0, 0, 2, 0, 0, 0, 0, 0, 0, 0, 0]"
3473,59.166.0.4,*,149.171.126.2,29238,*,*,*,"[0, 0, 0, 0, 2, 0, 0, 0, 0, 0, 0, 0, 0]"
3474,59.166.0.4,*,149.171.126.2,33656,*,*,*,"[0, 0, 0, 0, 2, 0, 0, 0, 0, 0, 0, 0, 0]"
3475,59.166.0.4,*,149.171.126.2,42265,*,*,*,"[0, 0, 0, 0, 2, 0, 0, 0, 0, 0, 0, 0, 0]"
3476,59.166.0.4,*,149.171.126.2,10793,*,*,*,"[0, 0, 0, 0, 0, 2, 0, 0, 0, 0, 0, 0, 0]"
3477,59.166.0.4,*,149.171.126.2,17562,*,*,*,"[0, 0, 0, 0, 0, 0, 0, 4, 0, 0, 0, 0, 0]"
3478,59.166.0.4,*,149.171.126.2,54475,*,*,*,"[0, 0, 0, 0, 0, 0, 0, 3, 0, 0, 0, 0, 0]"
3479,59.166.0.4,*,149.171.126.2,55348,*,*,*,"[0, 0, 0, 0, 0, 0, 0, 3, 0, 0, 0, 0, 0]"
3480,59.166.0.4,*,149.171.126.2,58238,*,*,*,"[0, 0, 0, 0, 0, 0, 0, 4, 0, 0, 0, 0, 0]"
3481,59.166.0.4,*,149.171.126.2,63870,*,*,*,"[0, 0, 0, 0, 0, 0, 0, 4, 0, 0, 0, 0, 0]"
3482,59.166.0.4,*,149.171.126.2,64665,*,*,*,"[0, 0, 0, 0, 0, 0, 0, 3, 0, 0, 0, 0, 0]"
3483,59.166.0.4,*,149.171.126.2,20465,*,*,*,"[0, 0, 0, 0, 0, 0, 0, 0, 0, 3, 0, 0, 0]"
3484,59.166.0.4,*,149.171.126.2,22627,*,*,*,"[0, 0, 0, 0, 0, 0, 0, 0, 3, 0, 0, 0, 0]"
3485,59.166.0.4,*,149.171.126.2,33291,*,*,*,"[0, 0, 0, 0, 0, 0, 0, 0, 0, 3, 0, 0, 0]"
3486,59.166.0.4,*,149.171.126.2,4212,*,*,*,"[0, 0, 0, 0, 0, 0, 0, 0, 3, 0, 0, 0, 0]"
3487,59.166.0.4,*,149.171.126.2,58190,*,*,*,"[0, 0, 0, 0, 0, 0, 0, 0, 0, 3, 0, 0, 0]"
3488,59.166.0.4,*,149.171.126.2,8998,*,*,*,"[0, 0, 0, 0, 0, 0, 0, 0, 3, 0, 0, 0, 0]"
3489,59.166.0.4,*,149.171.126.2,1906,*,*,*,"[0, 0, 0, 0, 0, 0, 0, 0, 0, 2, 0, 0, 0]"
3490,59.166.0.4,*,149.171.126.2,19909,*,*,*,"[0, 0, 0, 0, 0, 0, 0, 0, 0, 2, 0, 0, 0]"
3491,59.166.0.4,*,149.171.126.2,3038,*,*,*,"[0, 0, 0, 0, 0, 0, 0, 0, 0, 2, 0, 0, 0]"
3492,59.166.0.4,*,149.171.126.2,54587,*,*,*,"[0, 0, 0, 0, 0, 0, 0, 0, 0, 2, 0, 0, 0]"
3493,59.166.0.4,*,149.171.126.2,62821,*,*,*,"[0, 0, 0, 0, 0, 0, 0, 0, 0, 2, 0, 0, 0]"
3494,59.166.0.4,*,149.171.126.2,63656,*,*,*,"[0, 0, 0, 0, 0, 0, 0, 0, 0, 2, 0, 0, 0]"
3495,59.166.0.4,*,149.171.126.2,65504,*,*,*,"[0, 0, 0, 0, 0, 0, 0, 0, 0, 2, 0, 0, 0]"
3496,59.166.0.4,*,149.171.126.2,32991,*,*,*,"[0, 0, 0, 0, 0, 0, 0, 0, 0, 0, 3, 0, 0]"
3497,59.166.0.4,*,149.171.126.2,34316,*,*,*,"[0, 0, 0, 0, 0, 0, 0, 0, 0, 0, 3, 0, 0]"
3498,59.166.0.4,*,149.171.126.2,43493,*,*,*,"[0, 0, 0, 0, 0, 0, 0, 0, 0, 0, 3, 0, 0]"
3499,59.166.0.4,*,149.171.126.2,49991,*,*,*,"[0, 0, 0, 0, 0, 0, 0, 0, 0, 0, 3, 0, 0]"
3500,59.166.0.4,*,149.171.126.2,53517,*,*,*,"[0, 0, 0, 0, 0, 0, 0, 0, 0, 0, 3, 0, 0]"
3501,59.166.0.4,*,149.171.126.2,57668,*,*,*,"[0, 0, 0, 0, 0, 0, 0, 0, 0, 0, 3, 0, 0]"
3502,59.166.0.4,*,149.171.126.2,14575,*,*,*,"[0, 0, 0, 0, 0, 0, 0, 0, 0, 0, 0, 4, 0]"
3503,59.166.0.4,*,149.171.126.2,1521,*,*,*,"[0, 0, 0, 0, 0, 0, 0, 0, 0, 0, 0, 2, 0]"
3504,59.166.0.4,*,149.171.126.2,18583,*,*,*,"[0, 0, 0, 0, 0, 0, 0, 0, 0, 0, 0, 4, 0]"
3505,59.166.0.4,*,149.171.126.2,25974,*,*,*,"[0, 0, 0, 0, 0, 0, 0, 0, 0, 0, 0, 2, 0]"
3506,59.166.0.4,*,149.171.126.2,36781,*,*,*,"[0, 0, 0, 0, 0, 0, 0, 0, 0, 0, 0, 2, 0]"
3507,59.166.0.4,*,149.171.126.2,41227,*,*,*,"[0, 0, 0, 0, 0, 0, 0, 0, 0, 0, 0, 2, 0]"
3508,59.166.0.4,*,149.171.126.2,45717,*,*,*,"[0, 0, 0, 0, 0, 0, 0, 0, 0, 0, 0, 4, 0]"
3509,59.166.0.4,*,149.171.126.2,56852,*,*,*,"[0, 0, 0, 0, 0, 0, 0, 0, 0, 0, 0, 2, 0]"
3510,59.166.0.4,*,149.171.126.2,63238,*,*,*,"[0, 0, 0, 0, 0, 0, 0, 0, 0, 0, 0, 2, 0]"
3511,59.166.0.4,*,149.171.126.2,6786,*,*,*,"[0, 0, 0, 0, 0, 0, 0, 0, 0, 0, 0, 2, 0]"
3512,59.166.0.4,*,149.171.126.2,16398,*,*,*,"[0, 0, 0, 0, 0, 0, 0, 0, 0, 0, 0, 0, 2]"
3513,59.166.0.4,*,149.171.126.2,53740,*,*,*,"[0, 0, 0, 0, 0, 0, 0, 0, 0, 0, 0, 0, 2]"
3514,59.166.0.4,*,149.171.126.2,56959,*,*,*,"[0, 0, 0, 0, 0, 0, 0, 0, 0, 0, 0, 0, 2]"
3515,59.166.0.4,*,149.171.126.3,111,*,*,*,"[20, 13, 5, 10, 9, 10, 8, 10, 12, 9, 11, 10, 11]"
3516,59.166.0.4,*,149.171.126.3,143,*,*,*,"[8, 6, 8, 8, 9, 8, 3, 4, 13, 6, 5, 9, 5]"
3517,59.166.0.4,*,149.171.126.3,17122,*,*,*,"[2, 0, 0, 0, 0, 0, 0, 0, 0, 0, 0, 0, 0]"
3518,59.166.0.4,*,149.171.126.3,21,*,*,*,"[2, 10, 10, 4, 3, 3, 9, 8, 6, 9, 9, 4, 8]"
3519,59.166.0.4,*,149.171.126.3,22,*,*,*,"[2, 6, 7, 15, 12, 4, 0, 4, 3, 5, 9, 9, 7]"
3520,59.166.0.4,*,149.171.126.3,25,*,*,*,"[15, 7, 11, 7, 10, 10, 19, 5, 13, 15, 10, 14, 14]"
3521,59.166.0.4,*,149.171.126.3,5190,*,*,*,"[19, 34, 18, 12, 17, 23, 20, 13, 17, 24, 20, 14, 13]"
3522,59.166.0.4,*,149.171.126.3,53,*,*,*,"[54, 54, 68, 64, 59, 60, 63, 41, 62, 67, 49, 54, 54]"
3523,59.166.0.4,*,149.171.126.3,6881,*,*,*,"[18, 18, 12, 36, 36, 30, 30, 36, 18, 0, 18, 12, 42]"
3524,59.166.0.4,*,149.171.126.3,80,*,*,*,"[38, 33, 27, 24, 26, 25, 32, 23, 39, 35, 31, 17, 36]"
3525,59.166.0.4,*,149.171.126.3,13142,*,*,*,"[0, 0, 3, 0, 0, 0, 0, 0, 0, 0, 0, 0, 0]"
3526,59.166.0.4,*,149.171.126.3,14724,*,*,*,"[0, 2, 0, 0, 0, 0, 0, 0, 0, 0, 0, 0, 0]"
3527,59.166.0.4,*,149.171.126.3,15843,*,*,*,"[0, 2, 0, 0, 0, 0, 0, 0, 0, 0, 0, 0, 0]"
3528,59.166.0.4,*,149.171.126.3,27976,*,*,*,"[0, 0, 3, 0, 0, 0, 0, 0, 0, 0, 0, 0, 0]"
3529,59.166.0.4,*,149.171.126.3,3062,*,*,*,"[0, 3, 0, 0, 0, 0, 0, 0, 0, 0, 0, 0, 0]"
3530,59.166.0.4,*,149.171.126.3,31010,*,*,*,"[0, 2, 0, 0, 0, 0, 0, 0, 0, 0, 0, 0, 0]"
3531,59.166.0.4,*,149.171.126.3,34463,*,*,*,"[0, 3, 0, 0, 0, 0, 0, 0, 0, 0, 0, 0, 0]"
3532,59.166.0.4,*,149.171.126.3,35397,*,*,*,"[0, 0, 3, 0, 0, 0, 0, 0, 0, 0, 0, 0, 0]"
3533,59.166.0.4,*,149.171.126.3,38395,*,*,*,"[0, 3, 0, 0, 0, 0, 0, 0, 0, 0, 0, 0, 0]"
3534,59.166.0.4,*,149.171.126.3,49198,*,*,*,"[0, 2, 0, 0, 0, 0, 0, 0, 0, 0, 0, 0, 0]"
3535,59.166.0.4,*,149.171.126.3,49439,*,*,*,"[0, 2, 0, 0, 0, 0, 0, 0, 0, 0, 0, 0, 0]"
3536,59.166.0.4,*,149.171.126.3,54867,*,*,*,"[0, 2, 0, 0, 0, 0, 0, 0, 0, 0, 0, 0, 0]"
3537,59.166.0.4,*,149.171.126.3,64158,*,*,*,"[0, 0, 0, 0, 0, 0, 0, 0, 0, 0, 2, 0, 0]"
3538,59.166.0.4,*,149.171.126.3,1254,*,*,*,"[0, 0, 2, 0, 0, 0, 0, 0, 0, 0, 0, 0, 0]"
3539,59.166.0.4,*,149.171.126.3,14987,*,*,*,"[0, 0, 2, 0, 0, 0, 0, 0, 0, 0, 0, 0, 0]"
3540,59.166.0.4,*,149.171.126.3,25409,*,*,*,"[0, 0, 2, 0, 0, 0, 0, 0, 0, 0, 0, 0, 0]"
3541,59.166.0.4,*,149.171.126.3,2869,*,*,*,"[0, 0, 2, 0, 0, 0, 0, 0, 0, 0, 0, 0, 0]"
3542,59.166.0.4,*,149.171.126.3,3208,*,*,*,"[0, 0, 2, 0, 0, 0, 0, 0, 0, 0, 0, 0, 0]"
3543,59.166.0.4,*,149.171.126.3,32547,*,*,*,"[0, 0, 2, 0, 0, 0, 0, 0, 0, 0, 0, 0, 0]"
3544,59.166.0.4,*,149.171.126.3,3398,*,*,*,"[0, 0, 2, 0, 0, 0, 0, 0, 0, 0, 0, 0, 0]"
3545,59.166.0.4,*,149.171.126.3,34154,*,*,*,"[0, 0, 2, 0, 0, 0, 0, 0, 0, 0, 0, 0, 0]"
3546,59.166.0.4,*,149.171.126.3,61745,*,*,*,"[0, 0, 2, 0, 0, 0, 0, 0, 0, 0, 0, 0, 0]"
3547,59.166.0.4,*,149.171.126.3,1397,*,*,*,"[0, 0, 0, 2, 0, 0, 0, 0, 0, 0, 0, 0, 0]"
3548,59.166.0.4,*,149.171.126.3,21831,*,*,*,"[0, 0, 0, 2, 0, 0, 0, 0, 0, 0, 0, 0, 0]"
3549,59.166.0.4,*,149.171.126.3,45133,*,*,*,"[0, 0, 0, 2, 0, 0, 0, 0, 0, 0, 0, 0, 0]"
3550,59.166.0.4,*,149.171.126.3,21049,*,*,*,"[0, 0, 0, 0, 0, 0, 4, 0, 0, 0, 0, 0, 0]"
3551,59.166.0.4,*,149.171.126.3,31861,*,*,*,"[0, 0, 0, 0, 0, 0, 3, 0, 0, 0, 0, 0, 0]"
3552,59.166.0.4,*,149.171.126.3,35856,*,*,*,"[0, 0, 0, 0, 0, 0, 4, 0, 0, 0, 0, 0, 0]"
3553,59.166.0.4,*,149.171.126.3,44463,*,*,*,"[0, 0, 0, 0, 0, 0, 3, 0, 0, 0, 0, 0, 0]"
3554,59.166.0.4,*,149.171.126.3,46556,*,*,*,"[0, 0, 0, 0, 0, 0, 3, 0, 0, 0, 0, 0, 0]"
3555,59.166.0.4,*,149.171.126.3,49483,*,*,*,"[0, 0, 0, 0, 0, 0, 4, 0, 0, 0, 0, 0, 0]"
3556,59.166.0.4,*,149.171.126.3,26416,*,*,*,"[0, 0, 0, 0, 0, 0, 0, 3, 0, 0, 0, 0, 0]"
3557,59.166.0.4,*,149.171.126.3,54475,*,*,*,"[0, 0, 0, 0, 0, 0, 0, 2, 0, 0, 0, 0, 0]"
3558,59.166.0.4,*,149.171.126.3,54484,*,*,*,"[0, 0, 0, 0, 0, 0, 0, 3, 0, 0, 0, 0, 0]"
3559,59.166.0.4,*,149.171.126.3,55348,*,*,*,"[0, 0, 0, 0, 0, 0, 0, 2, 0, 0, 0, 0, 0]"
3560,59.166.0.4,*,149.171.126.3,60641,*,*,*,"[0, 0, 0, 0, 0, 0, 0, 3, 0, 0, 0, 0, 0]"
3561,59.166.0.4,*,149.171.126.3,64665,*,*,*,"[0, 0, 0, 0, 0, 0, 0, 2, 0, 0, 0, 0, 0]"
3562,59.166.0.4,*,149.171.126.3,10198,*,*,*,"[0, 0, 0, 0, 0, 0, 0, 0, 2, 0, 0, 0, 0]"
3563,59.166.0.4,*,149.171.126.3,11460,*,*,*,"[0, 0, 0, 0, 0, 0, 0, 0, 2, 0, 0, 0, 0]"
3564,59.166.0.4,*,149.171.126.3,13455,*,*,*,"[0, 0, 0, 0, 0, 0, 0, 0, 2, 0, 0, 0, 0]"
3565,59.166.0.4,*,149.171.126.3,23937,*,*,*,"[0, 0, 0, 0, 0, 0, 0, 0, 0, 2, 0, 0, 0]"
3566,59.166.0.4,*,149.171.126.3,24196,*,*,*,"[0, 0, 0, 0, 0, 0, 0, 0, 2, 0, 0, 0, 0]"
3567,59.166.0.4,*,149.171.126.3,26631,*,*,*,"[0, 0, 0, 0, 0, 0, 0, 0, 2, 0, 0, 0, 0]"
3568,59.166.0.4,*,149.171.126.3,35231,*,*,*,"[0, 0, 0, 0, 0, 0, 0, 0, 2, 0, 0, 0, 0]"
3569,59.166.0.4,*,149.171.126.3,38936,*,*,*,"[0, 0, 0, 0, 0, 0, 0, 0, 0, 2, 0, 0, 0]"
3570,59.166.0.4,*,149.171.126.3,52561,*,*,*,"[0, 0, 0, 0, 0, 0, 0, 0, 0, 2, 0, 0, 0]"
3571,59.166.0.4,*,149.171.126.3,22432,*,*,*,"[0, 0, 0, 0, 0, 0, 0, 0, 0, 4, 0, 0, 0]"
3572,59.166.0.4,*,149.171.126.3,46326,*,*,*,"[0, 0, 0, 0, 0, 0, 0, 0, 0, 4, 0, 0, 0]"
3573,59.166.0.4,*,149.171.126.3,46967,*,*,*,"[0, 0, 0, 0, 0, 0, 0, 0, 0, 4, 0, 0, 0]"
3574,59.166.0.4,*,149.171.126.3,62821,*,*,*,"[0, 0, 0, 0, 0, 0, 0, 0, 0, 2, 0, 0, 0]"
3575,59.166.0.4,*,149.171.126.3,63656,*,*,*,"[0, 0, 0, 0, 0, 0, 0, 0, 0, 2, 0, 0, 0]"
3576,59.166.0.4,*,149.171.126.3,65504,*,*,*,"[0, 0, 0, 0, 0, 0, 0, 0, 0, 2, 0, 0, 0]"
3577,59.166.0.4,*,149.171.126.3,16120,*,*,*,"[0, 0, 0, 0, 0, 0, 0, 0, 0, 0, 2, 0, 0]"
3578,59.166.0.4,*,149.171.126.3,32991,*,*,*,"[0, 0, 0, 0, 0, 0, 0, 0, 0, 0, 3, 0, 0]"
3579,59.166.0.4,*,149.171.126.3,34316,*,*,*,"[0, 0, 0, 0, 0, 0, 0, 0, 0, 0, 2, 0, 0]"
3580,59.166.0.4,*,149.171.126.3,43493,*,*,*,"[0, 0, 0, 0, 0, 0, 0, 0, 0, 0, 2, 0, 0]"
3581,59.166.0.4,*,149.171.126.3,49991,*,*,*,"[0, 0, 0, 0, 0, 0, 0, 0, 0, 0, 3, 0, 0]"
3582,59.166.0.4,*,149.171.126.3,53517,*,*,*,"[0, 0, 0, 0, 0, 0, 0, 0, 0, 0, 2, 0, 0]"
3583,59.166.0.4,*,149.171.126.3,57668,*,*,*,"[0, 0, 0, 0, 0, 0, 0, 0, 0, 0, 3, 0, 0]"
3584,59.166.0.4,*,149.171.126.3,62120,*,*,*,"[0, 0, 0, 0, 0, 0, 0, 0, 0, 0, 2, 0, 0]"
3585,59.166.0.4,*,149.171.126.3,10394,*,*,*,"[0, 0, 0, 0, 0, 0, 0, 0, 0, 0, 0, 0, 3]"
3586,59.166.0.4,*,149.171.126.3,13839,*,*,*,"[0, 0, 0, 0, 0, 0, 0, 0, 0, 0, 0, 0, 2]"
3587,59.166.0.4,*,149.171.126.3,16398,*,*,*,"[0, 0, 0, 0, 0, 0, 0, 0, 0, 0, 0, 0, 2]"
3588,59.166.0.4,*,149.171.126.3,19518,*,*,*,"[0, 0, 0, 0, 0, 0, 0, 0, 0, 0, 0, 0, 3]"
3589,59.166.0.4,*,149.171.126.3,26866,*,*,*,"[0, 0, 0, 0, 0, 0, 0, 0, 0, 0, 0, 0, 2]"
3590,59.166.0.4,*,149.171.126.3,32528,*,*,*,"[0, 0, 0, 0, 0, 0, 0, 0, 0, 0, 0, 0, 3]"
3591,59.166.0.4,*,149.171.126.3,50688,*,*,*,"[0, 0, 0, 0, 0, 0, 0, 0, 0, 0, 0, 0, 2]"
3592,59.166.0.4,*,149.171.126.3,53740,*,*,*,"[0, 0, 0, 0, 0, 0, 0, 0, 0, 0, 0, 0, 2]"
3593,59.166.0.4,*,149.171.126.3,56959,*,*,*,"[0, 0, 0, 0, 0, 0, 0, 0, 0, 0, 0, 0, 2]"
3594,59.166.0.4,*,149.171.126.4,111,*,*,*,"[11, 12, 21, 18, 15, 13, 16, 4, 7, 6, 16, 9, 8]"
3595,59.166.0.4,*,149.171.126.4,143,*,*,*,"[7, 10, 10, 7, 7, 7, 5, 5, 5, 8, 7, 11, 8]"
3596,59.166.0.4,*,149.171.126.4,21,*,*,*,"[7, 5, 8, 7, 6, 8, 7, 3, 4, 9, 7, 9, 7]"
3597,59.166.0.4,*,149.171.126.4,22,*,*,*,"[6, 5, 4, 18, 7, 4, 4, 0, 4, 4, 8, 6, 11]"
3598,59.166.0.4,*,149.171.126.4,25,*,*,*,"[9, 13, 14, 13, 12, 14, 9, 8, 11, 8, 15, 11, 13]"
3599,59.166.0.4,*,149.171.126.4,27934,*,*,*,"[2, 0, 0, 0, 0, 0, 0, 0, 0, 0, 0, 0, 0]"
3600,59.166.0.4,*,149.171.126.4,35719,*,*,*,"[2, 0, 0, 0, 0, 0, 0, 0, 0, 0, 0, 0, 0]"
3601,59.166.0.4,*,149.171.126.4,42130,*,*,*,"[2, 0, 0, 0, 0, 0, 0, 0, 0, 0, 0, 0, 0]"
3602,59.166.0.4,*,149.171.126.4,5190,*,*,*,"[24, 18, 30, 12, 13, 20, 17, 10, 27, 16, 13, 6, 19]"
3603,59.166.0.4,*,149.171.126.4,52801,*,*,*,"[2, 0, 0, 0, 0, 0, 0, 0, 0, 0, 0, 0, 0]"
3604,59.166.0.4,*,149.171.126.4,53,*,*,*,"[63, 50, 55, 68, 51, 53, 64, 39, 59, 53, 58, 58, 44]"
3605,59.166.0.4,*,149.171.126.4,56048,*,*,*,"[2, 0, 0, 0, 0, 0, 0, 0, 0, 0, 0, 0, 0]"
3606,59.166.0.4,*,149.171.126.4,64030,*,*,*,"[2, 0, 0, 0, 0, 0, 0, 0, 0, 0, 0, 0, 0]"
3607,59.166.0.4,*,149.171.126.4,80,*,*,*,"[23, 33, 33, 37, 29, 41, 41, 25, 37, 30, 23, 35, 18]"
3608,59.166.0.4,*,149.171.126.4,13142,*,*,*,"[0, 2, 0, 0, 0, 0, 0, 0, 0, 0, 0, 0, 0]"
3609,59.166.0.4,*,149.171.126.4,15843,*,*,*,"[0, 2, 0, 0, 0, 0, 0, 0, 0, 0, 0, 0, 0]"
3610,59.166.0.4,*,149.171.126.4,27976,*,*,*,"[0, 2, 0, 0, 0, 0, 0, 0, 0, 0, 0, 0, 0]"
3611,59.166.0.4,*,149.171.126.4,35397,*,*,*,"[0, 2, 0, 0, 0, 0, 0, 0, 0, 0, 0, 0, 0]"
3612,59.166.0.4,*,149.171.126.4,49198,*,*,*,"[0, 2, 0, 0, 0, 0, 0, 0, 0, 0, 0, 0, 0]"
3613,59.166.0.4,*,149.171.126.4,54867,*,*,*,"[0, 2, 0, 0, 0, 0, 0, 0, 0, 0, 0, 0, 0]"
3614,59.166.0.4,*,149.171.126.4,1254,*,*,*,"[0, 0, 2, 0, 0, 0, 0, 0, 0, 0, 0, 0, 0]"
3615,59.166.0.4,*,149.171.126.4,14987,*,*,*,"[0, 0, 3, 0, 0, 0, 0, 0, 0, 0, 0, 0, 0]"
3616,59.166.0.4,*,149.171.126.4,2869,*,*,*,"[0, 0, 3, 0, 0, 0, 0, 0, 0, 0, 0, 0, 0]"
3617,59.166.0.4,*,149.171.126.4,3398,*,*,*,"[0, 0, 3, 0, 0, 0, 0, 0, 0, 0, 0, 0, 0]"
3618,59.166.0.4,*,149.171.126.4,34154,*,*,*,"[0, 0, 2, 0, 0, 0, 0, 0, 0, 0, 0, 0, 0]"
3619,59.166.0.4,*,149.171.126.4,61745,*,*,*,"[0, 0, 2, 0, 0, 0, 0, 0, 0, 0, 0, 0, 0]"
3620,59.166.0.4,*,149.171.126.4,6881,*,*,*,"[0, 0, 6, 42, 18, 13, 36, 30, 12, 12, 18, 6, 30]"
3621,59.166.0.4,*,149.171.126.4,1397,*,*,*,"[0, 0, 0, 2, 0, 0, 0, 0, 0, 0, 0, 0, 0]"
3622,59.166.0.4,*,149.171.126.4,20048,*,*,*,"[0, 0, 0, 2, 0, 0, 0, 0, 0, 0, 0, 0, 0]"
3623,59.166.0.4,*,149.171.126.4,21831,*,*,*,"[0, 0, 0, 2, 0, 0, 0, 0, 0, 0, 0, 0, 0]"
3624,59.166.0.4,*,149.171.126.4,40725,*,*,*,"[0, 0, 0, 0, 2, 0, 0, 0, 0, 0, 0, 0, 0]"
3625,59.166.0.4,*,149.171.126.4,45133,*,*,*,"[0, 0, 0, 2, 0, 0, 0, 0, 0, 0, 0, 0, 0]"
3626,59.166.0.4,*,149.171.126.4,54131,*,*,*,"[0, 0, 0, 2, 0, 0, 0, 0, 0, 0, 0, 0, 0]"
3627,59.166.0.4,*,149.171.126.4,56243,*,*,*,"[0, 0, 0, 0, 2, 0, 0, 0, 0, 0, 0, 0, 0]"
3628,59.166.0.4,*,149.171.126.4,57521,*,*,*,"[0, 0, 0, 2, 0, 0, 0, 0, 0, 0, 0, 0, 0]"
3629,59.166.0.4,*,149.171.126.4,60335,*,*,*,"[0, 0, 0, 0, 2, 0, 0, 0, 0, 0, 0, 0, 0]"
3630,59.166.0.4,*,149.171.126.4,36222,*,*,*,"[0, 0, 0, 0, 2, 0, 0, 0, 0, 0, 0, 0, 0]"
3631,59.166.0.4,*,149.171.126.4,5131,*,*,*,"[0, 0, 0, 0, 2, 0, 0, 0, 0, 0, 0, 0, 0]"
3632,59.166.0.4,*,149.171.126.4,56995,*,*,*,"[0, 0, 0, 0, 2, 0, 0, 0, 0, 0, 0, 0, 0]"
3633,59.166.0.4,*,149.171.126.4,22481,*,*,*,"[0, 0, 0, 0, 0, 2, 0, 0, 0, 0, 0, 0, 0]"
3634,59.166.0.4,*,149.171.126.4,26869,*,*,*,"[0, 0, 0, 0, 0, 2, 0, 0, 0, 0, 0, 0, 0]"
3635,59.166.0.4,*,149.171.126.4,41018,*,*,*,"[0, 0, 0, 0, 0, 2, 0, 0, 0, 0, 0, 0, 0]"
3636,59.166.0.4,*,149.171.126.4,43825,*,*,*,"[0, 0, 0, 0, 0, 4, 0, 0, 0, 0, 0, 0, 0]"
3637,59.166.0.4,*,149.171.126.4,50827,*,*,*,"[0, 0, 0, 0, 0, 4, 0, 0, 0, 0, 0, 0, 0]"
3638,59.166.0.4,*,149.171.126.4,60894,*,*,*,"[0, 0, 0, 0, 0, 4, 0, 0, 0, 0, 0, 0, 0]"
3639,59.166.0.4,*,149.171.126.4,15398,*,*,*,"[0, 0, 0, 0, 0, 0, 4, 0, 0, 0, 0, 0, 0]"
3640,59.166.0.4,*,149.171.126.4,32328,*,*,*,"[0, 0, 0, 0, 0, 0, 4, 0, 0, 0, 0, 0, 0]"
3641,59.166.0.4,*,149.171.126.4,9851,*,*,*,"[0, 0, 0, 0, 0, 0, 4, 0, 0, 0, 0, 0, 0]"
3642,59.166.0.4,*,149.171.126.4,10397,*,*,*,"[0, 0, 0, 0, 0, 0, 0, 2, 0, 0, 0, 0, 0]"
3643,59.166.0.4,*,149.171.126.4,44321,*,*,*,"[0, 0, 0, 0, 0, 0, 0, 2, 0, 0, 0, 0, 0]"
3644,59.166.0.4,*,149.171.126.4,56658,*,*,*,"[0, 0, 0, 0, 0, 0, 0, 2, 0, 0, 0, 0, 0]"
3645,59.166.0.4,*,149.171.126.4,1906,*,*,*,"[0, 0, 0, 0, 0, 0, 0, 0, 0, 2, 0, 0, 0]"
3646,59.166.0.4,*,149.171.126.4,22432,*,*,*,"[0, 0, 0, 0, 0, 0, 0, 0, 0, 2, 0, 0, 0]"
3647,59.166.0.4,*,149.171.126.4,3038,*,*,*,"[0, 0, 0, 0, 0, 0, 0, 0, 0, 2, 0, 0, 0]"
3648,59.166.0.4,*,149.171.126.4,46326,*,*,*,"[0, 0, 0, 0, 0, 0, 0, 0, 0, 2, 0, 0, 0]"
3649,59.166.0.4,*,149.171.126.4,46967,*,*,*,"[0, 0, 0, 0, 0, 0, 0, 0, 0, 2, 0, 0, 0]"
3650,59.166.0.4,*,149.171.126.4,54587,*,*,*,"[0, 0, 0, 0, 0, 0, 0, 0, 0, 2, 0, 0, 0]"
3651,59.166.0.4,*,149.171.126.4,62821,*,*,*,"[0, 0, 0, 0, 0, 0, 0, 0, 0, 3, 0, 0, 0]"
3652,59.166.0.4,*,149.171.126.4,63656,*,*,*,"[0, 0, 0, 0, 0, 0, 0, 0, 0, 3, 0, 0, 0]"
3653,59.166.0.4,*,149.171.126.4,65504,*,*,*,"[0, 0, 0, 0, 0, 0, 0, 0, 0, 3, 0, 0, 0]"
3654,59.166.0.4,*,149.171.126.4,32991,*,*,*,"[0, 0, 0, 0, 0, 0, 0, 0, 0, 0, 2, 0, 0]"
3655,59.166.0.4,*,149.171.126.4,34316,*,*,*,"[0, 0, 0, 0, 0, 0, 0, 0, 0, 0, 2, 0, 0]"
3656,59.166.0.4,*,149.171.126.4,43493,*,*,*,"[0, 0, 0, 0, 0, 0, 0, 0, 0, 0, 2, 0, 0]"
3657,59.166.0.4,*,149.171.126.4,49991,*,*,*,"[0, 0, 0, 0, 0, 0, 0, 0, 0, 0, 2, 0, 0]"
3658,59.166.0.4,*,149.171.126.4,53517,*,*,*,"[0, 0, 0, 0, 0, 0, 0, 0, 0, 0, 2, 0, 0]"
3659,59.166.0.4,*,149.171.126.4,57668,*,*,*,"[0, 0, 0, 0, 0, 0, 0, 0, 0, 0, 2, 0, 0]"
3660,59.166.0.4,*,149.171.126.4,11513,*,*,*,"[0, 0, 0, 0, 0, 0, 0, 0, 0, 0, 0, 2, 0]"
3661,59.166.0.4,*,149.171.126.4,19056,*,*,*,"[0, 0, 0, 0, 0, 0, 0, 0, 0, 0, 0, 2, 0]"
3662,59.166.0.4,*,149.171.126.4,20919,*,*,*,"[0, 0, 0, 0, 0, 0, 0, 0, 0, 0, 0, 2, 0]"
3663,59.166.0.4,*,149.171.126.4,36239,*,*,*,"[0, 0, 0, 0, 0, 0, 0, 0, 0, 0, 0, 2, 0]"
3664,59.166.0.4,*,149.171.126.4,41227,*,*,*,"[0, 0, 0, 0, 0, 0, 0, 0, 0, 0, 0, 3, 0]"
3665,59.166.0.4,*,149.171.126.4,45717,*,*,*,"[0, 0, 0, 0, 0, 0, 0, 0, 0, 0, 0, 2, 0]"
3666,59.166.0.4,*,149.171.126.4,49502,*,*,*,"[0, 0, 0, 0, 0, 0, 0, 0, 0, 0, 0, 2, 0]"
3667,59.166.0.4,*,149.171.126.4,56614,*,*,*,"[0, 0, 0, 0, 0, 0, 0, 0, 0, 0, 0, 2, 0]"
3668,59.166.0.4,*,149.171.126.4,63238,*,*,*,"[0, 0, 0, 0, 0, 0, 0, 0, 0, 0, 0, 3, 0]"
3669,59.166.0.4,*,149.171.126.4,6786,*,*,*,"[0, 0, 0, 0, 0, 0, 0, 0, 0, 0, 0, 3, 0]"
3670,59.166.0.4,*,149.171.126.4,13839,*,*,*,"[0, 0, 0, 0, 0, 0, 0, 0, 0, 0, 0, 0, 4]"
3671,59.166.0.4,*,149.171.126.4,16398,*,*,*,"[0, 0, 0, 0, 0, 0, 0, 0, 0, 0, 0, 0, 2]"
3672,59.166.0.4,*,149.171.126.4,26866,*,*,*,"[0, 0, 0, 0, 0, 0, 0, 0, 0, 0, 0, 0, 4]"
3673,59.166.0.4,*,149.171.126.4,50688,*,*,*,"[0, 0, 0, 0, 0, 0, 0, 0, 0, 0, 0, 0, 4]"
3674,59.166.0.4,*,149.171.126.4,53740,*,*,*,"[0, 0, 0, 0, 0, 0, 0, 0, 0, 0, 0, 0, 2]"
3675,59.166.0.4,*,149.171.126.4,56959,*,*,*,"[0, 0, 0, 0, 0, 0, 0, 0, 0, 0, 0, 0, 2]"
3676,59.166.0.4,*,149.171.126.5,111,*,*,*,"[16, 10, 14, 14, 14, 13, 11, 5, 13, 15, 20, 10, 13]"
3677,59.166.0.4,*,149.171.126.5,143,*,*,*,"[11, 4, 11, 2, 8, 4, 10, 3, 5, 5, 5, 3, 6]"
3678,59.166.0.4,*,149.171.126.5,17087,*,*,*,"[3, 0, 0, 0, 0, 0, 0, 0, 0, 0, 0, 0, 0]"
3679,59.166.0.4,*,149.171.126.5,18023,*,*,*,"[2, 0, 0, 0, 0, 0, 0, 0, 0, 0, 0, 0, 0]"
3680,59.166.0.4,*,149.171.126.5,21,*,*,*,"[9, 8, 4, 9, 10, 6, 7, 4, 6, 6, 3, 3, 7]"
3681,59.166.0.4,*,149.171.126.5,22,*,*,*,"[8, 2, 11, 10, 14, 16, 2, 3, 4, 8, 4, 9, 9]"
3682,59.166.0.4,*,149.171.126.5,25,*,*,*,"[9, 12, 12, 9, 11, 14, 13, 7, 6, 12, 14, 8, 6]"
3683,59.166.0.4,*,149.171.126.5,27934,*,*,*,"[2, 0, 0, 0, 0, 0, 0, 0, 0, 0, 0, 0, 0]"
3684,59.166.0.4,*,149.171.126.5,32664,*,*,*,"[2, 0, 0, 0, 0, 0, 0, 0, 0, 0, 0, 0, 0]"
3685,59.166.0.4,*,149.171.126.5,35719,*,*,*,"[2, 0, 0, 0, 0, 0, 0, 0, 0, 0, 0, 0, 0]"
3686,59.166.0.4,*,149.171.126.5,42130,*,*,*,"[2, 0, 0, 0, 0, 0, 0, 0, 0, 0, 0, 0, 0]"
3687,59.166.0.4,*,149.171.126.5,45548,*,*,*,"[3, 0, 0, 0, 0, 0, 0, 0, 0, 0, 0, 0, 0]"
3688,59.166.0.4,*,149.171.126.5,4950,*,*,*,"[2, 0, 0, 0, 0, 0, 0, 0, 0, 0, 0, 0, 0]"
3689,59.166.0.4,*,149.171.126.5,5190,*,*,*,"[22, 36, 23, 8, 14, 15, 18, 14, 27, 22, 18, 15, 10]"
3690,59.166.0.4,*,149.171.126.5,52796,*,*,*,"[3, 0, 0, 0, 0, 0, 0, 0, 0, 0, 0, 0, 0]"
3691,59.166.0.4,*,149.171.126.5,53,*,*,*,"[58, 45, 58, 51, 66, 47, 47, 41, 59, 47, 67, 39, 55]"
3692,59.166.0.4,*,149.171.126.5,6881,*,*,*,"[6, 0, 18, 18, 0, 12, 57, 37, 18, 18, 36, 12, 66]"
3693,59.166.0.4,*,149.171.126.5,80,*,*,*,"[20, 27, 32, 26, 26, 29, 24, 24, 28, 23, 32, 17, 33]"
3694,59.166.0.4,*,149.171.126.5,14724,*,*,*,"[0, 3, 0, 0, 0, 0, 0, 0, 0, 0, 0, 0, 0]"
3695,59.166.0.4,*,149.171.126.5,31010,*,*,*,"[0, 3, 0, 0, 0, 0, 0, 0, 0, 0, 0, 0, 0]"
3696,59.166.0.4,*,149.171.126.5,43267,*,*,*,"[0, 2, 0, 0, 0, 0, 0, 0, 0, 0, 0, 0, 0]"
3697,59.166.0.4,*,149.171.126.5,49439,*,*,*,"[0, 3, 0, 0, 0, 0, 0, 0, 0, 0, 0, 0, 0]"
3698,59.166.0.4,*,149.171.126.5,57753,*,*,*,"[0, 2, 0, 0, 0, 0, 0, 0, 0, 0, 0, 0, 0]"
3699,59.166.0.4,*,149.171.126.5,61834,*,*,*,"[0, 2, 0, 0, 0, 0, 0, 0, 0, 0, 0, 0, 0]"
3700,59.166.0.4,*,149.171.126.5,14987,*,*,*,"[0, 0, 2, 0, 0, 0, 0, 0, 0, 0, 0, 0, 0]"
3701,59.166.0.4,*,149.171.126.5,2869,*,*,*,"[0, 0, 2, 0, 0, 0, 0, 0, 0, 0, 0, 0, 0]"
3702,59.166.0.4,*,149.171.126.5,3398,*,*,*,"[0, 0, 2, 0, 0, 0, 0, 0, 0, 0, 0, 0, 0]"
3703,59.166.0.4,*,149.171.126.5,56243,*,*,*,"[0, 0, 0, 0, 2, 0, 0, 0, 0, 0, 0, 0, 0]"
3704,59.166.0.4,*,149.171.126.5,11680,*,*,*,"[0, 0, 0, 3, 0, 0, 0, 0, 0, 0, 0, 0, 0]"
3705,59.166.0.4,*,149.171.126.5,20048,*,*,*,"[0, 0, 0, 2, 0, 0, 0, 0, 0, 0, 0, 0, 0]"
3706,59.166.0.4,*,149.171.126.5,30639,*,*,*,"[0, 0, 0, 2, 0, 0, 0, 0, 0, 0, 0, 0, 0]"
3707,59.166.0.4,*,149.171.126.5,32912,*,*,*,"[0, 0, 0, 3, 0, 0, 0, 0, 0, 0, 0, 0, 0]"
3708,59.166.0.4,*,149.171.126.5,40725,*,*,*,"[0, 0, 0, 0, 2, 0, 0, 0, 0, 0, 0, 0, 0]"
3709,59.166.0.4,*,149.171.126.5,44685,*,*,*,"[0, 0, 0, 3, 0, 0, 0, 0, 0, 0, 0, 0, 0]"
3710,59.166.0.4,*,149.171.126.5,54131,*,*,*,"[0, 0, 0, 2, 0, 0, 0, 0, 0, 0, 0, 0, 0]"
3711,59.166.0.4,*,149.171.126.5,57521,*,*,*,"[0, 0, 0, 2, 0, 0, 0, 0, 0, 0, 0, 0, 0]"
3712,59.166.0.4,*,149.171.126.5,57588,*,*,*,"[0, 0, 0, 2, 0, 0, 0, 0, 0, 0, 0, 0, 0]"
3713,59.166.0.4,*,149.171.126.5,58003,*,*,*,"[0, 0, 0, 2, 0, 0, 0, 0, 0, 0, 0, 0, 0]"
3714,59.166.0.4,*,149.171.126.5,60335,*,*,*,"[0, 0, 0, 0, 2, 0, 0, 0, 0, 0, 0, 0, 0]"
3715,59.166.0.4,*,149.171.126.5,11821,*,*,*,"[0, 0, 0, 0, 2, 0, 0, 0, 0, 0, 0, 0, 0]"
3716,59.166.0.4,*,149.171.126.5,12916,*,*,*,"[0, 0, 0, 0, 3, 0, 0, 0, 0, 0, 0, 0, 0]"
3717,59.166.0.4,*,149.171.126.5,15171,*,*,*,"[0, 0, 0, 0, 2, 0, 0, 0, 0, 0, 0, 0, 0]"
3718,59.166.0.4,*,149.171.126.5,17268,*,*,*,"[0, 0, 0, 0, 2, 0, 0, 0, 0, 0, 0, 0, 0]"
3719,59.166.0.4,*,149.171.126.5,29238,*,*,*,"[0, 0, 0, 0, 3, 0, 0, 0, 0, 0, 0, 0, 0]"
3720,59.166.0.4,*,149.171.126.5,33656,*,*,*,"[0, 0, 0, 0, 3, 0, 0, 0, 0, 0, 0, 0, 0]"
3721,59.166.0.4,*,149.171.126.5,12319,*,*,*,"[0, 0, 0, 0, 0, 2, 0, 0, 0, 0, 0, 0, 0]"
3722,59.166.0.4,*,149.171.126.5,24550,*,*,*,"[0, 0, 0, 0, 0, 2, 0, 0, 0, 0, 0, 0, 0]"
3723,59.166.0.4,*,149.171.126.5,25349,*,*,*,"[0, 0, 0, 0, 0, 2, 0, 0, 0, 0, 0, 0, 0]"
3724,59.166.0.4,*,149.171.126.5,38225,*,*,*,"[0, 0, 0, 0, 0, 2, 0, 0, 0, 0, 0, 0, 0]"
3725,59.166.0.4,*,149.171.126.5,42265,*,*,*,"[0, 0, 0, 0, 0, 2, 0, 0, 0, 0, 0, 0, 0]"
3726,59.166.0.4,*,149.171.126.5,52431,*,*,*,"[0, 0, 0, 0, 0, 2, 0, 0, 0, 0, 0, 0, 0]"
3727,59.166.0.4,*,149.171.126.5,15398,*,*,*,"[0, 0, 0, 0, 0, 0, 2, 0, 0, 0, 0, 0, 0]"
3728,59.166.0.4,*,149.171.126.5,26416,*,*,*,"[0, 0, 0, 0, 0, 0, 0, 2, 0, 0, 0, 0, 0]"
3729,59.166.0.4,*,149.171.126.5,31861,*,*,*,"[0, 0, 0, 0, 0, 0, 2, 0, 0, 0, 0, 0, 0]"
3730,59.166.0.4,*,149.171.126.5,32328,*,*,*,"[0, 0, 0, 0, 0, 0, 2, 0, 0, 0, 0, 0, 0]"
3731,59.166.0.4,*,149.171.126.5,44463,*,*,*,"[0, 0, 0, 0, 0, 0, 2, 0, 0, 0, 0, 0, 0]"
3732,59.166.0.4,*,149.171.126.5,46556,*,*,*,"[0, 0, 0, 0, 0, 0, 2, 0, 0, 0, 0, 0, 0]"
3733,59.166.0.4,*,149.171.126.5,54484,*,*,*,"[0, 0, 0, 0, 0, 0, 0, 2, 0, 0, 0, 0, 0]"
3734,59.166.0.4,*,149.171.126.5,60641,*,*,*,"[0, 0, 0, 0, 0, 0, 0, 2, 0, 0, 0, 0, 0]"
3735,59.166.0.4,*,149.171.126.5,9851,*,*,*,"[0, 0, 0, 0, 0, 0, 2, 0, 0, 0, 0, 0, 0]"
3736,59.166.0.4,*,149.171.126.5,22627,*,*,*,"[0, 0, 0, 0, 0, 0, 0, 0, 2, 0, 0, 0, 0]"
3737,59.166.0.4,*,149.171.126.5,4212,*,*,*,"[0, 0, 0, 0, 0, 0, 0, 0, 2, 0, 0, 0, 0]"
3738,59.166.0.4,*,149.171.126.5,8998,*,*,*,"[0, 0, 0, 0, 0, 0, 0, 0, 2, 0, 0, 0, 0]"
3739,59.166.0.4,*,149.171.126.5,22432,*,*,*,"[0, 0, 0, 0, 0, 0, 0, 0, 0, 3, 0, 0, 0]"
3740,59.166.0.4,*,149.171.126.5,46326,*,*,*,"[0, 0, 0, 0, 0, 0, 0, 0, 0, 3, 0, 0, 0]"
3741,59.166.0.4,*,149.171.126.5,46967,*,*,*,"[0, 0, 0, 0, 0, 0, 0, 0, 0, 3, 0, 0, 0]"
3742,59.166.0.4,*,149.171.126.5,13761,*,*,*,"[0, 0, 0, 0, 0, 0, 0, 0, 0, 0, 2, 0, 0]"
3743,59.166.0.4,*,149.171.126.5,31484,*,*,*,"[0, 0, 0, 0, 0, 0, 0, 0, 0, 0, 2, 0, 0]"
3744,59.166.0.4,*,149.171.126.5,38033,*,*,*,"[0, 0, 0, 0, 0, 0, 0, 0, 0, 0, 2, 0, 0]"
3745,59.166.0.4,*,149.171.126.5,11513,*,*,*,"[0, 0, 0, 0, 0, 0, 0, 0, 0, 0, 0, 2, 0]"
3746,59.166.0.4,*,149.171.126.5,19056,*,*,*,"[0, 0, 0, 0, 0, 0, 0, 0, 0, 0, 0, 2, 0]"
3747,59.166.0.4,*,149.171.126.5,55792,*,*,*,"[0, 0, 0, 0, 0, 0, 0, 0, 0, 0, 0, 2, 0]"
3748,59.166.0.4,*,149.171.126.5,56614,*,*,*,"[0, 0, 0, 0, 0, 0, 0, 0, 0, 0, 0, 2, 0]"
3749,59.166.0.4,*,149.171.126.5,13839,*,*,*,"[0, 0, 0, 0, 0, 0, 0, 0, 0, 0, 0, 0, 2]"
3750,59.166.0.4,*,149.171.126.5,16398,*,*,*,"[0, 0, 0, 0, 0, 0, 0, 0, 0, 0, 0, 0, 2]"
3751,59.166.0.4,*,149.171.126.5,26866,*,*,*,"[0, 0, 0, 0, 0, 0, 0, 0, 0, 0, 0, 0, 2]"
3752,59.166.0.4,*,149.171.126.5,50688,*,*,*,"[0, 0, 0, 0, 0, 0, 0, 0, 0, 0, 0, 0, 2]"
3753,59.166.0.4,*,149.171.126.5,53740,*,*,*,"[0, 0, 0, 0, 0, 0, 0, 0, 0, 0, 0, 0, 2]"
3754,59.166.0.4,*,149.171.126.5,56959,*,*,*,"[0, 0, 0, 0, 0, 0, 0, 0, 0, 0, 0, 0, 2]"
3755,59.166.0.4,*,149.171.126.6,111,*,*,*,"[11, 12, 12, 7, 12, 14, 9, 9, 15, 8, 15, 15, 7]"
3756,59.166.0.4,*,149.171.126.6,11399,*,*,*,"[2, 0, 0, 0, 0, 0, 0, 0, 0, 0, 0, 0, 0]"
3757,59.166.0.4,*,149.171.126.6,143,*,*,*,"[5, 8, 6, 6, 9, 2, 4, 9, 5, 5, 7, 8, 4]"
3758,59.166.0.4,*,149.171.126.6,21,*,*,*,"[7, 8, 7, 5, 8, 10, 4, 9, 11, 8, 3, 7, 5]"
3759,59.166.0.4,*,149.171.126.6,22,*,*,*,"[2, 4, 10, 16, 14, 5, 3, 0, 6, 8, 2, 7, 7]"
3760,59.166.0.4,*,149.171.126.6,25,*,*,*,"[14, 9, 15, 16, 5, 12, 13, 8, 15, 10, 13, 12, 13]"
3761,59.166.0.4,*,149.171.126.6,26143,*,*,*,"[2, 0, 0, 0, 0, 0, 0, 0, 0, 0, 0, 0, 0]"
3762,59.166.0.4,*,149.171.126.6,5190,*,*,*,"[18, 26, 15, 7, 12, 20, 13, 12, 16, 31, 20, 13, 9]"
3763,59.166.0.4,*,149.171.126.6,52294,*,*,*,"[2, 0, 0, 0, 0, 0, 0, 0, 0, 0, 0, 0, 0]"
3764,59.166.0.4,*,149.171.126.6,53,*,*,*,"[49, 55, 49, 48, 48, 58, 46, 35, 57, 55, 54, 63, 49]"
3765,59.166.0.4,*,149.171.126.6,6881,*,*,*,"[6, 6, 6, 36, 24, 12, 31, 30, 24, 12, 6, 7, 37]"
3766,59.166.0.4,*,149.171.126.6,80,*,*,*,"[33, 20, 28, 27, 23, 26, 31, 27, 23, 25, 30, 23, 32]"
3767,59.166.0.4,*,149.171.126.6,10198,*,*,*,"[0, 0, 0, 0, 0, 0, 0, 0, 3, 0, 0, 0, 0]"
3768,59.166.0.4,*,149.171.126.6,14724,*,*,*,"[0, 2, 0, 0, 0, 0, 0, 0, 0, 0, 0, 0, 0]"
3769,59.166.0.4,*,149.171.126.6,17751,*,*,*,"[0, 0, 2, 0, 0, 0, 0, 0, 0, 0, 0, 0, 0]"
3770,59.166.0.4,*,149.171.126.6,3062,*,*,*,"[0, 3, 0, 0, 0, 0, 0, 0, 0, 0, 0, 0, 0]"
3771,59.166.0.4,*,149.171.126.6,31010,*,*,*,"[0, 2, 0, 0, 0, 0, 0, 0, 0, 0, 0, 0, 0]"
3772,59.166.0.4,*,149.171.126.6,34463,*,*,*,"[0, 3, 0, 0, 0, 0, 0, 0, 0, 0, 0, 0, 0]"
3773,59.166.0.4,*,149.171.126.6,38395,*,*,*,"[0, 3, 0, 0, 0, 0, 0, 0, 0, 0, 0, 0, 0]"
3774,59.166.0.4,*,149.171.126.6,49439,*,*,*,"[0, 2, 0, 0, 0, 0, 0, 0, 0, 0, 0, 0, 0]"
3775,59.166.0.4,*,149.171.126.6,7644,*,*,*,"[0, 0, 2, 0, 0, 0, 0, 0, 0, 0, 0, 0, 0]"
3776,59.166.0.4,*,149.171.126.6,9620,*,*,*,"[0, 0, 2, 0, 0, 0, 0, 0, 0, 0, 0, 0, 0]"
3777,59.166.0.4,*,149.171.126.6,1254,*,*,*,"[0, 0, 2, 0, 0, 0, 0, 0, 0, 0, 0, 0, 0]"
3778,59.166.0.4,*,149.171.126.6,30639,*,*,*,"[0, 0, 0, 2, 0, 0, 0, 0, 0, 0, 0, 0, 0]"
3779,59.166.0.4,*,149.171.126.6,34154,*,*,*,"[0, 0, 2, 0, 0, 0, 0, 0, 0, 0, 0, 0, 0]"
3780,59.166.0.4,*,149.171.126.6,57588,*,*,*,"[0, 0, 0, 2, 0, 0, 0, 0, 0, 0, 0, 0, 0]"
3781,59.166.0.4,*,149.171.126.6,58003,*,*,*,"[0, 0, 0, 2, 0, 0, 0, 0, 0, 0, 0, 0, 0]"
3782,59.166.0.4,*,149.171.126.6,61745,*,*,*,"[0, 0, 2, 0, 0, 0, 0, 0, 0, 0, 0, 0, 0]"
3783,59.166.0.4,*,149.171.126.6,11680,*,*,*,"[0, 0, 0, 2, 0, 0, 0, 0, 0, 0, 0, 0, 0]"
3784,59.166.0.4,*,149.171.126.6,32912,*,*,*,"[0, 0, 0, 2, 0, 0, 0, 0, 0, 0, 0, 0, 0]"
3785,59.166.0.4,*,149.171.126.6,44685,*,*,*,"[0, 0, 0, 2, 0, 0, 0, 0, 0, 0, 0, 0, 0]"
3786,59.166.0.4,*,149.171.126.6,53160,*,*,*,"[0, 0, 0, 2, 0, 0, 0, 0, 0, 0, 0, 0, 0]"
3787,59.166.0.4,*,149.171.126.6,12319,*,*,*,"[0, 0, 0, 0, 2, 0, 0, 0, 0, 0, 0, 0, 0]"
3788,59.166.0.4,*,149.171.126.6,24550,*,*,*,"[0, 0, 0, 0, 2, 0, 0, 0, 0, 0, 0, 0, 0]"
3789,59.166.0.4,*,149.171.126.6,26373,*,*,*,"[0, 0, 0, 0, 0, 3, 0, 0, 0, 0, 0, 0, 0]"
3790,59.166.0.4,*,149.171.126.6,36222,*,*,*,"[0, 0, 0, 0, 3, 0, 0, 0, 0, 0, 0, 0, 0]"
3791,59.166.0.4,*,149.171.126.6,40239,*,*,*,"[0, 0, 0, 0, 0, 3, 0, 0, 0, 0, 0, 0, 0]"
3792,59.166.0.4,*,149.171.126.6,42265,*,*,*,"[0, 0, 0, 0, 2, 0, 0, 0, 0, 0, 0, 0, 0]"
3793,59.166.0.4,*,149.171.126.6,5131,*,*,*,"[0, 0, 0, 0, 3, 0, 0, 0, 0, 0, 0, 0, 0]"
3794,59.166.0.4,*,149.171.126.6,56995,*,*,*,"[0, 0, 0, 0, 3, 0, 0, 0, 0, 0, 0, 0, 0]"
3795,59.166.0.4,*,149.171.126.6,6517,*,*,*,"[0, 0, 0, 0, 0, 3, 0, 0, 0, 0, 0, 0, 0]"
3796,59.166.0.4,*,149.171.126.6,18292,*,*,*,"[0, 0, 0, 0, 0, 3, 0, 0, 0, 0, 0, 0, 0]"
3797,59.166.0.4,*,149.171.126.6,18741,*,*,*,"[0, 0, 0, 0, 0, 3, 0, 0, 0, 0, 0, 0, 0]"
3798,59.166.0.4,*,149.171.126.6,28875,*,*,*,"[0, 0, 0, 0, 0, 3, 0, 0, 0, 0, 0, 0, 0]"
3799,59.166.0.4,*,149.171.126.6,43825,*,*,*,"[0, 0, 0, 0, 0, 3, 0, 0, 0, 0, 0, 0, 0]"
3800,59.166.0.4,*,149.171.126.6,50827,*,*,*,"[0, 0, 0, 0, 0, 3, 0, 0, 0, 0, 0, 0, 0]"
3801,59.166.0.4,*,149.171.126.6,60894,*,*,*,"[0, 0, 0, 0, 0, 3, 0, 0, 0, 0, 0, 0, 0]"
3802,59.166.0.4,*,149.171.126.6,9727,*,*,*,"[0, 0, 0, 0, 0, 2, 0, 0, 0, 0, 0, 0, 0]"
3803,59.166.0.4,*,149.171.126.6,15398,*,*,*,"[0, 0, 0, 0, 0, 0, 2, 0, 0, 0, 0, 0, 0]"
3804,59.166.0.4,*,149.171.126.6,32328,*,*,*,"[0, 0, 0, 0, 0, 0, 2, 0, 0, 0, 0, 0, 0]"
3805,59.166.0.4,*,149.171.126.6,9851,*,*,*,"[0, 0, 0, 0, 0, 0, 2, 0, 0, 0, 0, 0, 0]"
3806,59.166.0.4,*,149.171.126.6,13582,*,*,*,"[0, 0, 0, 0, 0, 0, 0, 2, 0, 0, 0, 0, 0]"
3807,59.166.0.4,*,149.171.126.6,26416,*,*,*,"[0, 0, 0, 0, 0, 0, 0, 2, 0, 0, 0, 0, 0]"
3808,59.166.0.4,*,149.171.126.6,54475,*,*,*,"[0, 0, 0, 0, 0, 0, 0, 2, 0, 0, 0, 0, 0]"
3809,59.166.0.4,*,149.171.126.6,54484,*,*,*,"[0, 0, 0, 0, 0, 0, 0, 2, 0, 0, 0, 0, 0]"
3810,59.166.0.4,*,149.171.126.6,55348,*,*,*,"[0, 0, 0, 0, 0, 0, 0, 2, 0, 0, 0, 0, 0]"
3811,59.166.0.4,*,149.171.126.6,60641,*,*,*,"[0, 0, 0, 0, 0, 0, 0, 2, 0, 0, 0, 0, 0]"
3812,59.166.0.4,*,149.171.126.6,62964,*,*,*,"[0, 0, 0, 0, 0, 0, 0, 2, 0, 0, 0, 0, 0]"
3813,59.166.0.4,*,149.171.126.6,64665,*,*,*,"[0, 0, 0, 0, 0, 0, 0, 2, 0, 0, 0, 0, 0]"
3814,59.166.0.4,*,149.171.126.6,65009,*,*,*,"[0, 0, 0, 0, 0, 0, 0, 2, 0, 0, 0, 0, 0]"
3815,59.166.0.4,*,149.171.126.6,22627,*,*,*,"[0, 0, 0, 0, 0, 0, 0, 0, 4, 0, 0, 0, 0]"
3816,59.166.0.4,*,149.171.126.6,24196,*,*,*,"[0, 0, 0, 0, 0, 0, 0, 0, 3, 0, 0, 0, 0]"
3817,59.166.0.4,*,149.171.126.6,35231,*,*,*,"[0, 0, 0, 0, 0, 0, 0, 0, 3, 0, 0, 0, 0]"
3818,59.166.0.4,*,149.171.126.6,36106,*,*,*,"[0, 0, 0, 0, 0, 0, 0, 0, 3, 0, 0, 0, 0]"
3819,59.166.0.4,*,149.171.126.6,37612,*,*,*,"[0, 0, 0, 0, 0, 0, 0, 0, 3, 0, 0, 0, 0]"
3820,59.166.0.4,*,149.171.126.6,4212,*,*,*,"[0, 0, 0, 0, 0, 0, 0, 0, 4, 0, 0, 0, 0]"
3821,59.166.0.4,*,149.171.126.6,56854,*,*,*,"[0, 0, 0, 0, 0, 0, 0, 0, 3, 0, 0, 0, 0]"
3822,59.166.0.4,*,149.171.126.6,8998,*,*,*,"[0, 0, 0, 0, 0, 0, 0, 0, 4, 0, 0, 0, 0]"
3823,59.166.0.4,*,149.171.126.6,23937,*,*,*,"[0, 0, 0, 0, 0, 0, 0, 0, 0, 3, 0, 0, 0]"
3824,59.166.0.4,*,149.171.126.6,38936,*,*,*,"[0, 0, 0, 0, 0, 0, 0, 0, 0, 3, 0, 0, 0]"
3825,59.166.0.4,*,149.171.126.6,52561,*,*,*,"[0, 0, 0, 0, 0, 0, 0, 0, 0, 3, 0, 0, 0]"
3826,59.166.0.4,*,149.171.126.6,62821,*,*,*,"[0, 0, 0, 0, 0, 0, 0, 0, 0, 2, 0, 0, 0]"
3827,59.166.0.4,*,149.171.126.6,63656,*,*,*,"[0, 0, 0, 0, 0, 0, 0, 0, 0, 2, 0, 0, 0]"
3828,59.166.0.4,*,149.171.126.6,65504,*,*,*,"[0, 0, 0, 0, 0, 0, 0, 0, 0, 2, 0, 0, 0]"
3829,59.166.0.4,*,149.171.126.6,11513,*,*,*,"[0, 0, 0, 0, 0, 0, 0, 0, 0, 0, 0, 2, 0]"
3830,59.166.0.4,*,149.171.126.6,19056,*,*,*,"[0, 0, 0, 0, 0, 0, 0, 0, 0, 0, 0, 2, 0]"
3831,59.166.0.4,*,149.171.126.6,25974,*,*,*,"[0, 0, 0, 0, 0, 0, 0, 0, 0, 0, 0, 2, 0]"
3832,59.166.0.4,*,149.171.126.6,36781,*,*,*,"[0, 0, 0, 0, 0, 0, 0, 0, 0, 0, 0, 2, 0]"
3833,59.166.0.4,*,149.171.126.6,56614,*,*,*,"[0, 0, 0, 0, 0, 0, 0, 0, 0, 0, 0, 2, 0]"
3834,59.166.0.4,*,149.171.126.6,56852,*,*,*,"[0, 0, 0, 0, 0, 0, 0, 0, 0, 0, 0, 2, 0]"
3835,59.166.0.4,*,149.171.126.7,111,*,*,*,"[8, 18, 6, 8, 8, 8, 15, 12, 12, 7, 7, 10, 16]"
3836,59.166.0.4,*,149.171.126.7,143,*,*,*,"[7, 2, 6, 2, 5, 2, 4, 4, 10, 5, 11, 13, 11]"
3837,59.166.0.4,*,149.171.126.7,21,*,*,*,"[5, 10, 7, 9, 7, 7, 4, 5, 9, 3, 2, 3, 2]"
3838,59.166.0.4,*,149.171.126.7,22,*,*,*,"[2, 9, 7, 4, 8, 8, 4, 3, 6, 4, 9, 13, 6]"
3839,59.166.0.4,*,149.171.126.7,25,*,*,*,"[17, 14, 11, 10, 17, 6, 5, 11, 14, 11, 14, 12, 9]"
3840,59.166.0.4,*,149.171.126.7,5190,*,*,*,"[14, 25, 15, 16, 12, 17, 24, 4, 14, 21, 19, 10, 19]"
3841,59.166.0.4,*,149.171.126.7,53,*,*,*,"[75, 59, 51, 46, 42, 48, 52, 43, 59, 51, 50, 44, 51]"
3842,59.166.0.4,*,149.171.126.7,6881,*,*,*,"[30, 6, 12, 66, 30, 6, 54, 31, 6, 0, 18, 13, 42]"
3843,59.166.0.4,*,149.171.126.7,80,*,*,*,"[40, 25, 33, 26, 31, 20, 25, 23, 34, 27, 21, 34, 24]"
3844,59.166.0.4,*,149.171.126.7,15843,*,*,*,"[0, 4, 0, 0, 0, 0, 0, 0, 0, 0, 0, 0, 0]"
3845,59.166.0.4,*,149.171.126.7,3062,*,*,*,"[0, 2, 0, 0, 0, 0, 0, 0, 0, 0, 0, 0, 0]"
3846,59.166.0.4,*,149.171.126.7,34463,*,*,*,"[0, 2, 0, 0, 0, 0, 0, 0, 0, 0, 0, 0, 0]"
3847,59.166.0.4,*,149.171.126.7,38395,*,*,*,"[0, 2, 0, 0, 0, 0, 0, 0, 0, 0, 0, 0, 0]"
3848,59.166.0.4,*,149.171.126.7,43267,*,*,*,"[0, 2, 0, 0, 0, 0, 0, 0, 0, 0, 0, 0, 0]"
3849,59.166.0.4,*,149.171.126.7,49198,*,*,*,"[0, 4, 0, 0, 0, 0, 0, 0, 0, 0, 0, 0, 0]"
3850,59.166.0.4,*,149.171.126.7,54867,*,*,*,"[0, 4, 0, 0, 0, 0, 0, 0, 0, 0, 0, 0, 0]"
3851,59.166.0.4,*,149.171.126.7,57753,*,*,*,"[0, 2, 0, 0, 0, 0, 0, 0, 0, 0, 0, 0, 0]"
3852,59.166.0.4,*,149.171.126.7,61834,*,*,*,"[0, 2, 0, 0, 0, 0, 0, 0, 0, 0, 0, 0, 0]"
3853,59.166.0.4,*,149.171.126.7,14987,*,*,*,"[0, 0, 2, 0, 0, 0, 0, 0, 0, 0, 0, 0, 0]"
3854,59.166.0.4,*,149.171.126.7,2869,*,*,*,"[0, 0, 2, 0, 0, 0, 0, 0, 0, 0, 0, 0, 0]"
3855,59.166.0.4,*,149.171.126.7,30639,*,*,*,"[0, 0, 2, 3, 0, 0, 0, 0, 0, 0, 0, 0, 0]"
3856,59.166.0.4,*,149.171.126.7,3398,*,*,*,"[0, 0, 2, 0, 0, 0, 0, 0, 0, 0, 0, 0, 0]"
3857,59.166.0.4,*,149.171.126.7,57588,*,*,*,"[0, 0, 2, 3, 0, 0, 0, 0, 0, 0, 0, 0, 0]"
3858,59.166.0.4,*,149.171.126.7,58003,*,*,*,"[0, 0, 2, 3, 0, 0, 0, 0, 0, 0, 0, 0, 0]"
3859,59.166.0.4,*,149.171.126.7,10589,*,*,*,"[0, 0, 0, 2, 0, 0, 0, 0, 0, 0, 0, 0, 0]"
3860,59.166.0.4,*,149.171.126.7,1397,*,*,*,"[0, 0, 0, 2, 0, 0, 0, 0, 0, 0, 0, 0, 0]"
3861,59.166.0.4,*,149.171.126.7,21831,*,*,*,"[0, 0, 0, 2, 0, 0, 0, 0, 0, 0, 0, 0, 0]"
3862,59.166.0.4,*,149.171.126.7,30906,*,*,*,"[0, 0, 0, 2, 0, 0, 0, 0, 0, 0, 0, 0, 0]"
3863,59.166.0.4,*,149.171.126.7,45133,*,*,*,"[0, 0, 0, 2, 0, 0, 0, 0, 0, 0, 0, 0, 0]"
3864,59.166.0.4,*,149.171.126.7,46019,*,*,*,"[0, 0, 0, 2, 0, 0, 0, 0, 0, 0, 0, 0, 0]"
3865,59.166.0.4,*,149.171.126.7,12319,*,*,*,"[0, 0, 0, 0, 0, 2, 0, 0, 0, 0, 0, 0, 0]"
3866,59.166.0.4,*,149.171.126.7,12916,*,*,*,"[0, 0, 0, 0, 3, 0, 0, 0, 0, 0, 0, 0, 0]"
3867,59.166.0.4,*,149.171.126.7,24550,*,*,*,"[0, 0, 0, 0, 0, 2, 0, 0, 0, 0, 0, 0, 0]"
3868,59.166.0.4,*,149.171.126.7,29238,*,*,*,"[0, 0, 0, 0, 3, 0, 0, 0, 0, 0, 0, 0, 0]"
3869,59.166.0.4,*,149.171.126.7,33656,*,*,*,"[0, 0, 0, 0, 3, 0, 0, 0, 0, 0, 0, 0, 0]"
3870,59.166.0.4,*,149.171.126.7,42265,*,*,*,"[0, 0, 0, 0, 0, 2, 0, 0, 0, 0, 0, 0, 0]"
3871,59.166.0.4,*,149.171.126.7,15489,*,*,*,"[0, 0, 0, 0, 0, 3, 0, 0, 0, 0, 0, 0, 0]"
3872,59.166.0.4,*,149.171.126.7,34138,*,*,*,"[0, 0, 0, 0, 0, 3, 0, 0, 0, 0, 0, 0, 0]"
3873,59.166.0.4,*,149.171.126.7,42523,*,*,*,"[0, 0, 0, 0, 0, 3, 0, 0, 0, 0, 0, 0, 0]"
3874,59.166.0.4,*,149.171.126.7,17562,*,*,*,"[0, 0, 0, 0, 0, 0, 0, 3, 0, 0, 0, 0, 0]"
3875,59.166.0.4,*,149.171.126.7,58238,*,*,*,"[0, 0, 0, 0, 0, 0, 0, 3, 0, 0, 0, 0, 0]"
3876,59.166.0.4,*,149.171.126.7,63870,*,*,*,"[0, 0, 0, 0, 0, 0, 0, 3, 0, 0, 0, 0, 0]"
3877,59.166.0.4,*,149.171.126.7,10198,*,*,*,"[0, 0, 0, 0, 0, 0, 0, 0, 3, 0, 0, 0, 0]"
3878,59.166.0.4,*,149.171.126.7,11460,*,*,*,"[0, 0, 0, 0, 0, 0, 0, 0, 3, 0, 0, 0, 0]"
3879,59.166.0.4,*,149.171.126.7,13455,*,*,*,"[0, 0, 0, 0, 0, 0, 0, 0, 3, 0, 0, 0, 0]"
3880,59.166.0.4,*,149.171.126.7,22627,*,*,*,"[0, 0, 0, 0, 0, 0, 0, 0, 2, 0, 0, 0, 0]"
3881,59.166.0.4,*,149.171.126.7,24196,*,*,*,"[0, 0, 0, 0, 0, 0, 0, 0, 3, 0, 0, 0, 0]"
3882,59.166.0.4,*,149.171.126.7,26631,*,*,*,"[0, 0, 0, 0, 0, 0, 0, 0, 3, 0, 0, 0, 0]"
3883,59.166.0.4,*,149.171.126.7,35231,*,*,*,"[0, 0, 0, 0, 0, 0, 0, 0, 3, 0, 0, 0, 0]"
3884,59.166.0.4,*,149.171.126.7,4212,*,*,*,"[0, 0, 0, 0, 0, 0, 0, 0, 2, 0, 0, 0, 0]"
3885,59.166.0.4,*,149.171.126.7,8998,*,*,*,"[0, 0, 0, 0, 0, 0, 0, 0, 2, 0, 0, 0, 0]"
3886,59.166.0.4,*,149.171.126.8,111,*,*,*,"[18, 18, 10, 13, 7, 11, 6, 6, 9, 9, 9, 5, 12]"
3887,59.166.0.4,*,149.171.126.8,143,*,*,*,"[10, 6, 6, 7, 7, 6, 6, 7, 10, 4, 11, 5, 5]"
3888,59.166.0.4,*,149.171.126.8,17087,*,*,*,"[2, 0, 0, 0, 0, 0, 0, 0, 0, 0, 0, 0, 0]"
3889,59.166.0.4,*,149.171.126.8,18023,*,*,*,"[2, 0, 0, 0, 0, 0, 0, 0, 0, 0, 0, 0, 0]"
3890,59.166.0.4,*,149.171.126.8,21,*,*,*,"[8, 8, 7, 4, 4, 8, 3, 3, 12, 9, 5, 6, 4]"
3891,59.166.0.4,*,149.171.126.8,22,*,*,*,"[2, 9, 5, 8, 11, 8, 0, 0, 4, 7, 4, 14, 8]"
3892,59.166.0.4,*,149.171.126.8,25,*,*,*,"[6, 5, 11, 16, 9, 13, 6, 9, 10, 10, 12, 12, 10]"
3893,59.166.0.4,*,149.171.126.8,27934,*,*,*,"[3, 0, 0, 0, 0, 0, 0, 0, 0, 0, 0, 0, 0]"
3894,59.166.0.4,*,149.171.126.8,32664,*,*,*,"[2, 0, 0, 0, 0, 0, 0, 0, 0, 0, 0, 0, 0]"
3895,59.166.0.4,*,149.171.126.8,35719,*,*,*,"[3, 0, 0, 0, 0, 0, 0, 0, 0, 0, 0, 0, 0]"
3896,59.166.0.4,*,149.171.126.8,42130,*,*,*,"[3, 0, 0, 0, 0, 0, 0, 0, 0, 0, 0, 0, 0]"
3897,59.166.0.4,*,149.171.126.8,45548,*,*,*,"[2, 0, 0, 0, 0, 0, 0, 0, 0, 0, 0, 0, 0]"
3898,59.166.0.4,*,149.171.126.8,4950,*,*,*,"[2, 0, 0, 0, 0, 0, 0, 0, 0, 0, 0, 0, 0]"
3899,59.166.0.4,*,149.171.126.8,5190,*,*,*,"[22, 28, 20, 12, 18, 17, 19, 7, 16, 13, 13, 13, 24]"
3900,59.166.0.4,*,149.171.126.8,52796,*,*,*,"[2, 0, 0, 0, 0, 0, 0, 0, 0, 0, 0, 0, 0]"
3901,59.166.0.4,*,149.171.126.8,53,*,*,*,"[57, 48, 59, 54, 37, 46, 67, 41, 50, 51, 47, 66, 53]"
3902,59.166.0.4,*,149.171.126.8,6881,*,*,*,"[6, 6, 6, 36, 6, 6, 60, 36, 18, 18, 0, 0, 12]"
3903,59.166.0.4,*,149.171.126.8,80,*,*,*,"[27, 28, 21, 36, 21, 27, 23, 23, 36, 34, 16, 35, 29]"
3904,59.166.0.4,*,149.171.126.8,13142,*,*,*,"[0, 2, 0, 0, 0, 0, 0, 0, 0, 0, 0, 0, 0]"
3905,59.166.0.4,*,149.171.126.8,15843,*,*,*,"[0, 3, 0, 0, 0, 0, 0, 0, 0, 0, 0, 0, 0]"
3906,59.166.0.4,*,149.171.126.8,27976,*,*,*,"[0, 2, 0, 0, 0, 0, 0, 0, 0, 0, 0, 0, 0]"
3907,59.166.0.4,*,149.171.126.8,35397,*,*,*,"[0, 2, 0, 0, 0, 0, 0, 0, 0, 0, 0, 0, 0]"
3908,59.166.0.4,*,149.171.126.8,43267,*,*,*,"[0, 2, 0, 0, 0, 0, 0, 0, 0, 0, 0, 0, 0]"
3909,59.166.0.4,*,149.171.126.8,49198,*,*,*,"[0, 3, 0, 0, 0, 0, 0, 0, 0, 0, 0, 0, 0]"
3910,59.166.0.4,*,149.171.126.8,54867,*,*,*,"[0, 3, 0, 0, 0, 0, 0, 0, 0, 0, 0, 0, 0]"
3911,59.166.0.4,*,149.171.126.8,57753,*,*,*,"[0, 2, 0, 0, 0, 0, 0, 0, 0, 0, 0, 0, 0]"
3912,59.166.0.4,*,149.171.126.8,61834,*,*,*,"[0, 2, 0, 0, 0, 0, 0, 0, 0, 0, 0, 0, 0]"
3913,59.166.0.4,*,149.171.126.8,1254,*,*,*,"[0, 0, 2, 0, 0, 0, 0, 0, 0, 0, 0, 0, 0]"
3914,59.166.0.4,*,149.171.126.8,34154,*,*,*,"[0, 0, 2, 0, 0, 0, 0, 0, 0, 0, 0, 0, 0]"
3915,59.166.0.4,*,149.171.126.8,61745,*,*,*,"[0, 0, 2, 0, 0, 0, 0, 0, 0, 0, 0, 0, 0]"
3916,59.166.0.4,*,149.171.126.8,1397,*,*,*,"[0, 0, 0, 2, 0, 0, 0, 0, 0, 0, 0, 0, 0]"
3917,59.166.0.4,*,149.171.126.8,21831,*,*,*,"[0, 0, 0, 2, 0, 0, 0, 0, 0, 0, 0, 0, 0]"
3918,59.166.0.4,*,149.171.126.8,45133,*,*,*,"[0, 0, 0, 2, 0, 0, 0, 0, 0, 0, 0, 0, 0]"
3919,59.166.0.4,*,149.171.126.8,11821,*,*,*,"[0, 0, 0, 0, 2, 0, 0, 0, 0, 0, 0, 0, 0]"
3920,59.166.0.4,*,149.171.126.8,15171,*,*,*,"[0, 0, 0, 0, 2, 0, 0, 0, 0, 0, 0, 0, 0]"
3921,59.166.0.4,*,149.171.126.8,17268,*,*,*,"[0, 0, 0, 0, 2, 0, 0, 0, 0, 0, 0, 0, 0]"
3922,59.166.0.4,*,149.171.126.8,18292,*,*,*,"[0, 0, 0, 0, 0, 2, 0, 0, 0, 0, 0, 0, 0]"
3923,59.166.0.4,*,149.171.126.8,18741,*,*,*,"[0, 0, 0, 0, 0, 2, 0, 0, 0, 0, 0, 0, 0]"
3924,59.166.0.4,*,149.171.126.8,28875,*,*,*,"[0, 0, 0, 0, 0, 2, 0, 0, 0, 0, 0, 0, 0]"
3925,59.166.0.4,*,149.171.126.8,43825,*,*,*,"[0, 0, 0, 0, 0, 2, 0, 0, 0, 0, 0, 0, 0]"
3926,59.166.0.4,*,149.171.126.8,50827,*,*,*,"[0, 0, 0, 0, 0, 2, 0, 0, 0, 0, 0, 0, 0]"
3927,59.166.0.4,*,149.171.126.8,60894,*,*,*,"[0, 0, 0, 0, 0, 2, 0, 0, 0, 0, 0, 0, 0]"
3928,59.166.0.4,*,149.171.126.8,21049,*,*,*,"[0, 0, 0, 0, 0, 0, 2, 0, 0, 0, 0, 0, 0]"
3929,59.166.0.4,*,149.171.126.8,35856,*,*,*,"[0, 0, 0, 0, 0, 0, 2, 0, 0, 0, 0, 0, 0]"
3930,59.166.0.4,*,149.171.126.8,49483,*,*,*,"[0, 0, 0, 0, 0, 0, 2, 0, 0, 0, 0, 0, 0]"
3931,59.166.0.4,*,149.171.126.8,17562,*,*,*,"[0, 0, 0, 0, 0, 0, 0, 3, 0, 0, 0, 0, 0]"
3932,59.166.0.4,*,149.171.126.8,58238,*,*,*,"[0, 0, 0, 0, 0, 0, 0, 3, 0, 0, 0, 0, 0]"
3933,59.166.0.4,*,149.171.126.8,63870,*,*,*,"[0, 0, 0, 0, 0, 0, 0, 3, 0, 0, 0, 0, 0]"
3934,59.166.0.4,*,149.171.126.8,10198,*,*,*,"[0, 0, 0, 0, 0, 0, 0, 0, 3, 0, 0, 0, 0]"
3935,59.166.0.4,*,149.171.126.8,10397,*,*,*,"[0, 0, 0, 0, 0, 0, 0, 0, 2, 0, 0, 0, 0]"
3936,59.166.0.4,*,149.171.126.8,11460,*,*,*,"[0, 0, 0, 0, 0, 0, 0, 0, 2, 0, 0, 0, 0]"
3937,59.166.0.4,*,149.171.126.8,13455,*,*,*,"[0, 0, 0, 0, 0, 0, 0, 0, 2, 0, 0, 0, 0]"
3938,59.166.0.4,*,149.171.126.8,24196,*,*,*,"[0, 0, 0, 0, 0, 0, 0, 0, 3, 0, 0, 0, 0]"
3939,59.166.0.4,*,149.171.126.8,26631,*,*,*,"[0, 0, 0, 0, 0, 0, 0, 0, 2, 0, 0, 0, 0]"
3940,59.166.0.4,*,149.171.126.8,35231,*,*,*,"[0, 0, 0, 0, 0, 0, 0, 0, 3, 0, 0, 0, 0]"
3941,59.166.0.4,*,149.171.126.8,36106,*,*,*,"[0, 0, 0, 0, 0, 0, 0, 0, 3, 0, 0, 0, 0]"
3942,59.166.0.4,*,149.171.126.8,37612,*,*,*,"[0, 0, 0, 0, 0, 0, 0, 0, 3, 0, 0, 0, 0]"
3943,59.166.0.4,*,149.171.126.8,44321,*,*,*,"[0, 0, 0, 0, 0, 0, 0, 0, 2, 0, 0, 0, 0]"
3944,59.166.0.4,*,149.171.126.8,56658,*,*,*,"[0, 0, 0, 0, 0, 0, 0, 0, 2, 0, 0, 0, 0]"
3945,59.166.0.4,*,149.171.126.8,56854,*,*,*,"[0, 0, 0, 0, 0, 0, 0, 0, 3, 0, 0, 0, 0]"
3946,59.166.0.4,*,149.171.126.8,62821,*,*,*,"[0, 0, 0, 0, 0, 0, 0, 0, 0, 4, 0, 0, 0]"
3947,59.166.0.4,*,149.171.126.8,63656,*,*,*,"[0, 0, 0, 0, 0, 0, 0, 0, 0, 4, 0, 0, 0]"
3948,59.166.0.4,*,149.171.126.8,65504,*,*,*,"[0, 0, 0, 0, 0, 0, 0, 0, 0, 4, 0, 0, 0]"
3949,59.166.0.4,*,149.171.126.8,13761,*,*,*,"[0, 0, 0, 0, 0, 0, 0, 0, 0, 0, 2, 0, 0]"
3950,59.166.0.4,*,149.171.126.8,31484,*,*,*,"[0, 0, 0, 0, 0, 0, 0, 0, 0, 0, 2, 0, 0]"
3951,59.166.0.4,*,149.171.126.8,38033,*,*,*,"[0, 0, 0, 0, 0, 0, 0, 0, 0, 0, 2, 0, 0]"
3952,59.166.0.4,*,149.171.126.8,20919,*,*,*,"[0, 0, 0, 0, 0, 0, 0, 0, 0, 0, 0, 2, 0]"
3953,59.166.0.4,*,149.171.126.8,25974,*,*,*,"[0, 0, 0, 0, 0, 0, 0, 0, 0, 0, 0, 2, 0]"
3954,59.166.0.4,*,149.171.126.8,36239,*,*,*,"[0, 0, 0, 0, 0, 0, 0, 0, 0, 0, 0, 2, 0]"
3955,59.166.0.4,*,149.171.126.8,36781,*,*,*,"[0, 0, 0, 0, 0, 0, 0, 0, 0, 0, 0, 2, 0]"
3956,59.166.0.4,*,149.171.126.8,49502,*,*,*,"[0, 0, 0, 0, 0, 0, 0, 0, 0, 0, 0, 2, 0]"
3957,59.166.0.4,*,149.171.126.8,56852,*,*,*,"[0, 0, 0, 0, 0, 0, 0, 0, 0, 0, 0, 2, 0]"
3958,59.166.0.4,*,149.171.126.8,13839,*,*,*,"[0, 0, 0, 0, 0, 0, 0, 0, 0, 0, 0, 0, 2]"
3959,59.166.0.4,*,149.171.126.8,26866,*,*,*,"[0, 0, 0, 0, 0, 0, 0, 0, 0, 0, 0, 0, 2]"
3960,59.166.0.4,*,149.171.126.8,50688,*,*,*,"[0, 0, 0, 0, 0, 0, 0, 0, 0, 0, 0, 0, 2]"
3961,59.166.0.4,*,149.171.126.8,65376,*,*,*,"[0, 0, 0, 0, 0, 0, 0, 0, 0, 0, 0, 0, 2]"
3962,59.166.0.4,*,149.171.126.9,111,*,*,*,"[13, 11, 10, 14, 14, 14, 11, 10, 9, 16, 10, 9, 3]"
3963,59.166.0.4,*,149.171.126.9,11399,*,*,*,"[6, 0, 0, 0, 0, 0, 0, 0, 0, 0, 0, 0, 0]"
3964,59.166.0.4,*,149.171.126.9,143,*,*,*,"[6, 8, 4, 5, 7, 6, 2, 5, 13, 10, 3, 7, 6]"
3965,59.166.0.4,*,149.171.126.9,17087,*,*,*,"[2, 0, 0, 0, 0, 0, 0, 0, 0, 0, 0, 0, 0]"
3966,59.166.0.4,*,149.171.126.9,21,*,*,*,"[10, 4, 9, 7, 4, 4, 7, 0, 10, 4, 5, 3, 7]"
3967,59.166.0.4,*,149.171.126.9,22,*,*,*,"[5, 5, 7, 10, 6, 4, 0, 2, 3, 11, 6, 7, 9]"
3968,59.166.0.4,*,149.171.126.9,25,*,*,*,"[16, 13, 15, 8, 14, 11, 13, 5, 9, 15, 16, 10, 11]"
3969,59.166.0.4,*,149.171.126.9,26143,*,*,*,"[6, 0, 0, 0, 0, 0, 0, 0, 0, 0, 0, 0, 0]"
3970,59.166.0.4,*,149.171.126.9,45548,*,*,*,"[2, 0, 0, 0, 0, 0, 0, 0, 0, 0, 0, 0, 0]"
3971,59.166.0.4,*,149.171.126.9,5190,*,*,*,"[16, 36, 21, 11, 21, 10, 26, 15, 21, 15, 16, 16, 20]"
3972,59.166.0.4,*,149.171.126.9,52294,*,*,*,"[6, 0, 0, 0, 0, 0, 0, 0, 0, 0, 0, 0, 0]"
3973,59.166.0.4,*,149.171.126.9,52796,*,*,*,"[2, 0, 0, 0, 0, 0, 0, 0, 0, 0, 0, 0, 0]"
3974,59.166.0.4,*,149.171.126.9,53,*,*,*,"[63, 52, 54, 42, 34, 51, 53, 39, 53, 55, 40, 49, 51]"
3975,59.166.0.4,*,149.171.126.9,6881,*,*,*,"[30, 12, 6, 24, 36, 18, 30, 24, 6, 6, 18, 6, 24]"
3976,59.166.0.4,*,149.171.126.9,80,*,*,*,"[30, 24, 27, 38, 21, 30, 32, 20, 27, 18, 26, 27, 33]"
3977,59.166.0.4,*,149.171.126.9,15843,*,*,*,"[0, 2, 0, 0, 0, 0, 0, 0, 0, 0, 0, 0, 0]"
3978,59.166.0.4,*,149.171.126.9,49198,*,*,*,"[0, 2, 0, 0, 0, 0, 0, 0, 0, 0, 0, 0, 0]"
3979,59.166.0.4,*,149.171.126.9,54867,*,*,*,"[0, 2, 0, 0, 0, 0, 0, 0, 0, 0, 0, 0, 0]"
3980,59.166.0.4,*,149.171.126.9,11680,*,*,*,"[0, 0, 0, 2, 0, 0, 0, 0, 0, 0, 0, 0, 0]"
3981,59.166.0.4,*,149.171.126.9,1254,*,*,*,"[0, 0, 3, 0, 0, 0, 0, 0, 0, 0, 0, 0, 0]"
3982,59.166.0.4,*,149.171.126.9,25409,*,*,*,"[0, 0, 2, 0, 0, 0, 0, 0, 0, 0, 0, 0, 0]"
3983,59.166.0.4,*,149.171.126.9,26927,*,*,*,"[0, 0, 2, 0, 0, 0, 0, 0, 0, 0, 0, 0, 0]"
3984,59.166.0.4,*,149.171.126.9,30639,*,*,*,"[0, 0, 0, 2, 0, 0, 0, 0, 0, 0, 0, 0, 0]"
3985,59.166.0.4,*,149.171.126.9,3208,*,*,*,"[0, 0, 2, 0, 0, 0, 0, 0, 0, 0, 0, 0, 0]"
3986,59.166.0.4,*,149.171.126.9,32547,*,*,*,"[0, 0, 2, 0, 0, 0, 0, 0, 0, 0, 0, 0, 0]"
3987,59.166.0.4,*,149.171.126.9,32912,*,*,*,"[0, 0, 0, 2, 0, 0, 0, 0, 0, 0, 0, 0, 0]"
3988,59.166.0.4,*,149.171.126.9,34154,*,*,*,"[0, 0, 3, 0, 0, 0, 0, 0, 0, 0, 0, 0, 0]"
3989,59.166.0.4,*,149.171.126.9,34484,*,*,*,"[0, 0, 2, 0, 0, 0, 0, 0, 0, 0, 0, 0, 0]"
3990,59.166.0.4,*,149.171.126.9,44685,*,*,*,"[0, 0, 0, 2, 0, 0, 0, 0, 0, 0, 0, 0, 0]"
3991,59.166.0.4,*,149.171.126.9,57588,*,*,*,"[0, 0, 0, 2, 0, 0, 0, 0, 0, 0, 0, 0, 0]"
3992,59.166.0.4,*,149.171.126.9,58003,*,*,*,"[0, 0, 0, 2, 0, 0, 0, 0, 0, 0, 0, 0, 0]"
3993,59.166.0.4,*,149.171.126.9,60997,*,*,*,"[0, 0, 2, 0, 0, 0, 0, 0, 0, 0, 0, 0, 0]"
3994,59.166.0.4,*,149.171.126.9,61745,*,*,*,"[0, 0, 3, 0, 0, 0, 0, 0, 0, 0, 0, 0, 0]"
3995,59.166.0.4,*,149.171.126.9,38033,*,*,*,"[0, 0, 0, 0, 0, 0, 0, 0, 0, 0, 2, 0, 0]"
3996,59.166.0.4,*,149.171.126.9,12916,*,*,*,"[0, 0, 0, 0, 3, 0, 0, 0, 0, 0, 0, 0, 0]"
3997,59.166.0.4,*,149.171.126.9,29238,*,*,*,"[0, 0, 0, 0, 3, 0, 0, 0, 0, 0, 0, 0, 0]"
3998,59.166.0.4,*,149.171.126.9,33656,*,*,*,"[0, 0, 0, 0, 3, 0, 0, 0, 0, 0, 0, 0, 0]"
3999,59.166.0.4,*,149.171.126.9,42265,*,*,*,"[0, 0, 0, 0, 0, 2, 0, 0, 0, 0, 0, 0, 0]"
4000,59.166.0.4,*,149.171.126.9,43825,*,*,*,"[0, 0, 0, 0, 0, 2, 0, 0, 0, 0, 0, 0, 0]"
4001,59.166.0.4,*,149.171.126.9,50827,*,*,*,"[0, 0, 0, 0, 0, 2, 0, 0, 0, 0, 0, 0, 0]"
4002,59.166.0.4,*,149.171.126.9,60894,*,*,*,"[0, 0, 0, 0, 0, 2, 0, 0, 0, 0, 0, 0, 0]"
4003,59.166.0.4,*,149.171.126.9,15398,*,*,*,"[0, 0, 0, 0, 0, 0, 3, 0, 0, 0, 0, 0, 0]"
4004,59.166.0.4,*,149.171.126.9,21049,*,*,*,"[0, 0, 0, 0, 0, 0, 2, 0, 0, 0, 0, 0, 0]"
4005,59.166.0.4,*,149.171.126.9,32328,*,*,*,"[0, 0, 0, 0, 0, 0, 3, 0, 0, 0, 0, 0, 0]"
4006,59.166.0.4,*,149.171.126.9,35856,*,*,*,"[0, 0, 0, 0, 0, 0, 2, 0, 0, 0, 0, 0, 0]"
4007,59.166.0.4,*,149.171.126.9,49483,*,*,*,"[0, 0, 0, 0, 0, 0, 2, 0, 0, 0, 0, 0, 0]"
4008,59.166.0.4,*,149.171.126.9,9851,*,*,*,"[0, 0, 0, 0, 0, 0, 3, 0, 0, 0, 0, 0, 0]"
4009,59.166.0.4,*,149.171.126.9,22627,*,*,*,"[0, 0, 0, 0, 0, 0, 0, 0, 3, 0, 0, 0, 0]"
4010,59.166.0.4,*,149.171.126.9,36106,*,*,*,"[0, 0, 0, 0, 0, 0, 0, 0, 3, 0, 0, 0, 0]"
4011,59.166.0.4,*,149.171.126.9,37612,*,*,*,"[0, 0, 0, 0, 0, 0, 0, 0, 3, 0, 0, 0, 0]"
4012,59.166.0.4,*,149.171.126.9,4212,*,*,*,"[0, 0, 0, 0, 0, 0, 0, 0, 3, 0, 0, 0, 0]"
4013,59.166.0.4,*,149.171.126.9,56854,*,*,*,"[0, 0, 0, 0, 0, 0, 0, 0, 3, 0, 0, 0, 0]"
4014,59.166.0.4,*,149.171.126.9,58190,*,*,*,"[0, 0, 0, 0, 0, 0, 0, 0, 0, 2, 0, 0, 0]"
4015,59.166.0.4,*,149.171.126.9,8998,*,*,*,"[0, 0, 0, 0, 0, 0, 0, 0, 3, 0, 0, 0, 0]"
4016,59.166.0.4,*,149.171.126.9,20465,*,*,*,"[0, 0, 0, 0, 0, 0, 0, 0, 0, 2, 0, 0, 0]"
4017,59.166.0.4,*,149.171.126.9,33291,*,*,*,"[0, 0, 0, 0, 0, 0, 0, 0, 0, 2, 0, 0, 0]"
4018,59.166.0.4,*,149.171.126.9,43267,*,*,*,"[0, 0, 0, 0, 0, 0, 0, 0, 0, 2, 0, 0, 0]"
4019,59.166.0.4,*,149.171.126.9,13761,*,*,*,"[0, 0, 0, 0, 0, 0, 0, 0, 0, 0, 2, 0, 0]"
4020,59.166.0.4,*,149.171.126.9,31484,*,*,*,"[0, 0, 0, 0, 0, 0, 0, 0, 0, 0, 2, 0, 0]"
4021,59.166.0.4,*,149.171.126.9,34316,*,*,*,"[0, 0, 0, 0, 0, 0, 0, 0, 0, 0, 2, 0, 0]"
4022,59.166.0.4,*,149.171.126.9,43493,*,*,*,"[0, 0, 0, 0, 0, 0, 0, 0, 0, 0, 2, 0, 0]"
4023,59.166.0.4,*,149.171.126.9,53517,*,*,*,"[0, 0, 0, 0, 0, 0, 0, 0, 0, 0, 2, 0, 0]"
4024,59.166.0.4,*,149.171.126.9,13904,*,*,*,"[0, 0, 0, 0, 0, 0, 0, 0, 0, 0, 0, 2, 0]"
4025,59.166.0.4,*,149.171.126.9,55155,*,*,*,"[0, 0, 0, 0, 0, 0, 0, 0, 0, 0, 0, 2, 0]"
4026,59.166.0.4,*,149.171.126.9,56334,*,*,*,"[0, 0, 0, 0, 0, 0, 0, 0, 0, 0, 0, 2, 0]"
4027,59.166.0.4,*,149.171.126.9,10394,*,*,*,"[0, 0, 0, 0, 0, 0, 0, 0, 0, 0, 0, 0, 2]"
4028,59.166.0.4,*,149.171.126.9,19518,*,*,*,"[0, 0, 0, 0, 0, 0, 0, 0, 0, 0, 0, 0, 2]"
4029,59.166.0.4,*,149.171.126.9,21133,*,*,*,"[0, 0, 0, 0, 0, 0, 0, 0, 0, 0, 0, 0, 2]"
4030,59.166.0.4,*,149.171.126.9,32528,*,*,*,"[0, 0, 0, 0, 0, 0, 0, 0, 0, 0, 0, 0, 2]"
4031,59.166.0.4,*,149.171.126.9,48182,*,*,*,"[0, 0, 0, 0, 0, 0, 0, 0, 0, 0, 0, 0, 2]"
4032,59.166.0.4,*,149.171.126.9,63753,*,*,*,"[0, 0, 0, 0, 0, 0, 0, 0, 0, 0, 0, 0, 2]"
4033,59.166.0.5,*,149.171.126.0,111,*,*,*,"[20, 11, 9, 14, 15, 13, 20, 9, 15, 16, 9, 9, 11]"
4034,59.166.0.5,*,149.171.126.0,143,*,*,*,"[5, 5, 6, 12, 3, 9, 7, 6, 10, 7, 5, 2, 4]"
4035,59.166.0.5,*,149.171.126.0,17087,*,*,*,"[3, 0, 0, 0, 0, 0, 0, 0, 0, 0, 0, 0, 0]"
4036,59.166.0.5,*,149.171.126.0,21,*,*,*,"[6, 3, 4, 7, 5, 6, 3, 2, 6, 5, 5, 4, 2]"
4037,59.166.0.5,*,149.171.126.0,22,*,*,*,"[4, 8, 8, 10, 12, 10, 0, 0, 6, 6, 7, 2, 4]"
4038,59.166.0.5,*,149.171.126.0,25,*,*,*,"[11, 14, 13, 12, 10, 10, 8, 4, 8, 12, 10, 8, 9]"
4039,59.166.0.5,*,149.171.126.0,32912,*,*,*,"[0, 0, 0, 3, 0, 0, 0, 0, 0, 0, 0, 0, 0]"
4040,59.166.0.5,*,149.171.126.0,45548,*,*,*,"[3, 0, 0, 0, 0, 0, 0, 0, 0, 0, 0, 0, 0]"
4041,59.166.0.5,*,149.171.126.0,5190,*,*,*,"[18, 23, 25, 17, 16, 22, 26, 14, 22, 17, 10, 13, 13]"
4042,59.166.0.5,*,149.171.126.0,52796,*,*,*,"[3, 0, 0, 0, 0, 0, 0, 0, 0, 0, 0, 0, 0]"
4043,59.166.0.5,*,149.171.126.0,53,*,*,*,"[69, 59, 52, 55, 45, 54, 54, 43, 51, 50, 52, 42, 71]"
4044,59.166.0.5,*,149.171.126.0,6881,*,*,*,"[6, 6, 18, 18, 18, 12, 48, 50, 18, 0, 12, 12, 24]"
4045,59.166.0.5,*,149.171.126.0,80,*,*,*,"[25, 24, 20, 35, 24, 35, 30, 24, 31, 25, 32, 30, 39]"
4046,59.166.0.5,*,149.171.126.0,11680,*,*,*,"[0, 0, 0, 3, 0, 0, 0, 0, 0, 0, 0, 0, 0]"
4047,59.166.0.5,*,149.171.126.0,17751,*,*,*,"[0, 0, 2, 0, 0, 0, 0, 0, 0, 0, 0, 0, 0]"
4048,59.166.0.5,*,149.171.126.0,44685,*,*,*,"[0, 0, 0, 3, 0, 0, 0, 0, 0, 0, 0, 0, 0]"
4049,59.166.0.5,*,149.171.126.0,7644,*,*,*,"[0, 0, 2, 0, 0, 0, 0, 0, 0, 0, 0, 0, 0]"
4050,59.166.0.5,*,149.171.126.0,9620,*,*,*,"[0, 0, 2, 0, 0, 0, 0, 0, 0, 0, 0, 0, 0]"
4051,59.166.0.5,*,149.171.126.0,1397,*,*,*,"[0, 0, 0, 2, 0, 0, 0, 0, 0, 0, 0, 0, 0]"
4052,59.166.0.5,*,149.171.126.0,21831,*,*,*,"[0, 0, 0, 2, 0, 0, 0, 0, 0, 0, 0, 0, 0]"
4053,59.166.0.5,*,149.171.126.0,45133,*,*,*,"[0, 0, 0, 2, 0, 0, 0, 0, 0, 0, 0, 0, 0]"
4054,59.166.0.5,*,149.171.126.0,11821,*,*,*,"[0, 0, 0, 0, 2, 0, 0, 0, 0, 0, 0, 0, 0]"
4055,59.166.0.5,*,149.171.126.0,15171,*,*,*,"[0, 0, 0, 0, 2, 0, 0, 0, 0, 0, 0, 0, 0]"
4056,59.166.0.5,*,149.171.126.0,17268,*,*,*,"[0, 0, 0, 0, 2, 0, 0, 0, 0, 0, 0, 0, 0]"
4057,59.166.0.5,*,149.171.126.0,20935,*,*,*,"[0, 0, 0, 0, 2, 0, 0, 0, 0, 0, 0, 0, 0]"
4058,59.166.0.5,*,149.171.126.0,36222,*,*,*,"[0, 0, 0, 0, 2, 0, 0, 0, 0, 0, 0, 0, 0]"
4059,59.166.0.5,*,149.171.126.0,5131,*,*,*,"[0, 0, 0, 0, 2, 0, 0, 0, 0, 0, 0, 0, 0]"
4060,59.166.0.5,*,149.171.126.0,56995,*,*,*,"[0, 0, 0, 0, 2, 0, 0, 0, 0, 0, 0, 0, 0]"
4061,59.166.0.5,*,149.171.126.0,22481,*,*,*,"[0, 0, 0, 0, 0, 2, 0, 0, 0, 0, 0, 0, 0]"
4062,59.166.0.5,*,149.171.126.0,26869,*,*,*,"[0, 0, 0, 0, 0, 2, 0, 0, 0, 0, 0, 0, 0]"
4063,59.166.0.5,*,149.171.126.0,41018,*,*,*,"[0, 0, 0, 0, 0, 2, 0, 0, 0, 0, 0, 0, 0]"
4064,59.166.0.5,*,149.171.126.0,15419,*,*,*,"[0, 0, 0, 0, 0, 0, 2, 0, 0, 0, 0, 0, 0]"
4065,59.166.0.5,*,149.171.126.0,15903,*,*,*,"[0, 0, 0, 0, 0, 0, 2, 0, 0, 0, 0, 0, 0]"
4066,59.166.0.5,*,149.171.126.0,52639,*,*,*,"[0, 0, 0, 0, 0, 0, 2, 0, 0, 0, 0, 0, 0]"
4067,59.166.0.5,*,149.171.126.0,8051,*,*,*,"[0, 0, 0, 0, 0, 0, 2, 0, 0, 0, 0, 0, 0]"
4068,59.166.0.5,*,149.171.126.0,10198,*,*,*,"[0, 0, 0, 0, 0, 0, 0, 0, 2, 0, 0, 0, 0]"
4069,59.166.0.5,*,149.171.126.0,24196,*,*,*,"[0, 0, 0, 0, 0, 0, 0, 0, 2, 0, 0, 0, 0]"
4070,59.166.0.5,*,149.171.126.0,35231,*,*,*,"[0, 0, 0, 0, 0, 0, 0, 0, 2, 0, 0, 0, 0]"
4071,59.166.0.5,*,149.171.126.0,20465,*,*,*,"[0, 0, 0, 0, 0, 0, 0, 0, 0, 2, 0, 0, 0]"
4072,59.166.0.5,*,149.171.126.0,33291,*,*,*,"[0, 0, 0, 0, 0, 0, 0, 0, 0, 2, 0, 0, 0]"
4073,59.166.0.5,*,149.171.126.0,58190,*,*,*,"[0, 0, 0, 0, 0, 0, 0, 0, 0, 2, 0, 0, 0]"
4074,59.166.0.5,*,149.171.126.0,16120,*,*,*,"[0, 0, 0, 0, 0, 0, 0, 0, 0, 0, 2, 0, 0]"
4075,59.166.0.5,*,149.171.126.0,32991,*,*,*,"[0, 0, 0, 0, 0, 0, 0, 0, 0, 0, 2, 0, 0]"
4076,59.166.0.5,*,149.171.126.0,49991,*,*,*,"[0, 0, 0, 0, 0, 0, 0, 0, 0, 0, 2, 0, 0]"
4077,59.166.0.5,*,149.171.126.0,57668,*,*,*,"[0, 0, 0, 0, 0, 0, 0, 0, 0, 0, 2, 0, 0]"
4078,59.166.0.5,*,149.171.126.0,62120,*,*,*,"[0, 0, 0, 0, 0, 0, 0, 0, 0, 0, 2, 0, 0]"
4079,59.166.0.5,*,149.171.126.0,64158,*,*,*,"[0, 0, 0, 0, 0, 0, 0, 0, 0, 0, 2, 0, 0]"
4080,59.166.0.5,*,149.171.126.0,11513,*,*,*,"[0, 0, 0, 0, 0, 0, 0, 0, 0, 0, 0, 2, 0]"
4081,59.166.0.5,*,149.171.126.0,19056,*,*,*,"[0, 0, 0, 0, 0, 0, 0, 0, 0, 0, 0, 2, 0]"
4082,59.166.0.5,*,149.171.126.0,56614,*,*,*,"[0, 0, 0, 0, 0, 0, 0, 0, 0, 0, 0, 2, 0]"
4083,59.166.0.5,*,149.171.126.1,111,*,*,*,"[20, 15, 11, 15, 15, 17, 12, 4, 11, 10, 17, 11, 10]"
4084,59.166.0.5,*,149.171.126.1,11399,*,*,*,"[3, 0, 0, 0, 0, 0, 0, 0, 0, 0, 0, 0, 0]"
4085,59.166.0.5,*,149.171.126.1,143,*,*,*,"[11, 6, 6, 4, 4, 6, 2, 11, 2, 6, 8, 6, 6]"
4086,59.166.0.5,*,149.171.126.1,18023,*,*,*,"[2, 0, 0, 0, 0, 0, 0, 0, 0, 0, 0, 0, 0]"
4087,59.166.0.5,*,149.171.126.1,21,*,*,*,"[7, 6, 8, 6, 4, 5, 8, 6, 5, 8, 9, 9, 8]"
4088,59.166.0.5,*,149.171.126.1,22,*,*,*,"[2, 10, 12, 16, 12, 4, 4, 0, 2, 8, 9, 6, 13]"
4089,59.166.0.5,*,149.171.126.1,25,*,*,*,"[12, 13, 13, 17, 16, 13, 12, 12, 19, 13, 9, 14, 10]"
4090,59.166.0.5,*,149.171.126.1,26143,*,*,*,"[3, 0, 0, 0, 0, 0, 0, 0, 0, 0, 0, 0, 0]"
4091,59.166.0.5,*,149.171.126.1,32664,*,*,*,"[2, 0, 0, 0, 0, 0, 0, 0, 0, 0, 0, 0, 0]"
4092,59.166.0.5,*,149.171.126.1,4950,*,*,*,"[2, 0, 0, 0, 0, 0, 0, 0, 0, 0, 0, 0, 0]"
4093,59.166.0.5,*,149.171.126.1,5190,*,*,*,"[20, 24, 10, 6, 5, 23, 19, 12, 19, 22, 20, 10, 15]"
4094,59.166.0.5,*,149.171.126.1,52294,*,*,*,"[3, 0, 0, 0, 0, 0, 0, 0, 0, 0, 0, 0, 0]"
4095,59.166.0.5,*,149.171.126.1,53,*,*,*,"[53, 49, 55, 46, 56, 46, 60, 64, 55, 43, 66, 48, 60]"
4096,59.166.0.5,*,149.171.126.1,6881,*,*,*,"[24, 6, 13, 48, 0, 0, 48, 31, 31, 12, 18, 0, 60]"
4097,59.166.0.5,*,149.171.126.1,80,*,*,*,"[32, 31, 16, 31, 33, 20, 25, 26, 30, 27, 30, 27, 30]"
4098,59.166.0.5,*,149.171.126.1,13142,*,*,*,"[0, 0, 2, 0, 0, 0, 0, 0, 0, 0, 0, 0, 0]"
4099,59.166.0.5,*,149.171.126.1,27976,*,*,*,"[0, 0, 2, 0, 0, 0, 0, 0, 0, 0, 0, 0, 0]"
4100,59.166.0.5,*,149.171.126.1,3062,*,*,*,"[0, 2, 0, 0, 0, 0, 0, 0, 0, 0, 0, 0, 0]"
4101,59.166.0.5,*,149.171.126.1,34463,*,*,*,"[0, 2, 0, 0, 0, 0, 0, 0, 0, 0, 0, 0, 0]"
4102,59.166.0.5,*,149.171.126.1,35397,*,*,*,"[0, 0, 2, 0, 0, 0, 0, 0, 0, 0, 0, 0, 0]"
4103,59.166.0.5,*,149.171.126.1,38395,*,*,*,"[0, 2, 0, 0, 0, 0, 0, 0, 0, 0, 0, 0, 0]"
4104,59.166.0.5,*,149.171.126.1,60894,*,*,*,"[0, 0, 0, 0, 0, 2, 0, 0, 0, 0, 0, 0, 0]"
4105,59.166.0.5,*,149.171.126.1,9620,*,*,*,"[0, 2, 0, 0, 0, 0, 0, 0, 0, 0, 0, 0, 0]"
4106,59.166.0.5,*,149.171.126.1,11680,*,*,*,"[0, 0, 0, 3, 0, 0, 0, 0, 0, 0, 0, 0, 0]"
4107,59.166.0.5,*,149.171.126.1,26927,*,*,*,"[0, 0, 3, 0, 0, 0, 0, 0, 0, 0, 0, 0, 0]"
4108,59.166.0.5,*,149.171.126.1,32912,*,*,*,"[0, 0, 0, 3, 0, 0, 0, 0, 0, 0, 0, 0, 0]"
4109,59.166.0.5,*,149.171.126.1,34484,*,*,*,"[0, 0, 3, 0, 0, 0, 0, 0, 0, 0, 0, 0, 0]"
4110,59.166.0.5,*,149.171.126.1,44685,*,*,*,"[0, 0, 0, 3, 0, 0, 0, 0, 0, 0, 0, 0, 0]"
4111,59.166.0.5,*,149.171.126.1,60997,*,*,*,"[0, 0, 3, 0, 0, 0, 0, 0, 0, 0, 0, 0, 0]"
4112,59.166.0.5,*,149.171.126.1,20048,*,*,*,"[0, 0, 0, 2, 0, 0, 0, 0, 0, 0, 0, 0, 0]"
4113,59.166.0.5,*,149.171.126.1,54131,*,*,*,"[0, 0, 0, 2, 0, 0, 0, 0, 0, 0, 0, 0, 0]"
4114,59.166.0.5,*,149.171.126.1,57521,*,*,*,"[0, 0, 0, 2, 0, 0, 0, 0, 0, 0, 0, 0, 0]"
4115,59.166.0.5,*,149.171.126.1,21049,*,*,*,"[0, 0, 0, 0, 0, 0, 3, 0, 0, 0, 0, 0, 0]"
4116,59.166.0.5,*,149.171.126.1,34073,*,*,*,"[0, 0, 0, 0, 2, 0, 0, 0, 0, 0, 0, 0, 0]"
4117,59.166.0.5,*,149.171.126.1,36222,*,*,*,"[0, 0, 0, 0, 2, 0, 0, 0, 0, 0, 0, 0, 0]"
4118,59.166.0.5,*,149.171.126.1,45633,*,*,*,"[0, 0, 0, 0, 2, 0, 0, 0, 0, 0, 0, 0, 0]"
4119,59.166.0.5,*,149.171.126.1,5131,*,*,*,"[0, 0, 0, 0, 2, 0, 0, 0, 0, 0, 0, 0, 0]"
4120,59.166.0.5,*,149.171.126.1,5491,*,*,*,"[0, 0, 0, 0, 2, 0, 0, 0, 0, 0, 0, 0, 0]"
4121,59.166.0.5,*,149.171.126.1,56995,*,*,*,"[0, 0, 0, 0, 2, 0, 0, 0, 0, 0, 0, 0, 0]"
4122,59.166.0.5,*,149.171.126.1,43825,*,*,*,"[0, 0, 0, 0, 0, 2, 0, 0, 0, 0, 0, 0, 0]"
4123,59.166.0.5,*,149.171.126.1,50827,*,*,*,"[0, 0, 0, 0, 0, 2, 0, 0, 0, 0, 0, 0, 0]"
4124,59.166.0.5,*,149.171.126.1,62821,*,*,*,"[0, 0, 0, 0, 0, 0, 0, 0, 0, 2, 0, 0, 0]"
4125,59.166.0.5,*,149.171.126.1,25349,*,*,*,"[0, 0, 0, 0, 0, 0, 2, 0, 0, 0, 0, 0, 0]"
4126,59.166.0.5,*,149.171.126.1,32528,*,*,*,"[0, 0, 0, 0, 0, 0, 0, 0, 0, 0, 0, 0, 3]"
4127,59.166.0.5,*,149.171.126.1,35856,*,*,*,"[0, 0, 0, 0, 0, 0, 3, 0, 0, 0, 0, 0, 0]"
4128,59.166.0.5,*,149.171.126.1,38225,*,*,*,"[0, 0, 0, 0, 0, 0, 2, 0, 0, 0, 0, 0, 0]"
4129,59.166.0.5,*,149.171.126.1,49483,*,*,*,"[0, 0, 0, 0, 0, 0, 3, 0, 0, 0, 0, 0, 0]"
4130,59.166.0.5,*,149.171.126.1,52431,*,*,*,"[0, 0, 0, 0, 0, 0, 2, 0, 0, 0, 0, 0, 0]"
4131,59.166.0.5,*,149.171.126.1,17562,*,*,*,"[0, 0, 0, 0, 0, 0, 0, 2, 0, 0, 0, 0, 0]"
4132,59.166.0.5,*,149.171.126.1,58238,*,*,*,"[0, 0, 0, 0, 0, 0, 0, 2, 0, 0, 0, 0, 0]"
4133,59.166.0.5,*,149.171.126.1,63870,*,*,*,"[0, 0, 0, 0, 0, 0, 0, 2, 0, 0, 0, 0, 0]"
4134,59.166.0.5,*,149.171.126.1,36106,*,*,*,"[0, 0, 0, 0, 0, 0, 0, 0, 4, 0, 0, 0, 0]"
4135,59.166.0.5,*,149.171.126.1,37612,*,*,*,"[0, 0, 0, 0, 0, 0, 0, 0, 4, 0, 0, 0, 0]"
4136,59.166.0.5,*,149.171.126.1,56854,*,*,*,"[0, 0, 0, 0, 0, 0, 0, 0, 4, 0, 0, 0, 0]"
4137,59.166.0.5,*,149.171.126.1,1906,*,*,*,"[0, 0, 0, 0, 0, 0, 0, 0, 0, 2, 0, 0, 0]"
4138,59.166.0.5,*,149.171.126.1,20465,*,*,*,"[0, 0, 0, 0, 0, 0, 0, 0, 0, 2, 0, 0, 0]"
4139,59.166.0.5,*,149.171.126.1,3038,*,*,*,"[0, 0, 0, 0, 0, 0, 0, 0, 0, 2, 0, 0, 0]"
4140,59.166.0.5,*,149.171.126.1,33291,*,*,*,"[0, 0, 0, 0, 0, 0, 0, 0, 0, 2, 0, 0, 0]"
4141,59.166.0.5,*,149.171.126.1,54587,*,*,*,"[0, 0, 0, 0, 0, 0, 0, 0, 0, 2, 0, 0, 0]"
4142,59.166.0.5,*,149.171.126.1,58190,*,*,*,"[0, 0, 0, 0, 0, 0, 0, 0, 0, 2, 0, 0, 0]"
4143,59.166.0.5,*,149.171.126.1,63656,*,*,*,"[0, 0, 0, 0, 0, 0, 0, 0, 0, 2, 0, 0, 0]"
4144,59.166.0.5,*,149.171.126.1,65504,*,*,*,"[0, 0, 0, 0, 0, 0, 0, 0, 0, 2, 0, 0, 0]"
4145,59.166.0.5,*,149.171.126.1,16120,*,*,*,"[0, 0, 0, 0, 0, 0, 0, 0, 0, 0, 2, 0, 0]"
4146,59.166.0.5,*,149.171.126.1,32991,*,*,*,"[0, 0, 0, 0, 0, 0, 0, 0, 0, 0, 3, 0, 0]"
4147,59.166.0.5,*,149.171.126.1,34316,*,*,*,"[0, 0, 0, 0, 0, 0, 0, 0, 0, 0, 2, 0, 0]"
4148,59.166.0.5,*,149.171.126.1,43493,*,*,*,"[0, 0, 0, 0, 0, 0, 0, 0, 0, 0, 2, 0, 0]"
4149,59.166.0.5,*,149.171.126.1,49991,*,*,*,"[0, 0, 0, 0, 0, 0, 0, 0, 0, 0, 3, 0, 0]"
4150,59.166.0.5,*,149.171.126.1,53517,*,*,*,"[0, 0, 0, 0, 0, 0, 0, 0, 0, 0, 2, 0, 0]"
4151,59.166.0.5,*,149.171.126.1,57668,*,*,*,"[0, 0, 0, 0, 0, 0, 0, 0, 0, 0, 3, 0, 0]"
4152,59.166.0.5,*,149.171.126.1,62120,*,*,*,"[0, 0, 0, 0, 0, 0, 0, 0, 0, 0, 2, 0, 0]"
4153,59.166.0.5,*,149.171.126.1,64158,*,*,*,"[0, 0, 0, 0, 0, 0, 0, 0, 0, 0, 2, 0, 0]"
4154,59.166.0.5,*,149.171.126.1,11513,*,*,*,"[0, 0, 0, 0, 0, 0, 0, 0, 0, 0, 0, 3, 0]"
4155,59.166.0.5,*,149.171.126.1,19056,*,*,*,"[0, 0, 0, 0, 0, 0, 0, 0, 0, 0, 0, 3, 0]"
4156,59.166.0.5,*,149.171.126.1,20919,*,*,*,"[0, 0, 0, 0, 0, 0, 0, 0, 0, 0, 0, 2, 0]"
4157,59.166.0.5,*,149.171.126.1,36239,*,*,*,"[0, 0, 0, 0, 0, 0, 0, 0, 0, 0, 0, 2, 0]"
4158,59.166.0.5,*,149.171.126.1,49502,*,*,*,"[0, 0, 0, 0, 0, 0, 0, 0, 0, 0, 0, 2, 0]"
4159,59.166.0.5,*,149.171.126.1,56614,*,*,*,"[0, 0, 0, 0, 0, 0, 0, 0, 0, 0, 0, 3, 0]"
4160,59.166.0.5,*,149.171.126.1,6786,*,*,*,"[0, 0, 0, 0, 0, 0, 0, 0, 0, 0, 0, 0, 2]"
4161,59.166.0.5,*,149.171.126.1,10394,*,*,*,"[0, 0, 0, 0, 0, 0, 0, 0, 0, 0, 0, 0, 3]"
4162,59.166.0.5,*,149.171.126.1,13839,*,*,*,"[0, 0, 0, 0, 0, 0, 0, 0, 0, 0, 0, 0, 2]"
4163,59.166.0.5,*,149.171.126.1,19518,*,*,*,"[0, 0, 0, 0, 0, 0, 0, 0, 0, 0, 0, 0, 3]"
4164,59.166.0.5,*,149.171.126.1,26866,*,*,*,"[0, 0, 0, 0, 0, 0, 0, 0, 0, 0, 0, 0, 2]"
4165,59.166.0.5,*,149.171.126.1,50688,*,*,*,"[0, 0, 0, 0, 0, 0, 0, 0, 0, 0, 0, 0, 2]"
4166,59.166.0.5,*,149.171.126.2,111,*,*,*,"[17, 11, 13, 13, 10, 8, 13, 12, 10, 13, 14, 12, 14]"
4167,59.166.0.5,*,149.171.126.2,11399,*,*,*,"[2, 0, 0, 0, 0, 0, 0, 0, 0, 0, 0, 0, 0]"
4168,59.166.0.5,*,149.171.126.2,143,*,*,*,"[10, 6, 7, 3, 9, 5, 5, 4, 4, 9, 9, 8, 8]"
4169,59.166.0.5,*,149.171.126.2,21,*,*,*,"[3, 4, 7, 8, 3, 3, 9, 7, 4, 6, 4, 6, 8]"
4170,59.166.0.5,*,149.171.126.2,22,*,*,*,"[6, 8, 12, 14, 9, 9, 5, 4, 0, 6, 8, 10, 10]"
4171,59.166.0.5,*,149.171.126.2,25,*,*,*,"[21, 13, 18, 9, 15, 13, 13, 14, 11, 12, 11, 8, 7]"
4172,59.166.0.5,*,149.171.126.2,26143,*,*,*,"[2, 0, 0, 0, 0, 0, 0, 0, 0, 0, 0, 0, 0]"
4173,59.166.0.5,*,149.171.126.2,5190,*,*,*,"[20, 21, 15, 16, 16, 20, 22, 19, 19, 21, 20, 16, 14]"
4174,59.166.0.5,*,149.171.126.2,52294,*,*,*,"[2, 0, 0, 0, 0, 0, 0, 0, 0, 0, 0, 0, 0]"
4175,59.166.0.5,*,149.171.126.2,53,*,*,*,"[57, 48, 53, 56, 50, 52, 57, 57, 62, 40, 53, 47, 66]"
4176,59.166.0.5,*,149.171.126.2,6881,*,*,*,"[6, 6, 6, 36, 12, 12, 48, 25, 30, 12, 6, 21, 18]"
4177,59.166.0.5,*,149.171.126.2,80,*,*,*,"[20, 23, 37, 28, 21, 22, 37, 20, 24, 23, 31, 30, 29]"
4178,59.166.0.5,*,149.171.126.2,14724,*,*,*,"[0, 2, 0, 0, 0, 0, 0, 0, 0, 0, 0, 0, 0]"
4179,59.166.0.5,*,149.171.126.2,31010,*,*,*,"[0, 2, 0, 0, 0, 0, 0, 0, 0, 0, 0, 0, 0]"
4180,59.166.0.5,*,149.171.126.2,49439,*,*,*,"[0, 2, 0, 0, 0, 0, 0, 0, 0, 0, 0, 0, 0]"
4181,59.166.0.5,*,149.171.126.2,13142,*,*,*,"[0, 0, 2, 0, 0, 0, 0, 0, 0, 0, 0, 0, 0]"
4182,59.166.0.5,*,149.171.126.2,17751,*,*,*,"[0, 0, 2, 0, 0, 0, 0, 0, 0, 0, 0, 0, 0]"
4183,59.166.0.5,*,149.171.126.2,25409,*,*,*,"[0, 0, 2, 0, 0, 0, 0, 0, 0, 0, 0, 0, 0]"
4184,59.166.0.5,*,149.171.126.2,27976,*,*,*,"[0, 0, 2, 0, 0, 0, 0, 0, 0, 0, 0, 0, 0]"
4185,59.166.0.5,*,149.171.126.2,3208,*,*,*,"[0, 0, 2, 0, 0, 0, 0, 0, 0, 0, 0, 0, 0]"
4186,59.166.0.5,*,149.171.126.2,32547,*,*,*,"[0, 0, 2, 0, 0, 0, 0, 0, 0, 0, 0, 0, 0]"
4187,59.166.0.5,*,149.171.126.2,35397,*,*,*,"[0, 0, 2, 0, 0, 0, 0, 0, 0, 0, 0, 0, 0]"
4188,59.166.0.5,*,149.171.126.2,7644,*,*,*,"[0, 0, 2, 0, 0, 0, 0, 0, 0, 0, 0, 0, 0]"
4189,59.166.0.5,*,149.171.126.2,9620,*,*,*,"[0, 0, 2, 0, 0, 0, 0, 0, 0, 0, 0, 0, 0]"
4190,59.166.0.5,*,149.171.126.2,1397,*,*,*,"[0, 0, 0, 2, 0, 0, 0, 0, 0, 0, 0, 0, 0]"
4191,59.166.0.5,*,149.171.126.2,20048,*,*,*,"[0, 0, 0, 2, 0, 0, 0, 0, 0, 0, 0, 0, 0]"
4192,59.166.0.5,*,149.171.126.2,21831,*,*,*,"[0, 0, 0, 2, 0, 0, 0, 0, 0, 0, 0, 0, 0]"
4193,59.166.0.5,*,149.171.126.2,30639,*,*,*,"[0, 0, 0, 2, 0, 0, 0, 0, 0, 0, 0, 0, 0]"
4194,59.166.0.5,*,149.171.126.2,45133,*,*,*,"[0, 0, 0, 2, 0, 0, 0, 0, 0, 0, 0, 0, 0]"
4195,59.166.0.5,*,149.171.126.2,54131,*,*,*,"[0, 0, 0, 2, 0, 0, 0, 0, 0, 0, 0, 0, 0]"
4196,59.166.0.5,*,149.171.126.2,57521,*,*,*,"[0, 0, 0, 2, 0, 0, 0, 0, 0, 0, 0, 0, 0]"
4197,59.166.0.5,*,149.171.126.2,57588,*,*,*,"[0, 0, 0, 2, 0, 0, 0, 0, 0, 0, 0, 0, 0]"
4198,59.166.0.5,*,149.171.126.2,58003,*,*,*,"[0, 0, 0, 2, 0, 0, 0, 0, 0, 0, 0, 0, 0]"
4199,59.166.0.5,*,149.171.126.2,36222,*,*,*,"[0, 0, 0, 0, 2, 0, 0, 0, 0, 0, 0, 0, 0]"
4200,59.166.0.5,*,149.171.126.2,5131,*,*,*,"[0, 0, 0, 0, 2, 0, 0, 0, 0, 0, 0, 0, 0]"
4201,59.166.0.5,*,149.171.126.2,56995,*,*,*,"[0, 0, 0, 0, 2, 0, 0, 0, 0, 0, 0, 0, 0]"
4202,59.166.0.5,*,149.171.126.2,28023,*,*,*,"[0, 0, 0, 0, 0, 2, 0, 0, 0, 0, 0, 0, 0]"
4203,59.166.0.5,*,149.171.126.2,13582,*,*,*,"[0, 0, 0, 0, 0, 0, 0, 2, 0, 0, 0, 0, 0]"
4204,59.166.0.5,*,149.171.126.2,31861,*,*,*,"[0, 0, 0, 0, 0, 0, 5, 0, 0, 0, 0, 0, 0]"
4205,59.166.0.5,*,149.171.126.2,44463,*,*,*,"[0, 0, 0, 0, 0, 0, 5, 0, 0, 0, 0, 0, 0]"
4206,59.166.0.5,*,149.171.126.2,46556,*,*,*,"[0, 0, 0, 0, 0, 0, 5, 0, 0, 0, 0, 0, 0]"
4207,59.166.0.5,*,149.171.126.2,17562,*,*,*,"[0, 0, 0, 0, 0, 0, 0, 2, 0, 0, 0, 0, 0]"
4208,59.166.0.5,*,149.171.126.2,26416,*,*,*,"[0, 0, 0, 0, 0, 0, 0, 2, 0, 0, 0, 0, 0]"
4209,59.166.0.5,*,149.171.126.2,54484,*,*,*,"[0, 0, 0, 0, 0, 0, 0, 2, 0, 0, 0, 0, 0]"
4210,59.166.0.5,*,149.171.126.2,58238,*,*,*,"[0, 0, 0, 0, 0, 0, 0, 2, 0, 0, 0, 0, 0]"
4211,59.166.0.5,*,149.171.126.2,60641,*,*,*,"[0, 0, 0, 0, 0, 0, 0, 2, 0, 0, 0, 0, 0]"
4212,59.166.0.5,*,149.171.126.2,62964,*,*,*,"[0, 0, 0, 0, 0, 0, 0, 2, 0, 0, 0, 0, 0]"
4213,59.166.0.5,*,149.171.126.2,63870,*,*,*,"[0, 0, 0, 0, 0, 0, 0, 2, 0, 0, 0, 0, 0]"
4214,59.166.0.5,*,149.171.126.2,65009,*,*,*,"[0, 0, 0, 0, 0, 0, 0, 2, 0, 0, 0, 0, 0]"
4215,59.166.0.5,*,149.171.126.2,1906,*,*,*,"[0, 0, 0, 0, 0, 0, 0, 0, 0, 2, 0, 0, 0]"
4216,59.166.0.5,*,149.171.126.2,22432,*,*,*,"[0, 0, 0, 0, 0, 0, 0, 0, 0, 2, 0, 0, 0]"
4217,59.166.0.5,*,149.171.126.2,25031,*,*,*,"[0, 0, 0, 0, 0, 0, 0, 0, 0, 2, 0, 0, 0]"
4218,59.166.0.5,*,149.171.126.2,3038,*,*,*,"[0, 0, 0, 0, 0, 0, 0, 0, 0, 2, 0, 0, 0]"
4219,59.166.0.5,*,149.171.126.2,33513,*,*,*,"[0, 0, 0, 0, 0, 0, 0, 0, 0, 2, 0, 0, 0]"
4220,59.166.0.5,*,149.171.126.2,46326,*,*,*,"[0, 0, 0, 0, 0, 0, 0, 0, 0, 2, 0, 0, 0]"
4221,59.166.0.5,*,149.171.126.2,46967,*,*,*,"[0, 0, 0, 0, 0, 0, 0, 0, 0, 2, 0, 0, 0]"
4222,59.166.0.5,*,149.171.126.2,47628,*,*,*,"[0, 0, 0, 0, 0, 0, 0, 0, 0, 2, 0, 0, 0]"
4223,59.166.0.5,*,149.171.126.2,54587,*,*,*,"[0, 0, 0, 0, 0, 0, 0, 0, 0, 2, 0, 0, 0]"
4224,59.166.0.5,*,149.171.126.2,16120,*,*,*,"[0, 0, 0, 0, 0, 0, 0, 0, 0, 0, 2, 0, 0]"
4225,59.166.0.5,*,149.171.126.2,62120,*,*,*,"[0, 0, 0, 0, 0, 0, 0, 0, 0, 0, 2, 0, 0]"
4226,59.166.0.5,*,149.171.126.2,64158,*,*,*,"[0, 0, 0, 0, 0, 0, 0, 0, 0, 0, 2, 0, 0]"
4227,59.166.0.5,*,149.171.126.2,25974,*,*,*,"[0, 0, 0, 0, 0, 0, 0, 0, 0, 0, 0, 2, 0]"
4228,59.166.0.5,*,149.171.126.2,36781,*,*,*,"[0, 0, 0, 0, 0, 0, 0, 0, 0, 0, 0, 2, 0]"
4229,59.166.0.5,*,149.171.126.2,41227,*,*,*,"[0, 0, 0, 0, 0, 0, 0, 0, 0, 0, 0, 2, 0]"
4230,59.166.0.5,*,149.171.126.2,56852,*,*,*,"[0, 0, 0, 0, 0, 0, 0, 0, 0, 0, 0, 2, 0]"
4231,59.166.0.5,*,149.171.126.2,63238,*,*,*,"[0, 0, 0, 0, 0, 0, 0, 0, 0, 0, 0, 2, 0]"
4232,59.166.0.5,*,149.171.126.2,6786,*,*,*,"[0, 0, 0, 0, 0, 0, 0, 0, 0, 0, 0, 2, 0]"
4233,59.166.0.5,*,149.171.126.2,10394,*,*,*,"[0, 0, 0, 0, 0, 0, 0, 0, 0, 0, 0, 0, 2]"
4234,59.166.0.5,*,149.171.126.2,16398,*,*,*,"[0, 0, 0, 0, 0, 0, 0, 0, 0, 0, 0, 0, 2]"
4235,59.166.0.5,*,149.171.126.2,19518,*,*,*,"[0, 0, 0, 0, 0, 0, 0, 0, 0, 0, 0, 0, 2]"
4236,59.166.0.5,*,149.171.126.2,21133,*,*,*,"[0, 0, 0, 0, 0, 0, 0, 0, 0, 0, 0, 0, 3]"
4237,59.166.0.5,*,149.171.126.2,32528,*,*,*,"[0, 0, 0, 0, 0, 0, 0, 0, 0, 0, 0, 0, 2]"
4238,59.166.0.5,*,149.171.126.2,48182,*,*,*,"[0, 0, 0, 0, 0, 0, 0, 0, 0, 0, 0, 0, 3]"
4239,59.166.0.5,*,149.171.126.2,53740,*,*,*,"[0, 0, 0, 0, 0, 0, 0, 0, 0, 0, 0, 0, 2]"
4240,59.166.0.5,*,149.171.126.2,56959,*,*,*,"[0, 0, 0, 0, 0, 0, 0, 0, 0, 0, 0, 0, 2]"
4241,59.166.0.5,*,149.171.126.2,63753,*,*,*,"[0, 0, 0, 0, 0, 0, 0, 0, 0, 0, 0, 0, 3]"
4242,59.166.0.5,*,149.171.126.3,111,*,*,*,"[15, 14, 15, 12, 19, 12, 14, 9, 13, 13, 12, 11, 8]"
4243,59.166.0.5,*,149.171.126.3,143,*,*,*,"[5, 10, 9, 7, 12, 5, 8, 3, 0, 2, 10, 6, 8]"
4244,59.166.0.5,*,149.171.126.3,18023,*,*,*,"[2, 0, 0, 0, 0, 0, 0, 0, 0, 0, 0, 0, 0]"
4245,59.166.0.5,*,149.171.126.3,21,*,*,*,"[4, 3, 4, 8, 7, 4, 3, 3, 9, 5, 4, 8, 6]"
4246,59.166.0.5,*,149.171.126.3,22,*,*,*,"[3, 5, 3, 10, 9, 4, 6, 0, 7, 11, 7, 7, 9]"
4247,59.166.0.5,*,149.171.126.3,25,*,*,*,"[14, 16, 13, 9, 12, 11, 12, 7, 13, 11, 7, 10, 17]"
4248,59.166.0.5,*,149.171.126.3,32664,*,*,*,"[2, 0, 0, 0, 0, 0, 0, 0, 0, 0, 0, 0, 0]"
4249,59.166.0.5,*,149.171.126.3,4950,*,*,*,"[2, 0, 0, 0, 0, 0, 0, 0, 0, 0, 0, 0, 0]"
4250,59.166.0.5,*,149.171.126.3,5190,*,*,*,"[23, 30, 21, 16, 14, 15, 33, 9, 16, 25, 21, 15, 18]"
4251,59.166.0.5,*,149.171.126.3,53,*,*,*,"[57, 45, 48, 56, 52, 53, 47, 35, 50, 42, 48, 48, 61]"
4252,59.166.0.5,*,149.171.126.3,80,*,*,*,"[31, 25, 28, 29, 23, 17, 37, 31, 31, 30, 38, 26, 32]"
4253,59.166.0.5,*,149.171.126.3,14724,*,*,*,"[0, 2, 0, 0, 0, 0, 0, 0, 0, 0, 0, 0, 0]"
4254,59.166.0.5,*,149.171.126.3,31010,*,*,*,"[0, 2, 0, 0, 0, 0, 0, 0, 0, 0, 0, 0, 0]"
4255,59.166.0.5,*,149.171.126.3,49439,*,*,*,"[0, 2, 0, 0, 0, 0, 0, 0, 0, 0, 0, 0, 0]"
4256,59.166.0.5,*,149.171.126.3,6881,*,*,*,"[0, 13, 6, 49, 30, 6, 43, 67, 6, 6, 12, 6, 24]"
4257,59.166.0.5,*,149.171.126.3,11680,*,*,*,"[0, 0, 0, 2, 0, 0, 0, 0, 0, 0, 0, 0, 0]"
4258,59.166.0.5,*,149.171.126.3,14987,*,*,*,"[0, 0, 2, 0, 0, 0, 0, 0, 0, 0, 0, 0, 0]"
4259,59.166.0.5,*,149.171.126.3,2869,*,*,*,"[0, 0, 2, 0, 0, 0, 0, 0, 0, 0, 0, 0, 0]"
4260,59.166.0.5,*,149.171.126.3,32912,*,*,*,"[0, 0, 0, 2, 0, 0, 0, 0, 0, 0, 0, 0, 0]"
4261,59.166.0.5,*,149.171.126.3,3398,*,*,*,"[0, 0, 2, 0, 0, 0, 0, 0, 0, 0, 0, 0, 0]"
4262,59.166.0.5,*,149.171.126.3,44685,*,*,*,"[0, 0, 0, 2, 0, 0, 0, 0, 0, 0, 0, 0, 0]"
4263,59.166.0.5,*,149.171.126.3,1397,*,*,*,"[0, 0, 0, 2, 0, 0, 0, 0, 0, 0, 0, 0, 0]"
4264,59.166.0.5,*,149.171.126.3,21831,*,*,*,"[0, 0, 0, 2, 0, 0, 0, 0, 0, 0, 0, 0, 0]"
4265,59.166.0.5,*,149.171.126.3,30639,*,*,*,"[0, 0, 0, 3, 0, 0, 0, 0, 0, 0, 0, 0, 0]"
4266,59.166.0.5,*,149.171.126.3,45133,*,*,*,"[0, 0, 0, 2, 0, 0, 0, 0, 0, 0, 0, 0, 0]"
4267,59.166.0.5,*,149.171.126.3,4808,*,*,*,"[0, 0, 0, 2, 0, 0, 0, 0, 0, 0, 0, 0, 0]"
4268,59.166.0.5,*,149.171.126.3,57588,*,*,*,"[0, 0, 0, 3, 0, 0, 0, 0, 0, 0, 0, 0, 0]"
4269,59.166.0.5,*,149.171.126.3,58003,*,*,*,"[0, 0, 0, 3, 0, 0, 0, 0, 0, 0, 0, 0, 0]"
4270,59.166.0.5,*,149.171.126.3,11821,*,*,*,"[0, 0, 0, 0, 2, 0, 0, 0, 0, 0, 0, 0, 0]"
4271,59.166.0.5,*,149.171.126.3,12319,*,*,*,"[0, 0, 0, 0, 2, 0, 0, 0, 0, 0, 0, 0, 0]"
4272,59.166.0.5,*,149.171.126.3,15171,*,*,*,"[0, 0, 0, 0, 2, 0, 0, 0, 0, 0, 0, 0, 0]"
4273,59.166.0.5,*,149.171.126.3,17268,*,*,*,"[0, 0, 0, 0, 2, 0, 0, 0, 0, 0, 0, 0, 0]"
4274,59.166.0.5,*,149.171.126.3,24550,*,*,*,"[0, 0, 0, 0, 2, 0, 0, 0, 0, 0, 0, 0, 0]"
4275,59.166.0.5,*,149.171.126.3,42265,*,*,*,"[0, 0, 0, 0, 2, 0, 0, 0, 0, 0, 0, 0, 0]"
4276,59.166.0.5,*,149.171.126.3,18292,*,*,*,"[0, 0, 0, 0, 0, 2, 0, 0, 0, 0, 0, 0, 0]"
4277,59.166.0.5,*,149.171.126.3,18741,*,*,*,"[0, 0, 0, 0, 0, 2, 0, 0, 0, 0, 0, 0, 0]"
4278,59.166.0.5,*,149.171.126.3,28875,*,*,*,"[0, 0, 0, 0, 0, 2, 0, 0, 0, 0, 0, 0, 0]"
4279,59.166.0.5,*,149.171.126.3,15419,*,*,*,"[0, 0, 0, 0, 0, 0, 2, 0, 0, 0, 0, 0, 0]"
4280,59.166.0.5,*,149.171.126.3,52639,*,*,*,"[0, 0, 0, 0, 0, 0, 2, 0, 0, 0, 0, 0, 0]"
4281,59.166.0.5,*,149.171.126.3,8051,*,*,*,"[0, 0, 0, 0, 0, 0, 2, 0, 0, 0, 0, 0, 0]"
4282,59.166.0.5,*,149.171.126.3,10397,*,*,*,"[0, 0, 0, 0, 0, 0, 0, 0, 2, 0, 0, 0, 0]"
4283,59.166.0.5,*,149.171.126.3,44321,*,*,*,"[0, 0, 0, 0, 0, 0, 0, 0, 2, 0, 0, 0, 0]"
4284,59.166.0.5,*,149.171.126.3,54475,*,*,*,"[0, 0, 0, 0, 0, 0, 0, 2, 0, 0, 0, 0, 0]"
4285,59.166.0.5,*,149.171.126.3,55348,*,*,*,"[0, 0, 0, 0, 0, 0, 0, 2, 0, 0, 0, 0, 0]"
4286,59.166.0.5,*,149.171.126.3,56658,*,*,*,"[0, 0, 0, 0, 0, 0, 0, 0, 2, 0, 0, 0, 0]"
4287,59.166.0.5,*,149.171.126.3,64665,*,*,*,"[0, 0, 0, 0, 0, 0, 0, 2, 0, 0, 0, 0, 0]"
4288,59.166.0.5,*,149.171.126.3,36106,*,*,*,"[0, 0, 0, 0, 0, 0, 0, 0, 4, 0, 0, 0, 0]"
4289,59.166.0.5,*,149.171.126.3,37612,*,*,*,"[0, 0, 0, 0, 0, 0, 0, 0, 4, 0, 0, 0, 0]"
4290,59.166.0.5,*,149.171.126.3,56854,*,*,*,"[0, 0, 0, 0, 0, 0, 0, 0, 4, 0, 0, 0, 0]"
4291,59.166.0.5,*,149.171.126.3,22432,*,*,*,"[0, 0, 0, 0, 0, 0, 0, 0, 0, 2, 0, 0, 0]"
4292,59.166.0.5,*,149.171.126.3,46326,*,*,*,"[0, 0, 0, 0, 0, 0, 0, 0, 0, 2, 0, 0, 0]"
4293,59.166.0.5,*,149.171.126.3,46967,*,*,*,"[0, 0, 0, 0, 0, 0, 0, 0, 0, 2, 0, 0, 0]"
4294,59.166.0.5,*,149.171.126.3,16120,*,*,*,"[0, 0, 0, 0, 0, 0, 0, 0, 0, 0, 2, 0, 0]"
4295,59.166.0.5,*,149.171.126.3,44976,*,*,*,"[0, 0, 0, 0, 0, 0, 0, 0, 0, 0, 2, 0, 0]"
4296,59.166.0.5,*,149.171.126.3,45963,*,*,*,"[0, 0, 0, 0, 0, 0, 0, 0, 0, 0, 2, 0, 0]"
4297,59.166.0.5,*,149.171.126.3,58781,*,*,*,"[0, 0, 0, 0, 0, 0, 0, 0, 0, 0, 2, 0, 0]"
4298,59.166.0.5,*,149.171.126.3,62120,*,*,*,"[0, 0, 0, 0, 0, 0, 0, 0, 0, 0, 2, 0, 0]"
4299,59.166.0.5,*,149.171.126.3,64158,*,*,*,"[0, 0, 0, 0, 0, 0, 0, 0, 0, 0, 2, 0, 0]"
4300,59.166.0.5,*,149.171.126.3,11513,*,*,*,"[0, 0, 0, 0, 0, 0, 0, 0, 0, 0, 0, 2, 0]"
4301,59.166.0.5,*,149.171.126.3,19056,*,*,*,"[0, 0, 0, 0, 0, 0, 0, 0, 0, 0, 0, 2, 0]"
4302,59.166.0.5,*,149.171.126.3,20919,*,*,*,"[0, 0, 0, 0, 0, 0, 0, 0, 0, 0, 0, 2, 0]"
4303,59.166.0.5,*,149.171.126.3,36239,*,*,*,"[0, 0, 0, 0, 0, 0, 0, 0, 0, 0, 0, 2, 0]"
4304,59.166.0.5,*,149.171.126.3,49502,*,*,*,"[0, 0, 0, 0, 0, 0, 0, 0, 0, 0, 0, 2, 0]"
4305,59.166.0.5,*,149.171.126.3,56614,*,*,*,"[0, 0, 0, 0, 0, 0, 0, 0, 0, 0, 0, 2, 0]"
4306,59.166.0.5,*,149.171.126.3,13839,*,*,*,"[0, 0, 0, 0, 0, 0, 0, 0, 0, 0, 0, 0, 3]"
4307,59.166.0.5,*,149.171.126.3,21133,*,*,*,"[0, 0, 0, 0, 0, 0, 0, 0, 0, 0, 0, 0, 2]"
4308,59.166.0.5,*,149.171.126.3,26866,*,*,*,"[0, 0, 0, 0, 0, 0, 0, 0, 0, 0, 0, 0, 3]"
4309,59.166.0.5,*,149.171.126.3,48182,*,*,*,"[0, 0, 0, 0, 0, 0, 0, 0, 0, 0, 0, 0, 2]"
4310,59.166.0.5,*,149.171.126.3,50688,*,*,*,"[0, 0, 0, 0, 0, 0, 0, 0, 0, 0, 0, 0, 3]"
4311,59.166.0.5,*,149.171.126.3,63753,*,*,*,"[0, 0, 0, 0, 0, 0, 0, 0, 0, 0, 0, 0, 2]"
4312,59.166.0.5,*,149.171.126.4,111,*,*,*,"[10, 10, 7, 13, 18, 10, 9, 16, 16, 8, 11, 10, 16]"
4313,59.166.0.5,*,149.171.126.4,143,*,*,*,"[5, 4, 5, 5, 9, 10, 11, 6, 8, 0, 7, 4, 11]"
4314,59.166.0.5,*,149.171.126.4,21,*,*,*,"[3, 5, 6, 10, 4, 3, 4, 3, 5, 9, 7, 0, 9]"
4315,59.166.0.5,*,149.171.126.4,22,*,*,*,"[4, 6, 6, 18, 13, 13, 3, 0, 5, 4, 7, 10, 9]"
4316,59.166.0.5,*,149.171.126.4,25,*,*,*,"[13, 8, 7, 9, 8, 6, 4, 9, 10, 9, 9, 11, 16]"
4317,59.166.0.5,*,149.171.126.4,5190,*,*,*,"[15, 27, 17, 9, 17, 26, 18, 6, 21, 23, 22, 10, 14]"
4318,59.166.0.5,*,149.171.126.4,52801,*,*,*,"[2, 0, 0, 0, 0, 0, 0, 0, 0, 0, 0, 0, 0]"
4319,59.166.0.5,*,149.171.126.4,53,*,*,*,"[47, 55, 57, 57, 46, 59, 57, 54, 49, 61, 59, 43, 58]"
4320,59.166.0.5,*,149.171.126.4,56048,*,*,*,"[2, 0, 0, 0, 0, 0, 0, 0, 0, 0, 0, 0, 0]"
4321,59.166.0.5,*,149.171.126.4,64030,*,*,*,"[2, 0, 0, 0, 0, 0, 0, 0, 0, 0, 0, 0, 0]"
4322,59.166.0.5,*,149.171.126.4,6881,*,*,*,"[36, 0, 0, 30, 18, 6, 36, 24, 24, 12, 6, 6, 37]"
4323,59.166.0.5,*,149.171.126.4,80,*,*,*,"[34, 35, 28, 25, 44, 23, 23, 32, 28, 25, 30, 30, 41]"
4324,59.166.0.5,*,149.171.126.4,13142,*,*,*,"[0, 0, 2, 0, 0, 0, 0, 0, 0, 0, 0, 0, 0]"
4325,59.166.0.5,*,149.171.126.4,27976,*,*,*,"[0, 0, 2, 0, 0, 0, 0, 0, 0, 0, 0, 0, 0]"
4326,59.166.0.5,*,149.171.126.4,35397,*,*,*,"[0, 0, 2, 0, 0, 0, 0, 0, 0, 0, 0, 0, 0]"
4327,59.166.0.5,*,149.171.126.4,25409,*,*,*,"[0, 0, 2, 0, 0, 0, 0, 0, 0, 0, 0, 0, 0]"
4328,59.166.0.5,*,149.171.126.4,3208,*,*,*,"[0, 0, 2, 0, 0, 0, 0, 0, 0, 0, 0, 0, 0]"
4329,59.166.0.5,*,149.171.126.4,32547,*,*,*,"[0, 0, 2, 0, 0, 0, 0, 0, 0, 0, 0, 0, 0]"
4330,59.166.0.5,*,149.171.126.4,1397,*,*,*,"[0, 0, 0, 2, 0, 0, 0, 0, 0, 0, 0, 0, 0]"
4331,59.166.0.5,*,149.171.126.4,20048,*,*,*,"[0, 0, 0, 2, 0, 0, 0, 0, 0, 0, 0, 0, 0]"
4332,59.166.0.5,*,149.171.126.4,21831,*,*,*,"[0, 0, 0, 2, 0, 0, 0, 0, 0, 0, 0, 0, 0]"
4333,59.166.0.5,*,149.171.126.4,30639,*,*,*,"[0, 0, 0, 5, 0, 0, 0, 0, 0, 0, 0, 0, 0]"
4334,59.166.0.5,*,149.171.126.4,45133,*,*,*,"[0, 0, 0, 2, 0, 0, 0, 0, 0, 0, 0, 0, 0]"
4335,59.166.0.5,*,149.171.126.4,54131,*,*,*,"[0, 0, 0, 2, 0, 0, 0, 0, 0, 0, 0, 0, 0]"
4336,59.166.0.5,*,149.171.126.4,57521,*,*,*,"[0, 0, 0, 2, 0, 0, 0, 0, 0, 0, 0, 0, 0]"
4337,59.166.0.5,*,149.171.126.4,57588,*,*,*,"[0, 0, 0, 5, 0, 0, 0, 0, 0, 0, 0, 0, 0]"
4338,59.166.0.5,*,149.171.126.4,58003,*,*,*,"[0, 0, 0, 5, 0, 0, 0, 0, 0, 0, 0, 0, 0]"
4339,59.166.0.5,*,149.171.126.4,12916,*,*,*,"[0, 0, 0, 0, 2, 0, 0, 0, 0, 0, 0, 0, 0]"
4340,59.166.0.5,*,149.171.126.4,29238,*,*,*,"[0, 0, 0, 0, 2, 0, 0, 0, 0, 0, 0, 0, 0]"
4341,59.166.0.5,*,149.171.126.4,33656,*,*,*,"[0, 0, 0, 0, 2, 0, 0, 0, 0, 0, 0, 0, 0]"
4342,59.166.0.5,*,149.171.126.4,21049,*,*,*,"[0, 0, 0, 0, 0, 0, 2, 0, 0, 0, 0, 0, 0]"
4343,59.166.0.5,*,149.171.126.4,35856,*,*,*,"[0, 0, 0, 0, 0, 0, 2, 0, 0, 0, 0, 0, 0]"
4344,59.166.0.5,*,149.171.126.4,49483,*,*,*,"[0, 0, 0, 0, 0, 0, 2, 0, 0, 0, 0, 0, 0]"
4345,59.166.0.5,*,149.171.126.4,36106,*,*,*,"[0, 0, 0, 0, 0, 0, 0, 0, 3, 0, 0, 0, 0]"
4346,59.166.0.5,*,149.171.126.4,37612,*,*,*,"[0, 0, 0, 0, 0, 0, 0, 0, 3, 0, 0, 0, 0]"
4347,59.166.0.5,*,149.171.126.4,56854,*,*,*,"[0, 0, 0, 0, 0, 0, 0, 0, 3, 0, 0, 0, 0]"
4348,59.166.0.5,*,149.171.126.4,20465,*,*,*,"[0, 0, 0, 0, 0, 0, 0, 0, 0, 2, 0, 0, 0]"
4349,59.166.0.5,*,149.171.126.4,33291,*,*,*,"[0, 0, 0, 0, 0, 0, 0, 0, 0, 2, 0, 0, 0]"
4350,59.166.0.5,*,149.171.126.4,58190,*,*,*,"[0, 0, 0, 0, 0, 0, 0, 0, 0, 2, 0, 0, 0]"
4351,59.166.0.5,*,149.171.126.4,62821,*,*,*,"[0, 0, 0, 0, 0, 0, 0, 0, 0, 4, 0, 0, 0]"
4352,59.166.0.5,*,149.171.126.4,63656,*,*,*,"[0, 0, 0, 0, 0, 0, 0, 0, 0, 4, 0, 0, 0]"
4353,59.166.0.5,*,149.171.126.4,65504,*,*,*,"[0, 0, 0, 0, 0, 0, 0, 0, 0, 4, 0, 0, 0]"
4354,59.166.0.5,*,149.171.126.4,23815,*,*,*,"[0, 0, 0, 0, 0, 0, 0, 0, 0, 0, 2, 0, 0]"
4355,59.166.0.5,*,149.171.126.4,23898,*,*,*,"[0, 0, 0, 0, 0, 0, 0, 0, 0, 0, 2, 0, 0]"
4356,59.166.0.5,*,149.171.126.4,25885,*,*,*,"[0, 0, 0, 0, 0, 0, 0, 0, 0, 0, 2, 0, 0]"
4357,59.166.0.5,*,149.171.126.4,32991,*,*,*,"[0, 0, 0, 0, 0, 0, 0, 0, 0, 0, 2, 0, 0]"
4358,59.166.0.5,*,149.171.126.4,34316,*,*,*,"[0, 0, 0, 0, 0, 0, 0, 0, 0, 0, 2, 0, 0]"
4359,59.166.0.5,*,149.171.126.4,43493,*,*,*,"[0, 0, 0, 0, 0, 0, 0, 0, 0, 0, 2, 0, 0]"
4360,59.166.0.5,*,149.171.126.4,49991,*,*,*,"[0, 0, 0, 0, 0, 0, 0, 0, 0, 0, 2, 0, 0]"
4361,59.166.0.5,*,149.171.126.4,53517,*,*,*,"[0, 0, 0, 0, 0, 0, 0, 0, 0, 0, 2, 0, 0]"
4362,59.166.0.5,*,149.171.126.4,57668,*,*,*,"[0, 0, 0, 0, 0, 0, 0, 0, 0, 0, 2, 0, 0]"
4363,59.166.0.5,*,149.171.126.4,10394,*,*,*,"[0, 0, 0, 0, 0, 0, 0, 0, 0, 0, 0, 0, 4]"
4364,59.166.0.5,*,149.171.126.4,16398,*,*,*,"[0, 0, 0, 0, 0, 0, 0, 0, 0, 0, 0, 0, 3]"
4365,59.166.0.5,*,149.171.126.4,19518,*,*,*,"[0, 0, 0, 0, 0, 0, 0, 0, 0, 0, 0, 0, 4]"
4366,59.166.0.5,*,149.171.126.4,32528,*,*,*,"[0, 0, 0, 0, 0, 0, 0, 0, 0, 0, 0, 0, 4]"
4367,59.166.0.5,*,149.171.126.4,53740,*,*,*,"[0, 0, 0, 0, 0, 0, 0, 0, 0, 0, 0, 0, 3]"
4368,59.166.0.5,*,149.171.126.4,56959,*,*,*,"[0, 0, 0, 0, 0, 0, 0, 0, 0, 0, 0, 0, 3]"
4369,59.166.0.5,*,149.171.126.5,111,*,*,*,"[11, 19, 11, 15, 11, 6, 14, 6, 15, 13, 15, 10, 10]"
4370,59.166.0.5,*,149.171.126.5,143,*,*,*,"[5, 6, 9, 2, 8, 7, 3, 4, 3, 3, 5, 10, 4]"
4371,59.166.0.5,*,149.171.126.5,17087,*,*,*,"[2, 0, 0, 0, 0, 0, 0, 0, 0, 0, 0, 0, 0]"
4372,59.166.0.5,*,149.171.126.5,18023,*,*,*,"[4, 0, 0, 0, 0, 0, 0, 0, 0, 0, 0, 0, 0]"
4373,59.166.0.5,*,149.171.126.5,21,*,*,*,"[10, 4, 11, 3, 4, 6, 4, 3, 2, 4, 2, 5, 7]"
4374,59.166.0.5,*,149.171.126.5,22,*,*,*,"[5, 9, 4, 16, 7, 5, 4, 0, 5, 6, 7, 12, 12]"
4375,59.166.0.5,*,149.171.126.5,25,*,*,*,"[13, 10, 11, 9, 12, 10, 13, 6, 6, 14, 14, 5, 16]"
4376,59.166.0.5,*,149.171.126.5,27934,*,*,*,"[3, 0, 0, 0, 0, 0, 0, 0, 0, 0, 0, 0, 0]"
4377,59.166.0.5,*,149.171.126.5,32664,*,*,*,"[4, 0, 0, 0, 0, 0, 0, 0, 0, 0, 0, 0, 0]"
4378,59.166.0.5,*,149.171.126.5,35719,*,*,*,"[3, 0, 0, 0, 0, 0, 0, 0, 0, 0, 0, 0, 0]"
4379,59.166.0.5,*,149.171.126.5,42130,*,*,*,"[3, 0, 0, 0, 0, 0, 0, 0, 0, 0, 0, 0, 0]"
4380,59.166.0.5,*,149.171.126.5,45548,*,*,*,"[2, 0, 0, 0, 0, 0, 0, 0, 0, 0, 0, 0, 0]"
4381,59.166.0.5,*,149.171.126.5,4950,*,*,*,"[4, 0, 0, 0, 0, 0, 0, 0, 0, 0, 0, 0, 0]"
4382,59.166.0.5,*,149.171.126.5,5190,*,*,*,"[19, 35, 20, 10, 16, 20, 19, 15, 15, 18, 15, 16, 12]"
4383,59.166.0.5,*,149.171.126.5,52796,*,*,*,"[2, 0, 0, 0, 0, 0, 0, 0, 0, 0, 0, 0, 0]"
4384,59.166.0.5,*,149.171.126.5,53,*,*,*,"[66, 43, 61, 58, 55, 47, 62, 48, 60, 47, 50, 51, 47]"
4385,59.166.0.5,*,149.171.126.5,6881,*,*,*,"[12, 24, 18, 18, 30, 0, 45, 79, 18, 6, 18, 0, 49]"
4386,59.166.0.5,*,149.171.126.5,80,*,*,*,"[41, 18, 35, 27, 20, 32, 33, 26, 34, 29, 30, 19, 24]"
4387,59.166.0.5,*,149.171.126.5,17751,*,*,*,"[0, 0, 3, 0, 0, 0, 0, 0, 0, 0, 0, 0, 0]"
4388,59.166.0.5,*,149.171.126.5,43267,*,*,*,"[0, 2, 0, 0, 0, 0, 0, 0, 0, 0, 0, 0, 0]"
4389,59.166.0.5,*,149.171.126.5,57753,*,*,*,"[0, 2, 0, 0, 0, 0, 0, 0, 0, 0, 0, 0, 0]"
4390,59.166.0.5,*,149.171.126.5,61834,*,*,*,"[0, 2, 0, 0, 0, 0, 0, 0, 0, 0, 0, 0, 0]"
4391,59.166.0.5,*,149.171.126.5,7644,*,*,*,"[0, 0, 3, 0, 0, 0, 0, 0, 0, 0, 0, 0, 0]"
4392,59.166.0.5,*,149.171.126.5,9620,*,*,*,"[0, 0, 3, 0, 0, 0, 0, 0, 0, 0, 0, 0, 0]"
4393,59.166.0.5,*,149.171.126.5,1254,*,*,*,"[0, 0, 3, 0, 0, 0, 0, 0, 0, 0, 0, 0, 0]"
4394,59.166.0.5,*,149.171.126.5,13142,*,*,*,"[0, 0, 2, 0, 0, 0, 0, 0, 0, 0, 0, 0, 0]"
4395,59.166.0.5,*,149.171.126.5,27976,*,*,*,"[0, 0, 2, 0, 0, 0, 0, 0, 0, 0, 0, 0, 0]"
4396,59.166.0.5,*,149.171.126.5,34154,*,*,*,"[0, 0, 3, 0, 0, 0, 0, 0, 0, 0, 0, 0, 0]"
4397,59.166.0.5,*,149.171.126.5,35397,*,*,*,"[0, 0, 2, 0, 0, 0, 0, 0, 0, 0, 0, 0, 0]"
4398,59.166.0.5,*,149.171.126.5,61745,*,*,*,"[0, 0, 3, 0, 0, 0, 0, 0, 0, 0, 0, 0, 0]"
4399,59.166.0.5,*,149.171.126.5,36222,*,*,*,"[0, 0, 0, 0, 2, 0, 0, 0, 0, 0, 0, 0, 0]"
4400,59.166.0.5,*,149.171.126.5,5131,*,*,*,"[0, 0, 0, 0, 2, 0, 0, 0, 0, 0, 0, 0, 0]"
4401,59.166.0.5,*,149.171.126.5,56995,*,*,*,"[0, 0, 0, 0, 2, 0, 0, 0, 0, 0, 0, 0, 0]"
4402,59.166.0.5,*,149.171.126.5,18292,*,*,*,"[0, 0, 0, 0, 0, 2, 0, 0, 0, 0, 0, 0, 0]"
4403,59.166.0.5,*,149.171.126.5,18741,*,*,*,"[0, 0, 0, 0, 0, 2, 0, 0, 0, 0, 0, 0, 0]"
4404,59.166.0.5,*,149.171.126.5,28875,*,*,*,"[0, 0, 0, 0, 0, 2, 0, 0, 0, 0, 0, 0, 0]"
4405,59.166.0.5,*,149.171.126.5,54475,*,*,*,"[0, 0, 0, 0, 0, 0, 0, 2, 0, 0, 0, 0, 0]"
4406,59.166.0.5,*,149.171.126.5,55348,*,*,*,"[0, 0, 0, 0, 0, 0, 0, 2, 0, 0, 0, 0, 0]"
4407,59.166.0.5,*,149.171.126.5,64665,*,*,*,"[0, 0, 0, 0, 0, 0, 0, 2, 0, 0, 0, 0, 0]"
4408,59.166.0.5,*,149.171.126.5,62821,*,*,*,"[0, 0, 0, 0, 0, 0, 0, 0, 0, 2, 0, 0, 0]"
4409,59.166.0.5,*,149.171.126.5,63656,*,*,*,"[0, 0, 0, 0, 0, 0, 0, 0, 0, 2, 0, 0, 0]"
4410,59.166.0.5,*,149.171.126.5,65504,*,*,*,"[0, 0, 0, 0, 0, 0, 0, 0, 0, 2, 0, 0, 0]"
4411,59.166.0.5,*,149.171.126.5,25974,*,*,*,"[0, 0, 0, 0, 0, 0, 0, 0, 0, 0, 0, 2, 0]"
4412,59.166.0.5,*,149.171.126.5,36781,*,*,*,"[0, 0, 0, 0, 0, 0, 0, 0, 0, 0, 0, 2, 0]"
4413,59.166.0.5,*,149.171.126.5,56852,*,*,*,"[0, 0, 0, 0, 0, 0, 0, 0, 0, 0, 0, 2, 0]"
4414,59.166.0.5,*,149.171.126.5,10394,*,*,*,"[0, 0, 0, 0, 0, 0, 0, 0, 0, 0, 0, 0, 2]"
4415,59.166.0.5,*,149.171.126.5,16398,*,*,*,"[0, 0, 0, 0, 0, 0, 0, 0, 0, 0, 0, 0, 3]"
4416,59.166.0.5,*,149.171.126.5,19518,*,*,*,"[0, 0, 0, 0, 0, 0, 0, 0, 0, 0, 0, 0, 2]"
4417,59.166.0.5,*,149.171.126.5,32528,*,*,*,"[0, 0, 0, 0, 0, 0, 0, 0, 0, 0, 0, 0, 2]"
4418,59.166.0.5,*,149.171.126.5,53740,*,*,*,"[0, 0, 0, 0, 0, 0, 0, 0, 0, 0, 0, 0, 3]"
4419,59.166.0.5,*,149.171.126.5,56959,*,*,*,"[0, 0, 0, 0, 0, 0, 0, 0, 0, 0, 0, 0, 3]"
4420,59.166.0.5,*,149.171.126.6,111,*,*,*,"[7, 12, 10, 13, 12, 14, 15, 13, 20, 13, 13, 9, 6]"
4421,59.166.0.5,*,149.171.126.6,143,*,*,*,"[10, 13, 8, 2, 5, 8, 5, 5, 8, 5, 9, 6, 11]"
4422,59.166.0.5,*,149.171.126.6,21,*,*,*,"[6, 3, 9, 6, 7, 5, 6, 0, 5, 3, 3, 8, 4]"
4423,59.166.0.5,*,149.171.126.6,22,*,*,*,"[2, 2, 8, 18, 6, 7, 4, 3, 6, 7, 11, 13, 9]"
4424,59.166.0.5,*,149.171.126.6,25,*,*,*,"[14, 16, 12, 10, 11, 9, 11, 6, 16, 8, 8, 8, 12]"
4425,59.166.0.5,*,149.171.126.6,27934,*,*,*,"[2, 0, 0, 0, 0, 0, 0, 0, 0, 0, 0, 0, 0]"
4426,59.166.0.5,*,149.171.126.6,35719,*,*,*,"[2, 0, 0, 0, 0, 0, 0, 0, 0, 0, 0, 0, 0]"
4427,59.166.0.5,*,149.171.126.6,42130,*,*,*,"[2, 0, 0, 0, 0, 0, 0, 0, 0, 0, 0, 0, 0]"
4428,59.166.0.5,*,149.171.126.6,5190,*,*,*,"[22, 28, 13, 12, 14, 20, 20, 12, 16, 13, 24, 17, 15]"
4429,59.166.0.5,*,149.171.126.6,52801,*,*,*,"[3, 0, 0, 0, 0, 0, 0, 0, 0, 0, 0, 0, 0]"
4430,59.166.0.5,*,149.171.126.6,53,*,*,*,"[55, 64, 57, 54, 57, 45, 41, 36, 57, 48, 48, 43, 57]"
4431,59.166.0.5,*,149.171.126.6,56048,*,*,*,"[3, 0, 0, 0, 0, 0, 0, 0, 0, 0, 0, 0, 0]"
4432,59.166.0.5,*,149.171.126.6,64030,*,*,*,"[3, 0, 0, 0, 0, 0, 0, 0, 0, 0, 0, 0, 0]"
4433,59.166.0.5,*,149.171.126.6,6881,*,*,*,"[12, 6, 24, 24, 18, 6, 42, 43, 44, 24, 12, 6, 42]"
4434,59.166.0.5,*,149.171.126.6,80,*,*,*,"[36, 25, 16, 31, 31, 30, 28, 30, 36, 17, 30, 23, 32]"
4435,59.166.0.5,*,149.171.126.6,1254,*,*,*,"[0, 0, 2, 0, 0, 0, 0, 0, 0, 0, 0, 0, 0]"
4436,59.166.0.5,*,149.171.126.6,14987,*,*,*,"[0, 0, 2, 0, 0, 0, 0, 0, 0, 0, 0, 0, 0]"
4437,59.166.0.5,*,149.171.126.6,26927,*,*,*,"[0, 0, 4, 0, 0, 0, 0, 0, 0, 0, 0, 0, 0]"
4438,59.166.0.5,*,149.171.126.6,2869,*,*,*,"[0, 0, 2, 0, 0, 0, 0, 0, 0, 0, 0, 0, 0]"
4439,59.166.0.5,*,149.171.126.6,3398,*,*,*,"[0, 0, 2, 0, 0, 0, 0, 0, 0, 0, 0, 0, 0]"
4440,59.166.0.5,*,149.171.126.6,34154,*,*,*,"[0, 0, 2, 0, 0, 0, 0, 0, 0, 0, 0, 0, 0]"
4441,59.166.0.5,*,149.171.126.6,34484,*,*,*,"[0, 0, 4, 0, 0, 0, 0, 0, 0, 0, 0, 0, 0]"
4442,59.166.0.5,*,149.171.126.6,60997,*,*,*,"[0, 0, 4, 0, 0, 0, 0, 0, 0, 0, 0, 0, 0]"
4443,59.166.0.5,*,149.171.126.6,61745,*,*,*,"[0, 0, 2, 0, 0, 0, 0, 0, 0, 0, 0, 0, 0]"
4444,59.166.0.5,*,149.171.126.6,11680,*,*,*,"[0, 0, 0, 2, 0, 0, 0, 0, 0, 0, 0, 0, 0]"
4445,59.166.0.5,*,149.171.126.6,1397,*,*,*,"[0, 0, 0, 2, 0, 0, 0, 0, 0, 0, 0, 0, 0]"
4446,59.166.0.5,*,149.171.126.6,21831,*,*,*,"[0, 0, 0, 2, 0, 0, 0, 0, 0, 0, 0, 0, 0]"
4447,59.166.0.5,*,149.171.126.6,30639,*,*,*,"[0, 0, 0, 2, 0, 0, 0, 0, 0, 0, 0, 0, 0]"
4448,59.166.0.5,*,149.171.126.6,32912,*,*,*,"[0, 0, 0, 2, 0, 0, 0, 0, 0, 0, 0, 0, 0]"
4449,59.166.0.5,*,149.171.126.6,44685,*,*,*,"[0, 0, 0, 2, 0, 0, 0, 0, 0, 0, 0, 0, 0]"
4450,59.166.0.5,*,149.171.126.6,45133,*,*,*,"[0, 0, 0, 2, 0, 0, 0, 0, 0, 0, 0, 0, 0]"
4451,59.166.0.5,*,149.171.126.6,57588,*,*,*,"[0, 0, 0, 2, 0, 0, 0, 0, 0, 0, 0, 0, 0]"
4452,59.166.0.5,*,149.171.126.6,58003,*,*,*,"[0, 0, 0, 2, 0, 0, 0, 0, 0, 0, 0, 0, 0]"
4453,59.166.0.5,*,149.171.126.6,11821,*,*,*,"[0, 0, 0, 0, 2, 0, 0, 0, 0, 0, 0, 0, 0]"
4454,59.166.0.5,*,149.171.126.6,15171,*,*,*,"[0, 0, 0, 0, 2, 0, 0, 0, 0, 0, 0, 0, 0]"
4455,59.166.0.5,*,149.171.126.6,17268,*,*,*,"[0, 0, 0, 0, 2, 0, 0, 0, 0, 0, 0, 0, 0]"
4456,59.166.0.5,*,149.171.126.6,36222,*,*,*,"[0, 0, 0, 0, 2, 0, 0, 0, 0, 0, 0, 0, 0]"
4457,59.166.0.5,*,149.171.126.6,5131,*,*,*,"[0, 0, 0, 0, 2, 0, 0, 0, 0, 0, 0, 0, 0]"
4458,59.166.0.5,*,149.171.126.6,56995,*,*,*,"[0, 0, 0, 0, 2, 0, 0, 0, 0, 0, 0, 0, 0]"
4459,59.166.0.5,*,149.171.126.6,15398,*,*,*,"[0, 0, 0, 0, 0, 0, 2, 0, 0, 0, 0, 0, 0]"
4460,59.166.0.5,*,149.171.126.6,26416,*,*,*,"[0, 0, 0, 0, 0, 0, 2, 0, 0, 0, 0, 0, 0]"
4461,59.166.0.5,*,149.171.126.6,32328,*,*,*,"[0, 0, 0, 0, 0, 0, 2, 0, 0, 0, 0, 0, 0]"
4462,59.166.0.5,*,149.171.126.6,54484,*,*,*,"[0, 0, 0, 0, 0, 0, 2, 0, 0, 0, 0, 0, 0]"
4463,59.166.0.5,*,149.171.126.6,60641,*,*,*,"[0, 0, 0, 0, 0, 0, 2, 0, 0, 0, 0, 0, 0]"
4464,59.166.0.5,*,149.171.126.6,9851,*,*,*,"[0, 0, 0, 0, 0, 0, 2, 0, 0, 0, 0, 0, 0]"
4465,59.166.0.5,*,149.171.126.6,10198,*,*,*,"[0, 0, 0, 0, 0, 0, 0, 0, 2, 0, 0, 0, 0]"
4466,59.166.0.5,*,149.171.126.6,24196,*,*,*,"[0, 0, 0, 0, 0, 0, 0, 0, 2, 0, 0, 0, 0]"
4467,59.166.0.5,*,149.171.126.6,35231,*,*,*,"[0, 0, 0, 0, 0, 0, 0, 0, 2, 0, 0, 0, 0]"
4468,59.166.0.5,*,149.171.126.6,25031,*,*,*,"[0, 0, 0, 0, 0, 0, 0, 0, 0, 2, 0, 0, 0]"
4469,59.166.0.5,*,149.171.126.6,33513,*,*,*,"[0, 0, 0, 0, 0, 0, 0, 0, 0, 2, 0, 0, 0]"
4470,59.166.0.5,*,149.171.126.6,47628,*,*,*,"[0, 0, 0, 0, 0, 0, 0, 0, 0, 2, 0, 0, 0]"
4471,59.166.0.5,*,149.171.126.6,34316,*,*,*,"[0, 0, 0, 0, 0, 0, 0, 0, 0, 0, 3, 0, 0]"
4472,59.166.0.5,*,149.171.126.6,43493,*,*,*,"[0, 0, 0, 0, 0, 0, 0, 0, 0, 0, 3, 0, 0]"
4473,59.166.0.5,*,149.171.126.6,53517,*,*,*,"[0, 0, 0, 0, 0, 0, 0, 0, 0, 0, 3, 0, 0]"
4474,59.166.0.5,*,149.171.126.6,13904,*,*,*,"[0, 0, 0, 0, 0, 0, 0, 0, 0, 0, 0, 2, 0]"
4475,59.166.0.5,*,149.171.126.6,25974,*,*,*,"[0, 0, 0, 0, 0, 0, 0, 0, 0, 0, 0, 2, 0]"
4476,59.166.0.5,*,149.171.126.6,36781,*,*,*,"[0, 0, 0, 0, 0, 0, 0, 0, 0, 0, 0, 2, 0]"
4477,59.166.0.5,*,149.171.126.6,41227,*,*,*,"[0, 0, 0, 0, 0, 0, 0, 0, 0, 0, 0, 2, 0]"
4478,59.166.0.5,*,149.171.126.6,55155,*,*,*,"[0, 0, 0, 0, 0, 0, 0, 0, 0, 0, 0, 2, 0]"
4479,59.166.0.5,*,149.171.126.6,56334,*,*,*,"[0, 0, 0, 0, 0, 0, 0, 0, 0, 0, 0, 2, 0]"
4480,59.166.0.5,*,149.171.126.6,56852,*,*,*,"[0, 0, 0, 0, 0, 0, 0, 0, 0, 0, 0, 2, 0]"
4481,59.166.0.5,*,149.171.126.6,63238,*,*,*,"[0, 0, 0, 0, 0, 0, 0, 0, 0, 0, 0, 2, 0]"
4482,59.166.0.5,*,149.171.126.6,6786,*,*,*,"[0, 0, 0, 0, 0, 0, 0, 0, 0, 0, 0, 2, 0]"
4483,59.166.0.5,*,149.171.126.6,21133,*,*,*,"[0, 0, 0, 0, 0, 0, 0, 0, 0, 0, 0, 0, 2]"
4484,59.166.0.5,*,149.171.126.6,48182,*,*,*,"[0, 0, 0, 0, 0, 0, 0, 0, 0, 0, 0, 0, 2]"
4485,59.166.0.5,*,149.171.126.6,63753,*,*,*,"[0, 0, 0, 0, 0, 0, 0, 0, 0, 0, 0, 0, 2]"
4486,59.166.0.5,*,149.171.126.7,111,*,*,*,"[9, 16, 13, 9, 14, 7, 17, 12, 10, 10, 8, 6, 6]"
4487,59.166.0.5,*,149.171.126.7,143,*,*,*,"[5, 6, 9, 7, 6, 6, 8, 9, 6, 11, 2, 3, 7]"
4488,59.166.0.5,*,149.171.126.7,21,*,*,*,"[4, 7, 5, 5, 8, 7, 3, 6, 3, 4, 6, 6, 6]"
4489,59.166.0.5,*,149.171.126.7,22,*,*,*,"[2, 9, 7, 9, 6, 9, 4, 3, 5, 5, 8, 4, 7]"
4490,59.166.0.5,*,149.171.126.7,25,*,*,*,"[8, 7, 5, 13, 3, 10, 9, 8, 8, 14, 11, 10, 10]"
4491,59.166.0.5,*,149.171.126.7,5190,*,*,*,"[23, 24, 21, 15, 8, 26, 22, 12, 19, 21, 25, 22, 17]"
4492,59.166.0.5,*,149.171.126.7,53,*,*,*,"[54, 47, 48, 42, 59, 47, 50, 37, 45, 47, 52, 40, 39]"
4493,59.166.0.5,*,149.171.126.7,6881,*,*,*,"[6, 12, 12, 18, 18, 0, 48, 36, 36, 6, 18, 12, 49]"
4494,59.166.0.5,*,149.171.126.7,80,*,*,*,"[35, 29, 33, 33, 27, 27, 24, 29, 33, 29, 26, 24, 35]"
4495,59.166.0.5,*,149.171.126.7,14724,*,*,*,"[0, 2, 0, 0, 0, 0, 0, 0, 0, 0, 0, 0, 0]"
4496,59.166.0.5,*,149.171.126.7,3062,*,*,*,"[0, 3, 0, 0, 0, 0, 0, 0, 0, 0, 0, 0, 0]"
4497,59.166.0.5,*,149.171.126.7,31010,*,*,*,"[0, 2, 0, 0, 0, 0, 0, 0, 0, 0, 0, 0, 0]"
4498,59.166.0.5,*,149.171.126.7,34463,*,*,*,"[0, 3, 0, 0, 0, 0, 0, 0, 0, 0, 0, 0, 0]"
4499,59.166.0.5,*,149.171.126.7,38395,*,*,*,"[0, 3, 0, 0, 0, 0, 0, 0, 0, 0, 0, 0, 0]"
4500,59.166.0.5,*,149.171.126.7,49439,*,*,*,"[0, 2, 0, 0, 0, 0, 0, 0, 0, 0, 0, 0, 0]"
4501,59.166.0.5,*,149.171.126.7,61364,*,*,*,"[0, 2, 0, 0, 0, 0, 0, 0, 0, 0, 0, 0, 0]"
4502,59.166.0.5,*,149.171.126.7,13142,*,*,*,"[0, 0, 2, 0, 0, 0, 0, 0, 0, 0, 0, 0, 0]"
4503,59.166.0.5,*,149.171.126.7,27976,*,*,*,"[0, 0, 2, 0, 0, 0, 0, 0, 0, 0, 0, 0, 0]"
4504,59.166.0.5,*,149.171.126.7,30639,*,*,*,"[0, 0, 0, 2, 0, 0, 0, 0, 0, 0, 0, 0, 0]"
4505,59.166.0.5,*,149.171.126.7,35397,*,*,*,"[0, 0, 2, 0, 0, 0, 0, 0, 0, 0, 0, 0, 0]"
4506,59.166.0.5,*,149.171.126.7,57588,*,*,*,"[0, 0, 0, 2, 0, 0, 0, 0, 0, 0, 0, 0, 0]"
4507,59.166.0.5,*,149.171.126.7,58003,*,*,*,"[0, 0, 0, 2, 0, 0, 0, 0, 0, 0, 0, 0, 0]"
4508,59.166.0.5,*,149.171.126.7,20048,*,*,*,"[0, 0, 0, 2, 0, 0, 0, 0, 0, 0, 0, 0, 0]"
4509,59.166.0.5,*,149.171.126.7,54131,*,*,*,"[0, 0, 0, 2, 0, 0, 0, 0, 0, 0, 0, 0, 0]"
4510,59.166.0.5,*,149.171.126.7,57521,*,*,*,"[0, 0, 0, 2, 0, 0, 0, 0, 0, 0, 0, 0, 0]"
4511,59.166.0.5,*,149.171.126.7,12916,*,*,*,"[0, 0, 0, 0, 2, 0, 0, 0, 0, 0, 0, 0, 0]"
4512,59.166.0.5,*,149.171.126.7,29238,*,*,*,"[0, 0, 0, 0, 2, 0, 0, 0, 0, 0, 0, 0, 0]"
4513,59.166.0.5,*,149.171.126.7,33656,*,*,*,"[0, 0, 0, 0, 2, 0, 0, 0, 0, 0, 0, 0, 0]"
4514,59.166.0.5,*,149.171.126.7,34073,*,*,*,"[0, 0, 0, 0, 2, 0, 0, 0, 0, 0, 0, 0, 0]"
4515,59.166.0.5,*,149.171.126.7,36222,*,*,*,"[0, 0, 0, 0, 2, 0, 0, 0, 0, 0, 0, 0, 0]"
4516,59.166.0.5,*,149.171.126.7,4323,*,*,*,"[0, 0, 0, 0, 2, 0, 0, 0, 0, 0, 0, 0, 0]"
4517,59.166.0.5,*,149.171.126.7,45633,*,*,*,"[0, 0, 0, 0, 2, 0, 0, 0, 0, 0, 0, 0, 0]"
4518,59.166.0.5,*,149.171.126.7,5131,*,*,*,"[0, 0, 0, 0, 2, 0, 0, 0, 0, 0, 0, 0, 0]"
4519,59.166.0.5,*,149.171.126.7,5491,*,*,*,"[0, 0, 0, 0, 2, 0, 0, 0, 0, 0, 0, 0, 0]"
4520,59.166.0.5,*,149.171.126.7,56995,*,*,*,"[0, 0, 0, 0, 2, 0, 0, 0, 0, 0, 0, 0, 0]"
4521,59.166.0.5,*,149.171.126.7,15489,*,*,*,"[0, 0, 0, 0, 0, 2, 0, 0, 0, 0, 0, 0, 0]"
4522,59.166.0.5,*,149.171.126.7,18292,*,*,*,"[0, 0, 0, 0, 0, 3, 0, 0, 0, 0, 0, 0, 0]"
4523,59.166.0.5,*,149.171.126.7,18741,*,*,*,"[0, 0, 0, 0, 0, 3, 0, 0, 0, 0, 0, 0, 0]"
4524,59.166.0.5,*,149.171.126.7,28875,*,*,*,"[0, 0, 0, 0, 0, 3, 0, 0, 0, 0, 0, 0, 0]"
4525,59.166.0.5,*,149.171.126.7,34138,*,*,*,"[0, 0, 0, 0, 0, 2, 0, 0, 0, 0, 0, 0, 0]"
4526,59.166.0.5,*,149.171.126.7,42523,*,*,*,"[0, 0, 0, 0, 0, 2, 0, 0, 0, 0, 0, 0, 0]"
4527,59.166.0.5,*,149.171.126.7,10397,*,*,*,"[0, 0, 0, 0, 0, 0, 0, 2, 0, 0, 0, 0, 0]"
4528,59.166.0.5,*,149.171.126.7,17562,*,*,*,"[0, 0, 0, 0, 0, 0, 0, 2, 0, 0, 0, 0, 0]"
4529,59.166.0.5,*,149.171.126.7,44321,*,*,*,"[0, 0, 0, 0, 0, 0, 0, 2, 0, 0, 0, 0, 0]"
4530,59.166.0.5,*,149.171.126.7,56658,*,*,*,"[0, 0, 0, 0, 0, 0, 0, 2, 0, 0, 0, 0, 0]"
4531,59.166.0.5,*,149.171.126.7,58238,*,*,*,"[0, 0, 0, 0, 0, 0, 0, 2, 0, 0, 0, 0, 0]"
4532,59.166.0.5,*,149.171.126.7,63870,*,*,*,"[0, 0, 0, 0, 0, 0, 0, 2, 0, 0, 0, 0, 0]"
4533,59.166.0.5,*,149.171.126.7,1906,*,*,*,"[0, 0, 0, 0, 0, 0, 0, 0, 0, 2, 0, 0, 0]"
4534,59.166.0.5,*,149.171.126.7,3038,*,*,*,"[0, 0, 0, 0, 0, 0, 0, 0, 0, 2, 0, 0, 0]"
4535,59.166.0.5,*,149.171.126.7,54587,*,*,*,"[0, 0, 0, 0, 0, 0, 0, 0, 0, 2, 0, 0, 0]"
4536,59.166.0.5,*,149.171.126.7,16120,*,*,*,"[0, 0, 0, 0, 0, 0, 0, 0, 0, 0, 2, 0, 0]"
4537,59.166.0.5,*,149.171.126.7,62120,*,*,*,"[0, 0, 0, 0, 0, 0, 0, 0, 0, 0, 2, 0, 0]"
4538,59.166.0.5,*,149.171.126.7,64158,*,*,*,"[0, 0, 0, 0, 0, 0, 0, 0, 0, 0, 2, 0, 0]"
4539,59.166.0.5,*,149.171.126.7,41227,*,*,*,"[0, 0, 0, 0, 0, 0, 0, 0, 0, 0, 0, 3, 0]"
4540,59.166.0.5,*,149.171.126.7,63238,*,*,*,"[0, 0, 0, 0, 0, 0, 0, 0, 0, 0, 0, 3, 0]"
4541,59.166.0.5,*,149.171.126.7,6786,*,*,*,"[0, 0, 0, 0, 0, 0, 0, 0, 0, 0, 0, 3, 0]"
4542,59.166.0.5,*,149.171.126.7,13839,*,*,*,"[0, 0, 0, 0, 0, 0, 0, 0, 0, 0, 0, 0, 3]"
4543,59.166.0.5,*,149.171.126.7,26866,*,*,*,"[0, 0, 0, 0, 0, 0, 0, 0, 0, 0, 0, 0, 3]"
4544,59.166.0.5,*,149.171.126.7,50688,*,*,*,"[0, 0, 0, 0, 0, 0, 0, 0, 0, 0, 0, 0, 3]"
4545,59.166.0.5,*,149.171.126.8,111,*,*,*,"[7, 10, 13, 7, 8, 10, 8, 12, 16, 10, 4, 12, 16]"
4546,59.166.0.5,*,149.171.126.8,143,*,*,*,"[7, 13, 3, 9, 5, 5, 7, 9, 8, 11, 6, 5, 3]"
4547,59.166.0.5,*,149.171.126.8,21,*,*,*,"[3, 4, 5, 3, 4, 4, 6, 3, 5, 4, 2, 2, 5]"
4548,59.166.0.5,*,149.171.126.8,22,*,*,*,"[0, 6, 4, 7, 13, 8, 0, 3, 5, 6, 5, 8, 12]"
4549,59.166.0.5,*,149.171.126.8,25,*,*,*,"[13, 17, 7, 12, 7, 9, 13, 3, 11, 9, 13, 12, 11]"
4550,59.166.0.5,*,149.171.126.8,5190,*,*,*,"[23, 28, 10, 10, 16, 14, 24, 6, 14, 18, 11, 16, 14]"
4551,59.166.0.5,*,149.171.126.8,53,*,*,*,"[45, 45, 50, 48, 57, 26, 48, 41, 59, 54, 41, 45, 75]"
4552,59.166.0.5,*,149.171.126.8,6881,*,*,*,"[12, 18, 12, 37, 12, 12, 61, 48, 30, 6, 30, 18, 36]"
4553,59.166.0.5,*,149.171.126.8,80,*,*,*,"[29, 27, 24, 26, 29, 19, 29, 39, 33, 23, 31, 21, 34]"
4554,59.166.0.5,*,149.171.126.8,13142,*,*,*,"[0, 2, 0, 0, 0, 0, 0, 0, 0, 0, 0, 0, 0]"
4555,59.166.0.5,*,149.171.126.8,27976,*,*,*,"[0, 2, 0, 0, 0, 0, 0, 0, 0, 0, 0, 0, 0]"
4556,59.166.0.5,*,149.171.126.8,35397,*,*,*,"[0, 2, 0, 0, 0, 0, 0, 0, 0, 0, 0, 0, 0]"
4557,59.166.0.5,*,149.171.126.8,43267,*,*,*,"[0, 2, 0, 0, 0, 0, 0, 0, 0, 0, 0, 0, 0]"
4558,59.166.0.5,*,149.171.126.8,57753,*,*,*,"[0, 2, 0, 0, 0, 0, 0, 0, 0, 0, 0, 0, 0]"
4559,59.166.0.5,*,149.171.126.8,61834,*,*,*,"[0, 2, 0, 0, 0, 0, 0, 0, 0, 0, 0, 0, 0]"
4560,59.166.0.5,*,149.171.126.8,6724,*,*,*,"[0, 0, 0, 2, 0, 0, 0, 0, 0, 0, 0, 0, 0]"
4561,59.166.0.5,*,149.171.126.8,12916,*,*,*,"[0, 0, 0, 0, 2, 0, 0, 0, 0, 0, 0, 0, 0]"
4562,59.166.0.5,*,149.171.126.8,29238,*,*,*,"[0, 0, 0, 0, 2, 0, 0, 0, 0, 0, 0, 0, 0]"
4563,59.166.0.5,*,149.171.126.8,33656,*,*,*,"[0, 0, 0, 0, 2, 0, 0, 0, 0, 0, 0, 0, 0]"
4564,59.166.0.5,*,149.171.126.8,26373,*,*,*,"[0, 0, 0, 0, 0, 2, 0, 0, 0, 0, 0, 0, 0]"
4565,59.166.0.5,*,149.171.126.8,40239,*,*,*,"[0, 0, 0, 0, 0, 2, 0, 0, 0, 0, 0, 0, 0]"
4566,59.166.0.5,*,149.171.126.8,6517,*,*,*,"[0, 0, 0, 0, 0, 2, 0, 0, 0, 0, 0, 0, 0]"
4567,59.166.0.5,*,149.171.126.8,21049,*,*,*,"[0, 0, 0, 0, 0, 0, 2, 0, 0, 0, 0, 0, 0]"
4568,59.166.0.5,*,149.171.126.8,31861,*,*,*,"[0, 0, 0, 0, 0, 0, 2, 0, 0, 0, 0, 0, 0]"
4569,59.166.0.5,*,149.171.126.8,35856,*,*,*,"[0, 0, 0, 0, 0, 0, 2, 0, 0, 0, 0, 0, 0]"
4570,59.166.0.5,*,149.171.126.8,44463,*,*,*,"[0, 0, 0, 0, 0, 0, 2, 0, 0, 0, 0, 0, 0]"
4571,59.166.0.5,*,149.171.126.8,46556,*,*,*,"[0, 0, 0, 0, 0, 0, 2, 0, 0, 0, 0, 0, 0]"
4572,59.166.0.5,*,149.171.126.8,49483,*,*,*,"[0, 0, 0, 0, 0, 0, 2, 0, 0, 0, 0, 0, 0]"
4573,59.166.0.5,*,149.171.126.8,11460,*,*,*,"[0, 0, 0, 0, 0, 0, 0, 0, 2, 0, 0, 0, 0]"
4574,59.166.0.5,*,149.171.126.8,13455,*,*,*,"[0, 0, 0, 0, 0, 0, 0, 0, 2, 0, 0, 0, 0]"
4575,59.166.0.5,*,149.171.126.8,26631,*,*,*,"[0, 0, 0, 0, 0, 0, 0, 0, 2, 0, 0, 0, 0]"
4576,59.166.0.5,*,149.171.126.8,22432,*,*,*,"[0, 0, 0, 0, 0, 0, 0, 0, 0, 2, 0, 0, 0]"
4577,59.166.0.5,*,149.171.126.8,46326,*,*,*,"[0, 0, 0, 0, 0, 0, 0, 0, 0, 2, 0, 0, 0]"
4578,59.166.0.5,*,149.171.126.8,46967,*,*,*,"[0, 0, 0, 0, 0, 0, 0, 0, 0, 2, 0, 0, 0]"
4579,59.166.0.5,*,149.171.126.8,44976,*,*,*,"[0, 0, 0, 0, 0, 0, 0, 0, 0, 0, 2, 0, 0]"
4580,59.166.0.5,*,149.171.126.8,45963,*,*,*,"[0, 0, 0, 0, 0, 0, 0, 0, 0, 0, 2, 0, 0]"
4581,59.166.0.5,*,149.171.126.8,58781,*,*,*,"[0, 0, 0, 0, 0, 0, 0, 0, 0, 0, 2, 0, 0]"
4582,59.166.0.5,*,149.171.126.8,16398,*,*,*,"[0, 0, 0, 0, 0, 0, 0, 0, 0, 0, 0, 0, 4]"
4583,59.166.0.5,*,149.171.126.8,53740,*,*,*,"[0, 0, 0, 0, 0, 0, 0, 0, 0, 0, 0, 0, 4]"
4584,59.166.0.5,*,149.171.126.8,56959,*,*,*,"[0, 0, 0, 0, 0, 0, 0, 0, 0, 0, 0, 0, 4]"
4585,59.166.0.5,*,149.171.126.9,111,*,*,*,"[10, 8, 14, 11, 10, 16, 13, 12, 9, 11, 5, 16, 14]"
4586,59.166.0.5,*,149.171.126.9,11399,*,*,*,"[2, 0, 0, 0, 0, 0, 0, 0, 0, 0, 0, 0, 0]"
4587,59.166.0.5,*,149.171.126.9,143,*,*,*,"[7, 10, 12, 9, 5, 3, 5, 6, 8, 3, 9, 4, 5]"
4588,59.166.0.5,*,149.171.126.9,21,*,*,*,"[6, 6, 4, 8, 8, 4, 6, 7, 9, 9, 8, 3, 2]"
4589,59.166.0.5,*,149.171.126.9,22,*,*,*,"[7, 7, 6, 10, 11, 7, 4, 0, 2, 6, 6, 12, 11]"
4590,59.166.0.5,*,149.171.126.9,25,*,*,*,"[12, 8, 10, 9, 18, 14, 16, 6, 11, 11, 10, 7, 13]"
4591,59.166.0.5,*,149.171.126.9,26143,*,*,*,"[2, 0, 0, 0, 0, 0, 0, 0, 0, 0, 0, 0, 0]"
4592,59.166.0.5,*,149.171.126.9,5190,*,*,*,"[16, 20, 20, 12, 16, 19, 24, 12, 16, 19, 17, 10, 9]"
4593,59.166.0.5,*,149.171.126.9,52294,*,*,*,"[2, 0, 0, 0, 0, 0, 0, 0, 0, 0, 0, 0, 0]"
4594,59.166.0.5,*,149.171.126.9,53,*,*,*,"[53, 59, 35, 53, 53, 37, 47, 56, 49, 56, 55, 51, 61]"
4595,59.166.0.5,*,149.171.126.9,6881,*,*,*,"[12, 6, 6, 12, 24, 32, 49, 38, 30, 0, 6, 19, 54]"
4596,59.166.0.5,*,149.171.126.9,80,*,*,*,"[21, 22, 26, 23, 33, 20, 27, 19, 27, 20, 21, 24, 42]"
4597,59.166.0.5,*,149.171.126.9,14724,*,*,*,"[0, 2, 0, 0, 0, 0, 0, 0, 0, 0, 0, 0, 0]"
4598,59.166.0.5,*,149.171.126.9,3062,*,*,*,"[0, 3, 0, 0, 0, 0, 0, 0, 0, 0, 0, 0, 0]"
4599,59.166.0.5,*,149.171.126.9,31010,*,*,*,"[0, 2, 0, 0, 0, 0, 0, 0, 0, 0, 0, 0, 0]"
4600,59.166.0.5,*,149.171.126.9,34463,*,*,*,"[0, 3, 0, 0, 0, 0, 0, 0, 0, 0, 0, 0, 0]"
4601,59.166.0.5,*,149.171.126.9,38395,*,*,*,"[0, 3, 0, 0, 0, 0, 0, 0, 0, 0, 0, 0, 0]"
4602,59.166.0.5,*,149.171.126.9,49439,*,*,*,"[0, 2, 0, 0, 0, 0, 0, 0, 0, 0, 0, 0, 0]"
4603,59.166.0.5,*,149.171.126.9,55882,*,*,*,"[0, 0, 2, 0, 0, 0, 0, 0, 0, 0, 0, 0, 0]"
4604,59.166.0.5,*,149.171.126.9,11680,*,*,*,"[0, 0, 0, 2, 0, 0, 0, 0, 0, 0, 0, 0, 0]"
4605,59.166.0.5,*,149.171.126.9,20048,*,*,*,"[0, 0, 0, 3, 0, 0, 0, 0, 0, 0, 0, 0, 0]"
4606,59.166.0.5,*,149.171.126.9,21446,*,*,*,"[0, 0, 0, 2, 0, 0, 0, 0, 0, 0, 0, 0, 0]"
4607,59.166.0.5,*,149.171.126.9,32912,*,*,*,"[0, 0, 0, 2, 0, 0, 0, 0, 0, 0, 0, 0, 0]"
4608,59.166.0.5,*,149.171.126.9,40725,*,*,*,"[0, 0, 0, 0, 2, 0, 0, 0, 0, 0, 0, 0, 0]"
4609,59.166.0.5,*,149.171.126.9,44685,*,*,*,"[0, 0, 0, 2, 0, 0, 0, 0, 0, 0, 0, 0, 0]"
4610,59.166.0.5,*,149.171.126.9,54131,*,*,*,"[0, 0, 0, 3, 0, 0, 0, 0, 0, 0, 0, 0, 0]"
4611,59.166.0.5,*,149.171.126.9,56243,*,*,*,"[0, 0, 0, 0, 2, 0, 0, 0, 0, 0, 0, 0, 0]"
4612,59.166.0.5,*,149.171.126.9,57521,*,*,*,"[0, 0, 0, 3, 0, 0, 0, 0, 0, 0, 0, 0, 0]"
4613,59.166.0.5,*,149.171.126.9,60335,*,*,*,"[0, 0, 0, 0, 2, 0, 0, 0, 0, 0, 0, 0, 0]"
4614,59.166.0.5,*,149.171.126.9,12319,*,*,*,"[0, 0, 0, 0, 2, 0, 0, 0, 0, 0, 0, 0, 0]"
4615,59.166.0.5,*,149.171.126.9,12916,*,*,*,"[0, 0, 0, 0, 2, 0, 0, 0, 0, 0, 0, 0, 0]"
4616,59.166.0.5,*,149.171.126.9,23773,*,*,*,"[0, 0, 0, 0, 2, 0, 0, 0, 0, 0, 0, 0, 0]"
4617,59.166.0.5,*,149.171.126.9,24550,*,*,*,"[0, 0, 0, 0, 2, 0, 0, 0, 0, 0, 0, 0, 0]"
4618,59.166.0.5,*,149.171.126.9,29238,*,*,*,"[0, 0, 0, 0, 2, 0, 0, 0, 0, 0, 0, 0, 0]"
4619,59.166.0.5,*,149.171.126.9,33656,*,*,*,"[0, 0, 0, 0, 2, 0, 0, 0, 0, 0, 0, 0, 0]"
4620,59.166.0.5,*,149.171.126.9,42265,*,*,*,"[0, 0, 0, 0, 2, 0, 0, 0, 0, 0, 0, 0, 0]"
4621,59.166.0.5,*,149.171.126.9,18292,*,*,*,"[0, 0, 0, 0, 0, 2, 0, 0, 0, 0, 0, 0, 0]"
4622,59.166.0.5,*,149.171.126.9,18741,*,*,*,"[0, 0, 0, 0, 0, 2, 0, 0, 0, 0, 0, 0, 0]"
4623,59.166.0.5,*,149.171.126.9,28875,*,*,*,"[0, 0, 0, 0, 0, 2, 0, 0, 0, 0, 0, 0, 0]"
4624,59.166.0.5,*,149.171.126.9,15398,*,*,*,"[0, 0, 0, 0, 0, 0, 2, 0, 0, 0, 0, 0, 0]"
4625,59.166.0.5,*,149.171.126.9,15419,*,*,*,"[0, 0, 0, 0, 0, 0, 2, 0, 0, 0, 0, 0, 0]"
4626,59.166.0.5,*,149.171.126.9,17562,*,*,*,"[0, 0, 0, 0, 0, 0, 0, 2, 0, 0, 0, 0, 0]"
4627,59.166.0.5,*,149.171.126.9,32328,*,*,*,"[0, 0, 0, 0, 0, 0, 2, 0, 0, 0, 0, 0, 0]"
4628,59.166.0.5,*,149.171.126.9,52639,*,*,*,"[0, 0, 0, 0, 0, 0, 2, 0, 0, 0, 0, 0, 0]"
4629,59.166.0.5,*,149.171.126.9,58238,*,*,*,"[0, 0, 0, 0, 0, 0, 0, 2, 0, 0, 0, 0, 0]"
4630,59.166.0.5,*,149.171.126.9,63870,*,*,*,"[0, 0, 0, 0, 0, 0, 0, 2, 0, 0, 0, 0, 0]"
4631,59.166.0.5,*,149.171.126.9,8051,*,*,*,"[0, 0, 0, 0, 0, 0, 2, 0, 0, 0, 0, 0, 0]"
4632,59.166.0.5,*,149.171.126.9,9851,*,*,*,"[0, 0, 0, 0, 0, 0, 2, 0, 0, 0, 0, 0, 0]"
4633,59.166.0.5,*,149.171.126.9,26416,*,*,*,"[0, 0, 0, 0, 0, 0, 0, 2, 0, 0, 0, 0, 0]"
4634,59.166.0.5,*,149.171.126.9,41643,*,*,*,"[0, 0, 0, 0, 0, 0, 0, 2, 2, 0, 0, 0, 0]"
4635,59.166.0.5,*,149.171.126.9,45637,*,*,*,"[0, 0, 0, 0, 0, 0, 0, 2, 2, 0, 0, 0, 0]"
4636,59.166.0.5,*,149.171.126.9,54484,*,*,*,"[0, 0, 0, 0, 0, 0, 0, 2, 0, 0, 0, 0, 0]"
4637,59.166.0.5,*,149.171.126.9,59699,*,*,*,"[0, 0, 0, 0, 0, 0, 0, 2, 2, 0, 0, 0, 0]"
4638,59.166.0.5,*,149.171.126.9,60641,*,*,*,"[0, 0, 0, 0, 0, 0, 0, 2, 0, 0, 0, 0, 0]"
4639,59.166.0.5,*,149.171.126.9,10198,*,*,*,"[0, 0, 0, 0, 0, 0, 0, 0, 2, 0, 0, 0, 0]"
4640,59.166.0.5,*,149.171.126.9,11460,*,*,*,"[0, 0, 0, 0, 0, 0, 0, 0, 2, 0, 0, 0, 0]"
4641,59.166.0.5,*,149.171.126.9,13455,*,*,*,"[0, 0, 0, 0, 0, 0, 0, 0, 2, 0, 0, 0, 0]"
4642,59.166.0.5,*,149.171.126.9,22627,*,*,*,"[0, 0, 0, 0, 0, 0, 0, 0, 2, 0, 0, 0, 0]"
4643,59.166.0.5,*,149.171.126.9,24196,*,*,*,"[0, 0, 0, 0, 0, 0, 0, 0, 2, 0, 0, 0, 0]"
4644,59.166.0.5,*,149.171.126.9,26631,*,*,*,"[0, 0, 0, 0, 0, 0, 0, 0, 2, 0, 0, 0, 0]"
4645,59.166.0.5,*,149.171.126.9,35231,*,*,*,"[0, 0, 0, 0, 0, 0, 0, 0, 2, 0, 0, 0, 0]"
4646,59.166.0.5,*,149.171.126.9,4212,*,*,*,"[0, 0, 0, 0, 0, 0, 0, 0, 2, 0, 0, 0, 0]"
4647,59.166.0.5,*,149.171.126.9,8998,*,*,*,"[0, 0, 0, 0, 0, 0, 0, 0, 2, 0, 0, 0, 0]"
4648,59.166.0.5,*,149.171.126.9,1906,*,*,*,"[0, 0, 0, 0, 0, 0, 0, 0, 0, 2, 0, 0, 0]"
4649,59.166.0.5,*,149.171.126.9,22432,*,*,*,"[0, 0, 0, 0, 0, 0, 0, 0, 0, 2, 0, 0, 0]"
4650,59.166.0.5,*,149.171.126.9,3038,*,*,*,"[0, 0, 0, 0, 0, 0, 0, 0, 0, 2, 0, 0, 0]"
4651,59.166.0.5,*,149.171.126.9,46326,*,*,*,"[0, 0, 0, 0, 0, 0, 0, 0, 0, 2, 0, 0, 0]"
4652,59.166.0.5,*,149.171.126.9,46967,*,*,*,"[0, 0, 0, 0, 0, 0, 0, 0, 0, 2, 0, 0, 0]"
4653,59.166.0.5,*,149.171.126.9,54587,*,*,*,"[0, 0, 0, 0, 0, 0, 0, 0, 0, 2, 0, 0, 0]"
4654,59.166.0.5,*,149.171.126.9,62821,*,*,*,"[0, 0, 0, 0, 0, 0, 0, 0, 0, 4, 0, 0, 0]"
4655,59.166.0.5,*,149.171.126.9,63656,*,*,*,"[0, 0, 0, 0, 0, 0, 0, 0, 0, 4, 0, 0, 0]"
4656,59.166.0.5,*,149.171.126.9,65504,*,*,*,"[0, 0, 0, 0, 0, 0, 0, 0, 0, 4, 0, 0, 0]"
4657,59.166.0.5,*,149.171.126.9,16120,*,*,*,"[0, 0, 0, 0, 0, 0, 0, 0, 0, 0, 2, 0, 0]"
4658,59.166.0.5,*,149.171.126.9,23815,*,*,*,"[0, 0, 0, 0, 0, 0, 0, 0, 0, 0, 2, 0, 0]"
4659,59.166.0.5,*,149.171.126.9,23898,*,*,*,"[0, 0, 0, 0, 0, 0, 0, 0, 0, 0, 2, 0, 0]"
4660,59.166.0.5,*,149.171.126.9,25885,*,*,*,"[0, 0, 0, 0, 0, 0, 0, 0, 0, 0, 2, 0, 0]"
4661,59.166.0.5,*,149.171.126.9,44976,*,*,*,"[0, 0, 0, 0, 0, 0, 0, 0, 0, 0, 2, 0, 0]"
4662,59.166.0.5,*,149.171.126.9,45963,*,*,*,"[0, 0, 0, 0, 0, 0, 0, 0, 0, 0, 2, 0, 0]"
4663,59.166.0.5,*,149.171.126.9,58781,*,*,*,"[0, 0, 0, 0, 0, 0, 0, 0, 0, 0, 2, 0, 0]"
4664,59.166.0.5,*,149.171.126.9,62120,*,*,*,"[0, 0, 0, 0, 0, 0, 0, 0, 0, 0, 2, 0, 0]"
4665,59.166.0.5,*,149.171.126.9,64158,*,*,*,"[0, 0, 0, 0, 0, 0, 0, 0, 0, 0, 2, 0, 0]"
4666,59.166.0.5,*,149.171.126.9,14575,*,*,*,"[0, 0, 0, 0, 0, 0, 0, 0, 0, 0, 0, 2, 0]"
4667,59.166.0.5,*,149.171.126.9,18583,*,*,*,"[0, 0, 0, 0, 0, 0, 0, 0, 0, 0, 0, 2, 0]"
4668,59.166.0.5,*,149.171.126.9,45717,*,*,*,"[0, 0, 0, 0, 0, 0, 0, 0, 0, 0, 0, 2, 0]"
4669,59.166.0.6,*,149.171.126.0,111,*,*,*,"[14, 11, 12, 15, 11, 15, 10, 6, 14, 8, 12, 17, 10]"
4670,59.166.0.6,*,149.171.126.0,143,*,*,*,"[5, 7, 3, 7, 8, 7, 7, 5, 7, 4, 9, 7, 7]"
4671,59.166.0.6,*,149.171.126.0,17087,*,*,*,"[3, 0, 0, 0, 0, 0, 0, 0, 0, 0, 0, 0, 0]"
4672,59.166.0.6,*,149.171.126.0,21,*,*,*,"[9, 4, 7, 8, 8, 2, 5, 0, 9, 5, 7, 4, 7]"
4673,59.166.0.6,*,149.171.126.0,22,*,*,*,"[5, 6, 4, 10, 5, 7, 3, 2, 3, 4, 5, 9, 0]"
4674,59.166.0.6,*,149.171.126.0,25,*,*,*,"[19, 19, 9, 7, 9, 12, 10, 8, 6, 9, 7, 11, 15]"
4675,59.166.0.6,*,149.171.126.0,45548,*,*,*,"[3, 0, 0, 0, 0, 0, 0, 0, 0, 0, 0, 0, 0]"
4676,59.166.0.6,*,149.171.126.0,5190,*,*,*,"[15, 18, 14, 11, 15, 27, 15, 12, 15, 19, 20, 12, 9]"
4677,59.166.0.6,*,149.171.126.0,52796,*,*,*,"[3, 0, 0, 0, 0, 0, 0, 0, 0, 0, 0, 0, 0]"
4678,59.166.0.6,*,149.171.126.0,52801,*,*,*,"[3, 0, 0, 0, 0, 0, 0, 0, 0, 0, 0, 0, 0]"
4679,59.166.0.6,*,149.171.126.0,53,*,*,*,"[59, 71, 46, 46, 39, 41, 45, 41, 48, 56, 48, 41, 68]"
4680,59.166.0.6,*,149.171.126.0,56048,*,*,*,"[3, 0, 0, 0, 0, 0, 0, 0, 0, 0, 0, 0, 0]"
4681,59.166.0.6,*,149.171.126.0,64030,*,*,*,"[3, 0, 0, 0, 0, 0, 0, 0, 0, 0, 0, 0, 0]"
4682,59.166.0.6,*,149.171.126.0,6881,*,*,*,"[12, 7, 13, 6, 6, 31, 30, 12, 18, 12, 6, 7, 24]"
4683,59.166.0.6,*,149.171.126.0,80,*,*,*,"[25, 29, 25, 20, 27, 22, 35, 26, 28, 23, 31, 24, 25]"
4684,59.166.0.6,*,149.171.126.0,11505,*,*,*,"[0, 2, 0, 0, 0, 0, 0, 0, 0, 0, 0, 0, 0]"
4685,59.166.0.6,*,149.171.126.0,1254,*,*,*,"[0, 0, 3, 0, 0, 0, 0, 0, 0, 0, 0, 0, 0]"
4686,59.166.0.6,*,149.171.126.0,30639,*,*,*,"[0, 0, 0, 3, 0, 0, 0, 0, 0, 0, 0, 0, 0]"
4687,59.166.0.6,*,149.171.126.0,34154,*,*,*,"[0, 0, 3, 0, 0, 0, 0, 0, 0, 0, 0, 0, 0]"
4688,59.166.0.6,*,149.171.126.0,57588,*,*,*,"[0, 0, 0, 3, 0, 0, 0, 0, 0, 0, 0, 0, 0]"
4689,59.166.0.6,*,149.171.126.0,58003,*,*,*,"[0, 0, 0, 3, 0, 0, 0, 0, 0, 0, 0, 0, 0]"
4690,59.166.0.6,*,149.171.126.0,61745,*,*,*,"[0, 0, 3, 0, 0, 0, 0, 0, 0, 0, 0, 0, 0]"
4691,59.166.0.6,*,149.171.126.0,11680,*,*,*,"[0, 0, 0, 2, 0, 0, 0, 0, 0, 0, 0, 0, 0]"
4692,59.166.0.6,*,149.171.126.0,20048,*,*,*,"[0, 0, 0, 3, 0, 0, 0, 0, 0, 0, 0, 0, 0]"
4693,59.166.0.6,*,149.171.126.0,32912,*,*,*,"[0, 0, 0, 2, 0, 0, 0, 0, 0, 0, 0, 0, 0]"
4694,59.166.0.6,*,149.171.126.0,44685,*,*,*,"[0, 0, 0, 2, 0, 0, 0, 0, 0, 0, 0, 0, 0]"
4695,59.166.0.6,*,149.171.126.0,54131,*,*,*,"[0, 0, 0, 3, 0, 0, 0, 0, 0, 0, 0, 0, 0]"
4696,59.166.0.6,*,149.171.126.0,57521,*,*,*,"[0, 0, 0, 3, 0, 0, 0, 0, 0, 0, 0, 0, 0]"
4697,59.166.0.6,*,149.171.126.0,34073,*,*,*,"[0, 0, 0, 0, 2, 0, 0, 0, 0, 0, 0, 0, 0]"
4698,59.166.0.6,*,149.171.126.0,36222,*,*,*,"[0, 0, 0, 0, 2, 0, 0, 0, 0, 0, 0, 0, 0]"
4699,59.166.0.6,*,149.171.126.0,45633,*,*,*,"[0, 0, 0, 0, 2, 0, 0, 0, 0, 0, 0, 0, 0]"
4700,59.166.0.6,*,149.171.126.0,5131,*,*,*,"[0, 0, 0, 0, 2, 0, 0, 0, 0, 0, 0, 0, 0]"
4701,59.166.0.6,*,149.171.126.0,5491,*,*,*,"[0, 0, 0, 0, 2, 0, 0, 0, 0, 0, 0, 0, 0]"
4702,59.166.0.6,*,149.171.126.0,56995,*,*,*,"[0, 0, 0, 0, 2, 0, 0, 0, 0, 0, 0, 0, 0]"
4703,59.166.0.6,*,149.171.126.0,15398,*,*,*,"[0, 0, 0, 0, 0, 0, 2, 0, 0, 0, 0, 0, 0]"
4704,59.166.0.6,*,149.171.126.0,32328,*,*,*,"[0, 0, 0, 0, 0, 0, 2, 0, 0, 0, 0, 0, 0]"
4705,59.166.0.6,*,149.171.126.0,9851,*,*,*,"[0, 0, 0, 0, 0, 0, 2, 0, 0, 0, 0, 0, 0]"
4706,59.166.0.6,*,149.171.126.0,10198,*,*,*,"[0, 0, 0, 0, 0, 0, 0, 0, 2, 0, 0, 0, 0]"
4707,59.166.0.6,*,149.171.126.0,22627,*,*,*,"[0, 0, 0, 0, 0, 0, 0, 0, 4, 0, 0, 0, 0]"
4708,59.166.0.6,*,149.171.126.0,24196,*,*,*,"[0, 0, 0, 0, 0, 0, 0, 0, 2, 0, 0, 0, 0]"
4709,59.166.0.6,*,149.171.126.0,35231,*,*,*,"[0, 0, 0, 0, 0, 0, 0, 0, 2, 0, 0, 0, 0]"
4710,59.166.0.6,*,149.171.126.0,4212,*,*,*,"[0, 0, 0, 0, 0, 0, 0, 0, 4, 0, 0, 0, 0]"
4711,59.166.0.6,*,149.171.126.0,8998,*,*,*,"[0, 0, 0, 0, 0, 0, 0, 0, 4, 0, 0, 0, 0]"
4712,59.166.0.6,*,149.171.126.0,22432,*,*,*,"[0, 0, 0, 0, 0, 0, 0, 0, 0, 3, 0, 0, 0]"
4713,59.166.0.6,*,149.171.126.0,46326,*,*,*,"[0, 0, 0, 0, 0, 0, 0, 0, 0, 3, 0, 0, 0]"
4714,59.166.0.6,*,149.171.126.0,46967,*,*,*,"[0, 0, 0, 0, 0, 0, 0, 0, 0, 3, 0, 0, 0]"
4715,59.166.0.6,*,149.171.126.0,62821,*,*,*,"[0, 0, 0, 0, 0, 0, 0, 0, 0, 2, 0, 0, 0]"
4716,59.166.0.6,*,149.171.126.0,63656,*,*,*,"[0, 0, 0, 0, 0, 0, 0, 0, 0, 2, 0, 0, 0]"
4717,59.166.0.6,*,149.171.126.0,65504,*,*,*,"[0, 0, 0, 0, 0, 0, 0, 0, 0, 2, 0, 0, 0]"
4718,59.166.0.6,*,149.171.126.0,23815,*,*,*,"[0, 0, 0, 0, 0, 0, 0, 0, 0, 0, 2, 0, 0]"
4719,59.166.0.6,*,149.171.126.0,23898,*,*,*,"[0, 0, 0, 0, 0, 0, 0, 0, 0, 0, 2, 0, 0]"
4720,59.166.0.6,*,149.171.126.0,25885,*,*,*,"[0, 0, 0, 0, 0, 0, 0, 0, 0, 0, 2, 0, 0]"
4721,59.166.0.6,*,149.171.126.0,32991,*,*,*,"[0, 0, 0, 0, 0, 0, 0, 0, 0, 0, 2, 0, 0]"
4722,59.166.0.6,*,149.171.126.0,49991,*,*,*,"[0, 0, 0, 0, 0, 0, 0, 0, 0, 0, 2, 0, 0]"
4723,59.166.0.6,*,149.171.126.0,57668,*,*,*,"[0, 0, 0, 0, 0, 0, 0, 0, 0, 0, 2, 0, 0]"
4724,59.166.0.6,*,149.171.126.0,25974,*,*,*,"[0, 0, 0, 0, 0, 0, 0, 0, 0, 0, 0, 2, 0]"
4725,59.166.0.6,*,149.171.126.0,36781,*,*,*,"[0, 0, 0, 0, 0, 0, 0, 0, 0, 0, 0, 2, 0]"
4726,59.166.0.6,*,149.171.126.0,56852,*,*,*,"[0, 0, 0, 0, 0, 0, 0, 0, 0, 0, 0, 2, 0]"
4727,59.166.0.6,*,149.171.126.0,13839,*,*,*,"[0, 0, 0, 0, 0, 0, 0, 0, 0, 0, 0, 0, 3]"
4728,59.166.0.6,*,149.171.126.0,16398,*,*,*,"[0, 0, 0, 0, 0, 0, 0, 0, 0, 0, 0, 0, 2]"
4729,59.166.0.6,*,149.171.126.0,26866,*,*,*,"[0, 0, 0, 0, 0, 0, 0, 0, 0, 0, 0, 0, 3]"
4730,59.166.0.6,*,149.171.126.0,50688,*,*,*,"[0, 0, 0, 0, 0, 0, 0, 0, 0, 0, 0, 0, 3]"
4731,59.166.0.6,*,149.171.126.0,53740,*,*,*,"[0, 0, 0, 0, 0, 0, 0, 0, 0, 0, 0, 0, 2]"
4732,59.166.0.6,*,149.171.126.0,56959,*,*,*,"[0, 0, 0, 0, 0, 0, 0, 0, 0, 0, 0, 0, 2]"
4733,59.166.0.6,*,149.171.126.1,111,*,*,*,"[16, 13, 15, 8, 7, 15, 9, 10, 14, 10, 9, 12, 7]"
4734,59.166.0.6,*,149.171.126.1,143,*,*,*,"[13, 13, 2, 6, 4, 5, 7, 8, 9, 9, 4, 5, 11]"
4735,59.166.0.6,*,149.171.126.1,17087,*,*,*,"[2, 0, 0, 0, 0, 0, 0, 0, 0, 0, 0, 0, 0]"
4736,59.166.0.6,*,149.171.126.1,21,*,*,*,"[6, 4, 9, 8, 5, 5, 3, 6, 7, 6, 9, 7, 7]"
4737,59.166.0.6,*,149.171.126.1,22,*,*,*,"[9, 9, 4, 14, 16, 10, 5, 0, 0, 8, 5, 7, 4]"
4738,59.166.0.6,*,149.171.126.1,25,*,*,*,"[5, 10, 6, 8, 8, 16, 13, 5, 15, 6, 18, 8, 11]"
4739,59.166.0.6,*,149.171.126.1,27934,*,*,*,"[2, 0, 0, 0, 0, 0, 0, 0, 0, 0, 0, 0, 0]"
4740,59.166.0.6,*,149.171.126.1,35719,*,*,*,"[2, 0, 0, 0, 0, 0, 0, 0, 0, 0, 0, 0, 0]"
4741,59.166.0.6,*,149.171.126.1,42130,*,*,*,"[2, 0, 0, 0, 0, 0, 0, 0, 0, 0, 0, 0, 0]"
4742,59.166.0.6,*,149.171.126.1,45548,*,*,*,"[2, 0, 0, 0, 0, 0, 0, 0, 0, 0, 0, 0, 0]"
4743,59.166.0.6,*,149.171.126.1,5190,*,*,*,"[20, 25, 17, 4, 18, 15, 26, 10, 19, 17, 15, 8, 11]"
4744,59.166.0.6,*,149.171.126.1,52796,*,*,*,"[2, 0, 0, 0, 0, 0, 0, 0, 0, 0, 0, 0, 0]"
4745,59.166.0.6,*,149.171.126.1,53,*,*,*,"[54, 48, 56, 35, 44, 37, 52, 37, 47, 43, 58, 46, 54]"
4746,59.166.0.6,*,149.171.126.1,6881,*,*,*,"[12, 0, 0, 30, 24, 12, 42, 42, 12, 31, 6, 12, 36]"
4747,59.166.0.6,*,149.171.126.1,80,*,*,*,"[29, 32, 19, 26, 37, 27, 26, 26, 29, 33, 39, 30, 20]"
4748,59.166.0.6,*,149.171.126.1,11680,*,*,*,"[0, 0, 2, 3, 0, 0, 0, 0, 0, 0, 0, 0, 0]"
4749,59.166.0.6,*,149.171.126.1,26927,*,*,*,"[0, 0, 3, 0, 0, 0, 0, 0, 0, 0, 0, 0, 0]"
4750,59.166.0.6,*,149.171.126.1,32912,*,*,*,"[0, 0, 2, 3, 0, 0, 0, 0, 0, 0, 0, 0, 0]"
4751,59.166.0.6,*,149.171.126.1,34484,*,*,*,"[0, 0, 3, 0, 0, 0, 0, 0, 0, 0, 0, 0, 0]"
4752,59.166.0.6,*,149.171.126.1,44685,*,*,*,"[0, 0, 2, 3, 0, 0, 0, 0, 0, 0, 0, 0, 0]"
4753,59.166.0.6,*,149.171.126.1,60997,*,*,*,"[0, 0, 3, 0, 0, 0, 0, 0, 0, 0, 0, 0, 0]"
4754,59.166.0.6,*,149.171.126.1,20048,*,*,*,"[0, 0, 0, 2, 0, 0, 0, 0, 0, 0, 0, 0, 0]"
4755,59.166.0.6,*,149.171.126.1,30639,*,*,*,"[0, 0, 0, 2, 0, 0, 0, 0, 0, 0, 0, 0, 0]"
4756,59.166.0.6,*,149.171.126.1,54131,*,*,*,"[0, 0, 0, 2, 0, 0, 0, 0, 0, 0, 0, 0, 0]"
4757,59.166.0.6,*,149.171.126.1,57521,*,*,*,"[0, 0, 0, 2, 0, 0, 0, 0, 0, 0, 0, 0, 0]"
4758,59.166.0.6,*,149.171.126.1,57588,*,*,*,"[0, 0, 0, 2, 0, 0, 0, 0, 0, 0, 0, 0, 0]"
4759,59.166.0.6,*,149.171.126.1,58003,*,*,*,"[0, 0, 0, 2, 0, 0, 0, 0, 0, 0, 0, 0, 0]"
4760,59.166.0.6,*,149.171.126.1,26373,*,*,*,"[0, 0, 0, 0, 2, 0, 0, 0, 0, 0, 0, 0, 0]"
4761,59.166.0.6,*,149.171.126.1,40239,*,*,*,"[0, 0, 0, 0, 2, 0, 0, 0, 0, 0, 0, 0, 0]"
4762,59.166.0.6,*,149.171.126.1,6517,*,*,*,"[0, 0, 0, 0, 2, 0, 0, 0, 0, 0, 0, 0, 0]"
4763,59.166.0.6,*,149.171.126.1,12319,*,*,*,"[0, 0, 0, 0, 0, 2, 0, 0, 0, 0, 0, 0, 0]"
4764,59.166.0.6,*,149.171.126.1,24550,*,*,*,"[0, 0, 0, 0, 0, 2, 0, 0, 0, 0, 0, 0, 0]"
4765,59.166.0.6,*,149.171.126.1,42265,*,*,*,"[0, 0, 0, 0, 0, 2, 0, 0, 0, 0, 0, 0, 0]"
4766,59.166.0.6,*,149.171.126.1,15398,*,*,*,"[0, 0, 0, 0, 0, 0, 2, 0, 0, 0, 0, 0, 0]"
4767,59.166.0.6,*,149.171.126.1,32328,*,*,*,"[0, 0, 0, 0, 0, 0, 2, 0, 0, 0, 0, 0, 0]"
4768,59.166.0.6,*,149.171.126.1,9851,*,*,*,"[0, 0, 0, 0, 0, 0, 2, 0, 0, 0, 0, 0, 0]"
4769,59.166.0.6,*,149.171.126.1,17562,*,*,*,"[0, 0, 0, 0, 0, 0, 0, 2, 0, 0, 0, 0, 0]"
4770,59.166.0.6,*,149.171.126.1,58238,*,*,*,"[0, 0, 0, 0, 0, 0, 0, 2, 0, 0, 0, 0, 0]"
4771,59.166.0.6,*,149.171.126.1,63870,*,*,*,"[0, 0, 0, 0, 0, 0, 0, 2, 0, 0, 0, 0, 0]"
4772,59.166.0.6,*,149.171.126.1,11460,*,*,*,"[0, 0, 0, 0, 0, 0, 0, 0, 2, 0, 0, 0, 0]"
4773,59.166.0.6,*,149.171.126.1,13455,*,*,*,"[0, 0, 0, 0, 0, 0, 0, 0, 2, 0, 0, 0, 0]"
4774,59.166.0.6,*,149.171.126.1,22627,*,*,*,"[0, 0, 0, 0, 0, 0, 0, 0, 2, 0, 0, 0, 0]"
4775,59.166.0.6,*,149.171.126.1,26631,*,*,*,"[0, 0, 0, 0, 0, 0, 0, 0, 2, 0, 0, 0, 0]"
4776,59.166.0.6,*,149.171.126.1,36106,*,*,*,"[0, 0, 0, 0, 0, 0, 0, 0, 2, 0, 0, 0, 0]"
4777,59.166.0.6,*,149.171.126.1,37612,*,*,*,"[0, 0, 0, 0, 0, 0, 0, 0, 2, 0, 0, 0, 0]"
4778,59.166.0.6,*,149.171.126.1,4212,*,*,*,"[0, 0, 0, 0, 0, 0, 0, 0, 2, 0, 0, 0, 0]"
4779,59.166.0.6,*,149.171.126.1,56854,*,*,*,"[0, 0, 0, 0, 0, 0, 0, 0, 2, 0, 0, 0, 0]"
4780,59.166.0.6,*,149.171.126.1,8998,*,*,*,"[0, 0, 0, 0, 0, 0, 0, 0, 2, 0, 0, 0, 0]"
4781,59.166.0.6,*,149.171.126.1,22432,*,*,*,"[0, 0, 0, 0, 0, 0, 0, 0, 0, 2, 0, 0, 0]"
4782,59.166.0.6,*,149.171.126.1,46326,*,*,*,"[0, 0, 0, 0, 0, 0, 0, 0, 0, 2, 0, 0, 0]"
4783,59.166.0.6,*,149.171.126.1,46967,*,*,*,"[0, 0, 0, 0, 0, 0, 0, 0, 0, 2, 0, 0, 0]"
4784,59.166.0.6,*,149.171.126.1,62821,*,*,*,"[0, 0, 0, 0, 0, 0, 0, 0, 0, 3, 0, 0, 0]"
4785,59.166.0.6,*,149.171.126.1,63656,*,*,*,"[0, 0, 0, 0, 0, 0, 0, 0, 0, 3, 0, 0, 0]"
4786,59.166.0.6,*,149.171.126.1,65504,*,*,*,"[0, 0, 0, 0, 0, 0, 0, 0, 0, 3, 0, 0, 0]"
4787,59.166.0.6,*,149.171.126.1,13761,*,*,*,"[0, 0, 0, 0, 0, 0, 0, 0, 0, 0, 2, 0, 0]"
4788,59.166.0.6,*,149.171.126.1,31484,*,*,*,"[0, 0, 0, 0, 0, 0, 0, 0, 0, 0, 2, 0, 0]"
4789,59.166.0.6,*,149.171.126.1,32991,*,*,*,"[0, 0, 0, 0, 0, 0, 0, 0, 0, 0, 3, 0, 0]"
4790,59.166.0.6,*,149.171.126.1,34316,*,*,*,"[0, 0, 0, 0, 0, 0, 0, 0, 0, 0, 3, 0, 0]"
4791,59.166.0.6,*,149.171.126.1,38033,*,*,*,"[0, 0, 0, 0, 0, 0, 0, 0, 0, 0, 2, 0, 0]"
4792,59.166.0.6,*,149.171.126.1,43493,*,*,*,"[0, 0, 0, 0, 0, 0, 0, 0, 0, 0, 3, 0, 0]"
4793,59.166.0.6,*,149.171.126.1,49991,*,*,*,"[0, 0, 0, 0, 0, 0, 0, 0, 0, 0, 3, 0, 0]"
4794,59.166.0.6,*,149.171.126.1,53517,*,*,*,"[0, 0, 0, 0, 0, 0, 0, 0, 0, 0, 3, 0, 0]"
4795,59.166.0.6,*,149.171.126.1,57668,*,*,*,"[0, 0, 0, 0, 0, 0, 0, 0, 0, 0, 3, 0, 0]"
4796,59.166.0.6,*,149.171.126.1,13904,*,*,*,"[0, 0, 0, 0, 0, 0, 0, 0, 0, 0, 0, 2, 0]"
4797,59.166.0.6,*,149.171.126.1,25974,*,*,*,"[0, 0, 0, 0, 0, 0, 0, 0, 0, 0, 0, 4, 0]"
4798,59.166.0.6,*,149.171.126.1,36781,*,*,*,"[0, 0, 0, 0, 0, 0, 0, 0, 0, 0, 0, 4, 0]"
4799,59.166.0.6,*,149.171.126.1,55155,*,*,*,"[0, 0, 0, 0, 0, 0, 0, 0, 0, 0, 0, 2, 0]"
4800,59.166.0.6,*,149.171.126.1,56334,*,*,*,"[0, 0, 0, 0, 0, 0, 0, 0, 0, 0, 0, 2, 0]"
4801,59.166.0.6,*,149.171.126.1,56852,*,*,*,"[0, 0, 0, 0, 0, 0, 0, 0, 0, 0, 0, 4, 0]"
4802,59.166.0.6,*,149.171.126.1,13839,*,*,*,"[0, 0, 0, 0, 0, 0, 0, 0, 0, 0, 0, 0, 2]"
4803,59.166.0.6,*,149.171.126.1,26866,*,*,*,"[0, 0, 0, 0, 0, 0, 0, 0, 0, 0, 0, 0, 2]"
4804,59.166.0.6,*,149.171.126.1,50688,*,*,*,"[0, 0, 0, 0, 0, 0, 0, 0, 0, 0, 0, 0, 2]"
4805,59.166.0.6,*,149.171.126.2,111,*,*,*,"[13, 14, 6, 11, 15, 8, 10, 14, 4, 10, 13, 12, 14]"
4806,59.166.0.6,*,149.171.126.2,11399,*,*,*,"[2, 0, 0, 0, 0, 0, 0, 0, 0, 0, 0, 0, 0]"
4807,59.166.0.6,*,149.171.126.2,143,*,*,*,"[4, 7, 9, 9, 4, 13, 6, 2, 6, 9, 9, 6, 7]"
4808,59.166.0.6,*,149.171.126.2,18023,*,*,*,"[2, 0, 0, 0, 0, 0, 0, 0, 0, 0, 0, 0, 0]"
4809,59.166.0.6,*,149.171.126.2,21,*,*,*,"[8, 8, 9, 5, 5, 6, 6, 4, 10, 9, 5, 5, 10]"
4810,59.166.0.6,*,149.171.126.2,22,*,*,*,"[4, 0, 7, 11, 8, 10, 5, 2, 6, 8, 8, 12, 8]"
4811,59.166.0.6,*,149.171.126.2,25,*,*,*,"[10, 13, 7, 14, 11, 10, 18, 10, 10, 9, 6, 8, 15]"
4812,59.166.0.6,*,149.171.126.2,26143,*,*,*,"[2, 0, 0, 0, 0, 0, 0, 0, 0, 0, 0, 0, 0]"
4813,59.166.0.6,*,149.171.126.2,27934,*,*,*,"[2, 0, 0, 0, 0, 0, 0, 0, 0, 0, 0, 0, 0]"
4814,59.166.0.6,*,149.171.126.2,32664,*,*,*,"[2, 0, 0, 0, 0, 0, 0, 0, 0, 0, 0, 0, 0]"
4815,59.166.0.6,*,149.171.126.2,35719,*,*,*,"[2, 0, 0, 0, 0, 0, 0, 0, 0, 0, 0, 0, 0]"
4816,59.166.0.6,*,149.171.126.2,42130,*,*,*,"[2, 0, 0, 0, 0, 0, 0, 0, 0, 0, 0, 0, 0]"
4817,59.166.0.6,*,149.171.126.2,4950,*,*,*,"[2, 0, 0, 0, 0, 0, 0, 0, 0, 0, 0, 0, 0]"
4818,59.166.0.6,*,149.171.126.2,5190,*,*,*,"[17, 35, 9, 11, 19, 20, 25, 11, 21, 15, 9, 25, 14]"
4819,59.166.0.6,*,149.171.126.2,52294,*,*,*,"[2, 0, 0, 0, 0, 0, 0, 0, 0, 0, 0, 0, 0]"
4820,59.166.0.6,*,149.171.126.2,53,*,*,*,"[55, 58, 52, 65, 51, 42, 48, 41, 60, 42, 56, 52, 71]"
4821,59.166.0.6,*,149.171.126.2,6881,*,*,*,"[12, 6, 6, 48, 6, 24, 54, 42, 6, 12, 24, 6, 6]"
4822,59.166.0.6,*,149.171.126.2,80,*,*,*,"[24, 35, 22, 20, 21, 26, 27, 25, 25, 25, 27, 27, 44]"
4823,59.166.0.6,*,149.171.126.2,15843,*,*,*,"[0, 2, 0, 0, 0, 0, 0, 0, 0, 0, 0, 0, 0]"
4824,59.166.0.6,*,149.171.126.2,17751,*,*,*,"[0, 0, 2, 0, 0, 0, 0, 0, 0, 0, 0, 0, 0]"
4825,59.166.0.6,*,149.171.126.2,43267,*,*,*,"[0, 2, 0, 0, 0, 0, 0, 0, 0, 0, 0, 0, 0]"
4826,59.166.0.6,*,149.171.126.2,49198,*,*,*,"[0, 2, 0, 0, 0, 0, 0, 0, 0, 0, 0, 0, 0]"
4827,59.166.0.6,*,149.171.126.2,54867,*,*,*,"[0, 2, 0, 0, 0, 0, 0, 0, 0, 0, 0, 0, 0]"
4828,59.166.0.6,*,149.171.126.2,57753,*,*,*,"[0, 2, 0, 0, 0, 0, 0, 0, 0, 0, 0, 0, 0]"
4829,59.166.0.6,*,149.171.126.2,61834,*,*,*,"[0, 2, 0, 0, 0, 0, 0, 0, 0, 0, 0, 0, 0]"
4830,59.166.0.6,*,149.171.126.2,7644,*,*,*,"[0, 0, 2, 0, 0, 0, 0, 0, 0, 0, 0, 0, 0]"
4831,59.166.0.6,*,149.171.126.2,9620,*,*,*,"[0, 0, 2, 0, 0, 0, 0, 0, 0, 0, 0, 0, 0]"
4832,59.166.0.6,*,149.171.126.2,1254,*,*,*,"[0, 0, 3, 0, 0, 0, 0, 0, 0, 0, 0, 0, 0]"
4833,59.166.0.6,*,149.171.126.2,14987,*,*,*,"[0, 0, 3, 0, 0, 0, 0, 0, 0, 0, 0, 0, 0]"
4834,59.166.0.6,*,149.171.126.2,2869,*,*,*,"[0, 0, 3, 0, 0, 0, 0, 0, 0, 0, 0, 0, 0]"
4835,59.166.0.6,*,149.171.126.2,3398,*,*,*,"[0, 0, 3, 0, 0, 0, 0, 0, 0, 0, 0, 0, 0]"
4836,59.166.0.6,*,149.171.126.2,34154,*,*,*,"[0, 0, 3, 0, 0, 0, 0, 0, 0, 0, 0, 0, 0]"
4837,59.166.0.6,*,149.171.126.2,61745,*,*,*,"[0, 0, 3, 0, 0, 0, 0, 0, 0, 0, 0, 0, 0]"
4838,59.166.0.6,*,149.171.126.2,11680,*,*,*,"[0, 0, 0, 2, 0, 0, 0, 0, 0, 0, 0, 0, 0]"
4839,59.166.0.6,*,149.171.126.2,32912,*,*,*,"[0, 0, 0, 2, 0, 0, 0, 0, 0, 0, 0, 0, 0]"
4840,59.166.0.6,*,149.171.126.2,44685,*,*,*,"[0, 0, 0, 2, 0, 0, 0, 0, 0, 0, 0, 0, 0]"
4841,59.166.0.6,*,149.171.126.2,25031,*,*,*,"[0, 0, 0, 0, 0, 0, 0, 0, 0, 2, 0, 0, 0]"
4842,59.166.0.6,*,149.171.126.2,36106,*,*,*,"[0, 0, 0, 0, 0, 0, 0, 0, 3, 0, 0, 0, 0]"
4843,59.166.0.6,*,149.171.126.2,18725,*,*,*,"[0, 0, 0, 0, 0, 2, 0, 0, 0, 0, 0, 0, 0]"
4844,59.166.0.6,*,149.171.126.2,27743,*,*,*,"[0, 0, 0, 0, 0, 2, 0, 0, 0, 0, 0, 0, 0]"
4845,59.166.0.6,*,149.171.126.2,43825,*,*,*,"[0, 0, 0, 0, 0, 2, 0, 0, 0, 0, 0, 0, 0]"
4846,59.166.0.6,*,149.171.126.2,44864,*,*,*,"[0, 0, 0, 0, 0, 2, 0, 0, 0, 0, 0, 0, 0]"
4847,59.166.0.6,*,149.171.126.2,50827,*,*,*,"[0, 0, 0, 0, 0, 2, 0, 0, 0, 0, 0, 0, 0]"
4848,59.166.0.6,*,149.171.126.2,60894,*,*,*,"[0, 0, 0, 0, 0, 2, 0, 0, 0, 0, 0, 0, 0]"
4849,59.166.0.6,*,149.171.126.2,31861,*,*,*,"[0, 0, 0, 0, 0, 0, 2, 0, 0, 0, 0, 0, 0]"
4850,59.166.0.6,*,149.171.126.2,44463,*,*,*,"[0, 0, 0, 0, 0, 0, 2, 0, 0, 0, 0, 0, 0]"
4851,59.166.0.6,*,149.171.126.2,46556,*,*,*,"[0, 0, 0, 0, 0, 0, 2, 0, 0, 0, 0, 0, 0]"
4852,59.166.0.6,*,149.171.126.2,54475,*,*,*,"[0, 0, 0, 0, 0, 0, 0, 3, 0, 0, 0, 0, 0]"
4853,59.166.0.6,*,149.171.126.2,55348,*,*,*,"[0, 0, 0, 0, 0, 0, 0, 3, 0, 0, 0, 0, 0]"
4854,59.166.0.6,*,149.171.126.2,64665,*,*,*,"[0, 0, 0, 0, 0, 0, 0, 3, 0, 0, 0, 0, 0]"
4855,59.166.0.6,*,149.171.126.2,10198,*,*,*,"[0, 0, 0, 0, 0, 0, 0, 0, 4, 0, 0, 0, 0]"
4856,59.166.0.6,*,149.171.126.2,22627,*,*,*,"[0, 0, 0, 0, 0, 0, 0, 0, 2, 0, 0, 0, 0]"
4857,59.166.0.6,*,149.171.126.2,24196,*,*,*,"[0, 0, 0, 0, 0, 0, 0, 0, 4, 0, 0, 0, 0]"
4858,59.166.0.6,*,149.171.126.2,35231,*,*,*,"[0, 0, 0, 0, 0, 0, 0, 0, 4, 0, 0, 0, 0]"
4859,59.166.0.6,*,149.171.126.2,37612,*,*,*,"[0, 0, 0, 0, 0, 0, 0, 0, 3, 0, 0, 0, 0]"
4860,59.166.0.6,*,149.171.126.2,4212,*,*,*,"[0, 0, 0, 0, 0, 0, 0, 0, 2, 0, 0, 0, 0]"
4861,59.166.0.6,*,149.171.126.2,56854,*,*,*,"[0, 0, 0, 0, 0, 0, 0, 0, 3, 0, 0, 0, 0]"
4862,59.166.0.6,*,149.171.126.2,8998,*,*,*,"[0, 0, 0, 0, 0, 0, 0, 0, 2, 0, 0, 0, 0]"
4863,59.166.0.6,*,149.171.126.2,23937,*,*,*,"[0, 0, 0, 0, 0, 0, 0, 0, 0, 3, 0, 0, 0]"
4864,59.166.0.6,*,149.171.126.2,33513,*,*,*,"[0, 0, 0, 0, 0, 0, 0, 0, 0, 2, 0, 0, 0]"
4865,59.166.0.6,*,149.171.126.2,38936,*,*,*,"[0, 0, 0, 0, 0, 0, 0, 0, 0, 3, 0, 0, 0]"
4866,59.166.0.6,*,149.171.126.2,47628,*,*,*,"[0, 0, 0, 0, 0, 0, 0, 0, 0, 2, 0, 0, 0]"
4867,59.166.0.6,*,149.171.126.2,52561,*,*,*,"[0, 0, 0, 0, 0, 0, 0, 0, 0, 3, 0, 0, 0]"
4868,59.166.0.6,*,149.171.126.2,62821,*,*,*,"[0, 0, 0, 0, 0, 0, 0, 0, 0, 2, 0, 0, 0]"
4869,59.166.0.6,*,149.171.126.2,63656,*,*,*,"[0, 0, 0, 0, 0, 0, 0, 0, 0, 2, 0, 0, 0]"
4870,59.166.0.6,*,149.171.126.2,65504,*,*,*,"[0, 0, 0, 0, 0, 0, 0, 0, 0, 2, 0, 0, 0]"
4871,59.166.0.6,*,149.171.126.2,13761,*,*,*,"[0, 0, 0, 0, 0, 0, 0, 0, 0, 0, 2, 0, 0]"
4872,59.166.0.6,*,149.171.126.2,31484,*,*,*,"[0, 0, 0, 0, 0, 0, 0, 0, 0, 0, 2, 0, 0]"
4873,59.166.0.6,*,149.171.126.2,38033,*,*,*,"[0, 0, 0, 0, 0, 0, 0, 0, 0, 0, 2, 0, 0]"
4874,59.166.0.6,*,149.171.126.2,25974,*,*,*,"[0, 0, 0, 0, 0, 0, 0, 0, 0, 0, 0, 2, 0]"
4875,59.166.0.6,*,149.171.126.2,36781,*,*,*,"[0, 0, 0, 0, 0, 0, 0, 0, 0, 0, 0, 2, 0]"
4876,59.166.0.6,*,149.171.126.2,56852,*,*,*,"[0, 0, 0, 0, 0, 0, 0, 0, 0, 0, 0, 2, 0]"
4877,59.166.0.6,*,149.171.126.2,10394,*,*,*,"[0, 0, 0, 0, 0, 0, 0, 0, 0, 0, 0, 0, 3]"
4878,59.166.0.6,*,149.171.126.2,13839,*,*,*,"[0, 0, 0, 0, 0, 0, 0, 0, 0, 0, 0, 0, 2]"
4879,59.166.0.6,*,149.171.126.2,16398,*,*,*,"[0, 0, 0, 0, 0, 0, 0, 0, 0, 0, 0, 0, 4]"
4880,59.166.0.6,*,149.171.126.2,19518,*,*,*,"[0, 0, 0, 0, 0, 0, 0, 0, 0, 0, 0, 0, 3]"
4881,59.166.0.6,*,149.171.126.2,26866,*,*,*,"[0, 0, 0, 0, 0, 0, 0, 0, 0, 0, 0, 0, 2]"
4882,59.166.0.6,*,149.171.126.2,32528,*,*,*,"[0, 0, 0, 0, 0, 0, 0, 0, 0, 0, 0, 0, 3]"
4883,59.166.0.6,*,149.171.126.2,50688,*,*,*,"[0, 0, 0, 0, 0, 0, 0, 0, 0, 0, 0, 0, 2]"
4884,59.166.0.6,*,149.171.126.2,53740,*,*,*,"[0, 0, 0, 0, 0, 0, 0, 0, 0, 0, 0, 0, 4]"
4885,59.166.0.6,*,149.171.126.2,56959,*,*,*,"[0, 0, 0, 0, 0, 0, 0, 0, 0, 0, 0, 0, 4]"
4886,59.166.0.6,*,149.171.126.3,111,*,*,*,"[13, 17, 10, 10, 15, 15, 13, 6, 11, 8, 10, 11, 10]"
4887,59.166.0.6,*,149.171.126.3,11399,*,*,*,"[2, 0, 0, 0, 0, 0, 0, 0, 0, 0, 0, 0, 0]"
4888,59.166.0.6,*,149.171.126.3,143,*,*,*,"[10, 0, 8, 5, 7, 9, 2, 2, 3, 4, 3, 6, 11]"
4889,59.166.0.6,*,149.171.126.3,21,*,*,*,"[5, 5, 4, 2, 7, 6, 3, 3, 12, 10, 4, 8, 3]"
4890,59.166.0.6,*,149.171.126.3,22,*,*,*,"[2, 7, 11, 15, 4, 6, 3, 2, 6, 6, 5, 8, 9]"
4891,59.166.0.6,*,149.171.126.3,25,*,*,*,"[15, 9, 10, 10, 12, 7, 5, 9, 10, 11, 7, 5, 12]"
4892,59.166.0.6,*,149.171.126.3,26143,*,*,*,"[2, 0, 0, 0, 0, 0, 0, 0, 0, 0, 0, 0, 0]"
4893,59.166.0.6,*,149.171.126.3,27934,*,*,*,"[2, 0, 0, 0, 0, 0, 0, 0, 0, 0, 0, 0, 0]"
4894,59.166.0.6,*,149.171.126.3,35719,*,*,*,"[2, 0, 0, 0, 0, 0, 0, 0, 0, 0, 0, 0, 0]"
4895,59.166.0.6,*,149.171.126.3,42130,*,*,*,"[2, 0, 0, 0, 0, 0, 0, 0, 0, 0, 0, 0, 0]"
4896,59.166.0.6,*,149.171.126.3,5190,*,*,*,"[19, 18, 15, 14, 13, 10, 28, 9, 24, 25, 21, 17, 21]"
4897,59.166.0.6,*,149.171.126.3,52294,*,*,*,"[2, 0, 0, 0, 0, 0, 0, 0, 0, 0, 0, 0, 0]"
4898,59.166.0.6,*,149.171.126.3,53,*,*,*,"[58, 45, 54, 45, 50, 50, 61, 57, 51, 51, 56, 66, 54]"
4899,59.166.0.6,*,149.171.126.3,6881,*,*,*,"[24, 6, 18, 24, 25, 13, 73, 42, 36, 12, 18, 6, 30]"
4900,59.166.0.6,*,149.171.126.3,80,*,*,*,"[33, 29, 19, 20, 21, 24, 23, 23, 21, 23, 26, 31, 24]"
4901,59.166.0.6,*,149.171.126.3,15843,*,*,*,"[0, 3, 0, 0, 0, 0, 0, 0, 0, 0, 0, 0, 0]"
4902,59.166.0.6,*,149.171.126.3,3062,*,*,*,"[0, 2, 0, 0, 0, 0, 0, 0, 0, 0, 0, 0, 0]"
4903,59.166.0.6,*,149.171.126.3,34463,*,*,*,"[0, 2, 0, 0, 0, 0, 0, 0, 0, 0, 0, 0, 0]"
4904,59.166.0.6,*,149.171.126.3,38395,*,*,*,"[0, 2, 0, 0, 0, 0, 0, 0, 0, 0, 0, 0, 0]"
4905,59.166.0.6,*,149.171.126.3,49198,*,*,*,"[0, 3, 0, 0, 0, 0, 0, 0, 0, 0, 0, 0, 0]"
4906,59.166.0.6,*,149.171.126.3,54867,*,*,*,"[0, 3, 0, 0, 0, 0, 0, 0, 0, 0, 0, 0, 0]"
4907,59.166.0.6,*,149.171.126.3,1254,*,*,*,"[0, 0, 3, 0, 0, 0, 0, 0, 0, 0, 0, 0, 0]"
4908,59.166.0.6,*,149.171.126.3,34154,*,*,*,"[0, 0, 3, 0, 0, 0, 0, 0, 0, 0, 0, 0, 0]"
4909,59.166.0.6,*,149.171.126.3,61745,*,*,*,"[0, 0, 3, 0, 0, 0, 0, 0, 0, 0, 0, 0, 0]"
4910,59.166.0.6,*,149.171.126.3,10589,*,*,*,"[0, 0, 0, 0, 2, 0, 0, 0, 0, 0, 0, 0, 0]"
4911,59.166.0.6,*,149.171.126.3,12319,*,*,*,"[0, 0, 0, 0, 2, 0, 0, 0, 0, 0, 0, 0, 0]"
4912,59.166.0.6,*,149.171.126.3,24550,*,*,*,"[0, 0, 0, 0, 2, 0, 0, 0, 0, 0, 0, 0, 0]"
4913,59.166.0.6,*,149.171.126.3,30906,*,*,*,"[0, 0, 0, 0, 2, 0, 0, 0, 0, 0, 0, 0, 0]"
4914,59.166.0.6,*,149.171.126.3,42265,*,*,*,"[0, 0, 0, 0, 2, 0, 0, 0, 0, 0, 0, 0, 0]"
4915,59.166.0.6,*,149.171.126.3,46019,*,*,*,"[0, 0, 0, 0, 2, 0, 0, 0, 0, 0, 0, 0, 0]"
4916,59.166.0.6,*,149.171.126.3,46032,*,*,*,"[0, 0, 0, 0, 2, 0, 0, 0, 0, 0, 0, 0, 0]"
4917,59.166.0.6,*,149.171.126.3,22481,*,*,*,"[0, 0, 0, 0, 0, 2, 0, 0, 0, 0, 0, 0, 0]"
4918,59.166.0.6,*,149.171.126.3,26869,*,*,*,"[0, 0, 0, 0, 0, 2, 0, 0, 0, 0, 0, 0, 0]"
4919,59.166.0.6,*,149.171.126.3,41018,*,*,*,"[0, 0, 0, 0, 0, 2, 0, 0, 0, 0, 0, 0, 0]"
4920,59.166.0.6,*,149.171.126.3,31861,*,*,*,"[0, 0, 0, 0, 0, 0, 2, 0, 0, 0, 0, 0, 0]"
4921,59.166.0.6,*,149.171.126.3,44463,*,*,*,"[0, 0, 0, 0, 0, 0, 2, 0, 0, 0, 0, 0, 0]"
4922,59.166.0.6,*,149.171.126.3,46556,*,*,*,"[0, 0, 0, 0, 0, 0, 2, 0, 0, 0, 0, 0, 0]"
4923,59.166.0.6,*,149.171.126.3,54475,*,*,*,"[0, 0, 0, 0, 0, 0, 0, 2, 0, 0, 0, 0, 0]"
4924,59.166.0.6,*,149.171.126.3,55348,*,*,*,"[0, 0, 0, 0, 0, 0, 0, 2, 0, 0, 0, 0, 0]"
4925,59.166.0.6,*,149.171.126.3,64665,*,*,*,"[0, 0, 0, 0, 0, 0, 0, 2, 0, 0, 0, 0, 0]"
4926,59.166.0.6,*,149.171.126.3,10198,*,*,*,"[0, 0, 0, 0, 0, 0, 0, 0, 4, 0, 0, 0, 0]"
4927,59.166.0.6,*,149.171.126.3,22627,*,*,*,"[0, 0, 0, 0, 0, 0, 0, 0, 4, 0, 0, 0, 0]"
4928,59.166.0.6,*,149.171.126.3,24196,*,*,*,"[0, 0, 0, 0, 0, 0, 0, 0, 4, 0, 0, 0, 0]"
4929,59.166.0.6,*,149.171.126.3,35231,*,*,*,"[0, 0, 0, 0, 0, 0, 0, 0, 4, 0, 0, 0, 0]"
4930,59.166.0.6,*,149.171.126.3,4212,*,*,*,"[0, 0, 0, 0, 0, 0, 0, 0, 4, 0, 0, 0, 0]"
4931,59.166.0.6,*,149.171.126.3,8998,*,*,*,"[0, 0, 0, 0, 0, 0, 0, 0, 4, 0, 0, 0, 0]"
4932,59.166.0.6,*,149.171.126.3,1906,*,*,*,"[0, 0, 0, 0, 0, 0, 0, 0, 0, 4, 0, 0, 0]"
4933,59.166.0.6,*,149.171.126.3,22432,*,*,*,"[0, 0, 0, 0, 0, 0, 0, 0, 0, 2, 0, 0, 0]"
4934,59.166.0.6,*,149.171.126.3,3038,*,*,*,"[0, 0, 0, 0, 0, 0, 0, 0, 0, 4, 0, 0, 0]"
4935,59.166.0.6,*,149.171.126.3,46326,*,*,*,"[0, 0, 0, 0, 0, 0, 0, 0, 0, 2, 0, 0, 0]"
4936,59.166.0.6,*,149.171.126.3,46967,*,*,*,"[0, 0, 0, 0, 0, 0, 0, 0, 0, 2, 0, 0, 0]"
4937,59.166.0.6,*,149.171.126.3,54587,*,*,*,"[0, 0, 0, 0, 0, 0, 0, 0, 0, 4, 0, 0, 0]"
4938,59.166.0.6,*,149.171.126.3,62821,*,*,*,"[0, 0, 0, 0, 0, 0, 0, 0, 0, 2, 0, 0, 0]"
4939,59.166.0.6,*,149.171.126.3,63656,*,*,*,"[0, 0, 0, 0, 0, 0, 0, 0, 0, 2, 0, 0, 0]"
4940,59.166.0.6,*,149.171.126.3,65504,*,*,*,"[0, 0, 0, 0, 0, 0, 0, 0, 0, 2, 0, 0, 0]"
4941,59.166.0.6,*,149.171.126.3,11513,*,*,*,"[0, 0, 0, 0, 0, 0, 0, 0, 0, 0, 0, 3, 0]"
4942,59.166.0.6,*,149.171.126.3,19056,*,*,*,"[0, 0, 0, 0, 0, 0, 0, 0, 0, 0, 0, 3, 0]"
4943,59.166.0.6,*,149.171.126.3,41227,*,*,*,"[0, 0, 0, 0, 0, 0, 0, 0, 0, 0, 0, 3, 0]"
4944,59.166.0.6,*,149.171.126.3,56614,*,*,*,"[0, 0, 0, 0, 0, 0, 0, 0, 0, 0, 0, 3, 0]"
4945,59.166.0.6,*,149.171.126.3,63238,*,*,*,"[0, 0, 0, 0, 0, 0, 0, 0, 0, 0, 0, 3, 0]"
4946,59.166.0.6,*,149.171.126.3,6786,*,*,*,"[0, 0, 0, 0, 0, 0, 0, 0, 0, 0, 0, 3, 0]"
4947,59.166.0.6,*,149.171.126.3,13839,*,*,*,"[0, 0, 0, 0, 0, 0, 0, 0, 0, 0, 0, 0, 2]"
4948,59.166.0.6,*,149.171.126.3,26866,*,*,*,"[0, 0, 0, 0, 0, 0, 0, 0, 0, 0, 0, 0, 2]"
4949,59.166.0.6,*,149.171.126.3,50688,*,*,*,"[0, 0, 0, 0, 0, 0, 0, 0, 0, 0, 0, 0, 2]"
4950,59.166.0.6,*,149.171.126.4,111,*,*,*,"[14, 5, 14, 12, 13, 14, 17, 7, 15, 14, 9, 8, 11]"
4951,59.166.0.6,*,149.171.126.4,143,*,*,*,"[6, 10, 8, 7, 4, 5, 6, 5, 4, 6, 6, 5, 5]"
4952,59.166.0.6,*,149.171.126.4,18023,*,*,*,"[2, 0, 0, 0, 0, 0, 0, 0, 0, 0, 0, 0, 0]"
4953,59.166.0.6,*,149.171.126.4,21,*,*,*,"[10, 6, 8, 5, 5, 7, 4, 3, 6, 9, 7, 9, 8]"
4954,59.166.0.6,*,149.171.126.4,22,*,*,*,"[3, 5, 9, 8, 9, 11, 4, 0, 2, 6, 2, 7, 0]"
4955,59.166.0.6,*,149.171.126.4,25,*,*,*,"[10, 15, 7, 9, 14, 6, 9, 12, 11, 7, 6, 10, 8]"
4956,59.166.0.6,*,149.171.126.4,27934,*,*,*,"[4, 0, 0, 0, 0, 0, 0, 0, 0, 0, 0, 0, 0]"
4957,59.166.0.6,*,149.171.126.4,32664,*,*,*,"[2, 0, 0, 0, 0, 0, 0, 0, 0, 0, 0, 0, 0]"
4958,59.166.0.6,*,149.171.126.4,35719,*,*,*,"[4, 0, 0, 0, 0, 0, 0, 0, 0, 0, 0, 0, 0]"
4959,59.166.0.6,*,149.171.126.4,42130,*,*,*,"[4, 0, 0, 0, 0, 0, 0, 0, 0, 0, 0, 0, 0]"
4960,59.166.0.6,*,149.171.126.4,46109,*,*,*,"[2, 0, 0, 0, 0, 0, 0, 0, 0, 0, 0, 0, 0]"
4961,59.166.0.6,*,149.171.126.4,4950,*,*,*,"[2, 0, 0, 0, 0, 0, 0, 0, 0, 0, 0, 0, 0]"
4962,59.166.0.6,*,149.171.126.4,5190,*,*,*,"[22, 26, 8, 13, 17, 16, 23, 12, 19, 13, 21, 13, 15]"
4963,59.166.0.6,*,149.171.126.4,53,*,*,*,"[70, 65, 53, 57, 41, 56, 46, 57, 55, 60, 53, 55, 65]"
4964,59.166.0.6,*,149.171.126.4,63666,*,*,*,"[2, 0, 0, 0, 0, 0, 0, 0, 0, 0, 0, 0, 0]"
4965,59.166.0.6,*,149.171.126.4,6881,*,*,*,"[18, 7, 0, 24, 31, 0, 48, 72, 12, 0, 18, 0, 24]"
4966,59.166.0.6,*,149.171.126.4,7315,*,*,*,"[2, 0, 0, 0, 0, 0, 0, 0, 0, 0, 0, 0, 0]"
4967,59.166.0.6,*,149.171.126.4,80,*,*,*,"[36, 24, 27, 37, 30, 31, 32, 22, 29, 31, 24, 29, 31]"
4968,59.166.0.6,*,149.171.126.4,15843,*,*,*,"[0, 3, 0, 0, 0, 0, 0, 0, 0, 0, 0, 0, 0]"
4969,59.166.0.6,*,149.171.126.4,49198,*,*,*,"[0, 3, 0, 0, 0, 0, 0, 0, 0, 0, 0, 0, 0]"
4970,59.166.0.6,*,149.171.126.4,54867,*,*,*,"[0, 3, 0, 0, 0, 0, 0, 0, 0, 0, 0, 0, 0]"
4971,59.166.0.6,*,149.171.126.4,1254,*,*,*,"[0, 0, 4, 0, 0, 0, 0, 0, 0, 0, 0, 0, 0]"
4972,59.166.0.6,*,149.171.126.4,17751,*,*,*,"[0, 0, 2, 0, 0, 0, 0, 0, 0, 0, 0, 0, 0]"
4973,59.166.0.6,*,149.171.126.4,34154,*,*,*,"[0, 0, 4, 0, 0, 0, 0, 0, 0, 0, 0, 0, 0]"
4974,59.166.0.6,*,149.171.126.4,61745,*,*,*,"[0, 0, 4, 0, 0, 0, 0, 0, 0, 0, 0, 0, 0]"
4975,59.166.0.6,*,149.171.126.4,7644,*,*,*,"[0, 0, 2, 0, 0, 0, 0, 0, 0, 0, 0, 0, 0]"
4976,59.166.0.6,*,149.171.126.4,9620,*,*,*,"[0, 0, 2, 0, 0, 0, 0, 0, 0, 0, 0, 0, 0]"
4977,59.166.0.6,*,149.171.126.4,30639,*,*,*,"[0, 0, 0, 2, 0, 0, 0, 0, 0, 0, 0, 0, 0]"
4978,59.166.0.6,*,149.171.126.4,57588,*,*,*,"[0, 0, 0, 2, 0, 0, 0, 0, 0, 0, 0, 0, 0]"
4979,59.166.0.6,*,149.171.126.4,58003,*,*,*,"[0, 0, 0, 2, 0, 0, 0, 0, 0, 0, 0, 0, 0]"
4980,59.166.0.6,*,149.171.126.4,26373,*,*,*,"[0, 0, 0, 0, 0, 3, 0, 0, 0, 0, 0, 0, 0]"
4981,59.166.0.6,*,149.171.126.4,34073,*,*,*,"[0, 0, 0, 0, 3, 0, 0, 0, 0, 0, 0, 0, 0]"
4982,59.166.0.6,*,149.171.126.4,40239,*,*,*,"[0, 0, 0, 0, 0, 3, 0, 0, 0, 0, 0, 0, 0]"
4983,59.166.0.6,*,149.171.126.4,45633,*,*,*,"[0, 0, 0, 0, 3, 0, 0, 0, 0, 0, 0, 0, 0]"
4984,59.166.0.6,*,149.171.126.4,5491,*,*,*,"[0, 0, 0, 0, 3, 0, 0, 0, 0, 0, 0, 0, 0]"
4985,59.166.0.6,*,149.171.126.4,6517,*,*,*,"[0, 0, 0, 0, 0, 3, 0, 0, 0, 0, 0, 0, 0]"
4986,59.166.0.6,*,149.171.126.4,22481,*,*,*,"[0, 0, 0, 0, 0, 2, 0, 0, 0, 0, 0, 0, 0]"
4987,59.166.0.6,*,149.171.126.4,26869,*,*,*,"[0, 0, 0, 0, 0, 2, 0, 0, 0, 0, 0, 0, 0]"
4988,59.166.0.6,*,149.171.126.4,41018,*,*,*,"[0, 0, 0, 0, 0, 2, 0, 0, 0, 0, 0, 0, 0]"
4989,59.166.0.6,*,149.171.126.4,31861,*,*,*,"[0, 0, 0, 0, 0, 0, 2, 0, 0, 0, 0, 0, 0]"
4990,59.166.0.6,*,149.171.126.4,44463,*,*,*,"[0, 0, 0, 0, 0, 0, 2, 0, 0, 0, 0, 0, 0]"
4991,59.166.0.6,*,149.171.126.4,46556,*,*,*,"[0, 0, 0, 0, 0, 0, 2, 0, 0, 0, 0, 0, 0]"
4992,59.166.0.6,*,149.171.126.4,10198,*,*,*,"[0, 0, 0, 0, 0, 0, 0, 0, 2, 0, 0, 0, 0]"
4993,59.166.0.6,*,149.171.126.4,11460,*,*,*,"[0, 0, 0, 0, 0, 0, 0, 0, 2, 0, 0, 0, 0]"
4994,59.166.0.6,*,149.171.126.4,24196,*,*,*,"[0, 0, 0, 0, 0, 0, 0, 0, 2, 0, 0, 0, 0]"
4995,59.166.0.6,*,149.171.126.4,35231,*,*,*,"[0, 0, 0, 0, 0, 0, 0, 0, 2, 0, 0, 0, 0]"
4996,59.166.0.6,*,149.171.126.4,23937,*,*,*,"[0, 0, 0, 0, 0, 0, 0, 0, 0, 3, 0, 0, 0]"
4997,59.166.0.6,*,149.171.126.4,38936,*,*,*,"[0, 0, 0, 0, 0, 0, 0, 0, 0, 3, 0, 0, 0]"
4998,59.166.0.6,*,149.171.126.4,52561,*,*,*,"[0, 0, 0, 0, 0, 0, 0, 0, 0, 3, 0, 0, 0]"
4999,59.166.0.6,*,149.171.126.4,62821,*,*,*,"[0, 0, 0, 0, 0, 0, 0, 0, 0, 3, 0, 0, 0]"
5000,59.166.0.6,*,149.171.126.4,63656,*,*,*,"[0, 0, 0, 0, 0, 0, 0, 0, 0, 3, 0, 0, 0]"
5001,59.166.0.6,*,149.171.126.4,65504,*,*,*,"[0, 0, 0, 0, 0, 0, 0, 0, 0, 3, 0, 0, 0]"
5002,59.166.0.6,*,149.171.126.4,32991,*,*,*,"[0, 0, 0, 0, 0, 0, 0, 0, 0, 0, 4, 0, 0]"
5003,59.166.0.6,*,149.171.126.4,44976,*,*,*,"[0, 0, 0, 0, 0, 0, 0, 0, 0, 0, 3, 0, 0]"
5004,59.166.0.6,*,149.171.126.4,45963,*,*,*,"[0, 0, 0, 0, 0, 0, 0, 0, 0, 0, 3, 0, 0]"
5005,59.166.0.6,*,149.171.126.4,49991,*,*,*,"[0, 0, 0, 0, 0, 0, 0, 0, 0, 0, 4, 0, 0]"
5006,59.166.0.6,*,149.171.126.4,57668,*,*,*,"[0, 0, 0, 0, 0, 0, 0, 0, 0, 0, 4, 0, 0]"
5007,59.166.0.6,*,149.171.126.4,58781,*,*,*,"[0, 0, 0, 0, 0, 0, 0, 0, 0, 0, 3, 0, 0]"
5008,59.166.0.6,*,149.171.126.4,11513,*,*,*,"[0, 0, 0, 0, 0, 0, 0, 0, 0, 0, 0, 2, 0]"
5009,59.166.0.6,*,149.171.126.4,19056,*,*,*,"[0, 0, 0, 0, 0, 0, 0, 0, 0, 0, 0, 2, 0]"
5010,59.166.0.6,*,149.171.126.4,25974,*,*,*,"[0, 0, 0, 0, 0, 0, 0, 0, 0, 0, 0, 5, 0]"
5011,59.166.0.6,*,149.171.126.4,36781,*,*,*,"[0, 0, 0, 0, 0, 0, 0, 0, 0, 0, 0, 5, 0]"
5012,59.166.0.6,*,149.171.126.4,56614,*,*,*,"[0, 0, 0, 0, 0, 0, 0, 0, 0, 0, 0, 2, 0]"
5013,59.166.0.6,*,149.171.126.4,56852,*,*,*,"[0, 0, 0, 0, 0, 0, 0, 0, 0, 0, 0, 5, 0]"
5014,59.166.0.6,*,149.171.126.4,13839,*,*,*,"[0, 0, 0, 0, 0, 0, 0, 0, 0, 0, 0, 0, 2]"
5015,59.166.0.6,*,149.171.126.4,16398,*,*,*,"[0, 0, 0, 0, 0, 0, 0, 0, 0, 0, 0, 0, 2]"
5016,59.166.0.6,*,149.171.126.4,26866,*,*,*,"[0, 0, 0, 0, 0, 0, 0, 0, 0, 0, 0, 0, 2]"
5017,59.166.0.6,*,149.171.126.4,50688,*,*,*,"[0, 0, 0, 0, 0, 0, 0, 0, 0, 0, 0, 0, 2]"
5018,59.166.0.6,*,149.171.126.4,53740,*,*,*,"[0, 0, 0, 0, 0, 0, 0, 0, 0, 0, 0, 0, 2]"
5019,59.166.0.6,*,149.171.126.4,56959,*,*,*,"[0, 0, 0, 0, 0, 0, 0, 0, 0, 0, 0, 0, 2]"
5020,59.166.0.6,*,149.171.126.5,111,*,*,*,"[6, 7, 10, 11, 7, 12, 3, 11, 8, 9, 17, 10, 18]"
5021,59.166.0.6,*,149.171.126.5,143,*,*,*,"[6, 7, 5, 6, 3, 6, 7, 3, 4, 7, 0, 5, 6]"
5022,59.166.0.6,*,149.171.126.5,21,*,*,*,"[5, 5, 3, 6, 7, 3, 7, 2, 6, 6, 8, 6, 7]"
5023,59.166.0.6,*,149.171.126.5,22,*,*,*,"[2, 9, 10, 9, 13, 8, 5, 2, 7, 12, 11, 9, 7]"
5024,59.166.0.6,*,149.171.126.5,25,*,*,*,"[11, 10, 12, 12, 14, 13, 11, 6, 13, 13, 17, 8, 16]"
5025,59.166.0.6,*,149.171.126.5,5190,*,*,*,"[23, 29, 15, 16, 12, 14, 25, 5, 15, 19, 11, 16, 13]"
5026,59.166.0.6,*,149.171.126.5,53,*,*,*,"[61, 59, 46, 54, 49, 51, 61, 32, 49, 39, 50, 44, 70]"
5027,59.166.0.6,*,149.171.126.5,6881,*,*,*,"[30, 12, 0, 19, 19, 24, 42, 56, 6, 0, 30, 0, 30]"
5028,59.166.0.6,*,149.171.126.5,80,*,*,*,"[33, 21, 30, 35, 28, 21, 30, 23, 22, 23, 29, 27, 29]"
5029,59.166.0.6,*,149.171.126.5,43267,*,*,*,"[0, 3, 0, 0, 0, 0, 0, 0, 0, 0, 0, 0, 0]"
5030,59.166.0.6,*,149.171.126.5,57753,*,*,*,"[0, 3, 0, 0, 0, 0, 0, 0, 0, 0, 0, 0, 0]"
5031,59.166.0.6,*,149.171.126.5,61834,*,*,*,"[0, 3, 0, 0, 0, 0, 0, 0, 0, 0, 0, 0, 0]"
5032,59.166.0.6,*,149.171.126.5,1397,*,*,*,"[0, 0, 0, 3, 0, 0, 0, 0, 0, 0, 0, 0, 0]"
5033,59.166.0.6,*,149.171.126.5,21831,*,*,*,"[0, 0, 0, 3, 0, 0, 0, 0, 0, 0, 0, 0, 0]"
5034,59.166.0.6,*,149.171.126.5,45133,*,*,*,"[0, 0, 0, 3, 0, 0, 0, 0, 0, 0, 0, 0, 0]"
5035,59.166.0.6,*,149.171.126.5,11821,*,*,*,"[0, 0, 0, 0, 2, 0, 0, 0, 0, 0, 0, 0, 0]"
5036,59.166.0.6,*,149.171.126.5,12916,*,*,*,"[0, 0, 0, 0, 2, 0, 0, 0, 0, 0, 0, 0, 0]"
5037,59.166.0.6,*,149.171.126.5,15171,*,*,*,"[0, 0, 0, 0, 2, 0, 0, 0, 0, 0, 0, 0, 0]"
5038,59.166.0.6,*,149.171.126.5,17268,*,*,*,"[0, 0, 0, 0, 2, 0, 0, 0, 0, 0, 0, 0, 0]"
5039,59.166.0.6,*,149.171.126.5,29238,*,*,*,"[0, 0, 0, 0, 2, 0, 0, 0, 0, 0, 0, 0, 0]"
5040,59.166.0.6,*,149.171.126.5,33656,*,*,*,"[0, 0, 0, 0, 2, 0, 0, 0, 0, 0, 0, 0, 0]"
5041,59.166.0.6,*,149.171.126.5,21049,*,*,*,"[0, 0, 0, 0, 0, 0, 2, 0, 0, 0, 0, 0, 0]"
5042,59.166.0.6,*,149.171.126.5,31861,*,*,*,"[0, 0, 0, 0, 0, 0, 2, 0, 0, 0, 0, 0, 0]"
5043,59.166.0.6,*,149.171.126.5,35856,*,*,*,"[0, 0, 0, 0, 0, 0, 2, 0, 0, 0, 0, 0, 0]"
5044,59.166.0.6,*,149.171.126.5,44463,*,*,*,"[0, 0, 0, 0, 0, 0, 2, 0, 0, 0, 0, 0, 0]"
5045,59.166.0.6,*,149.171.126.5,46556,*,*,*,"[0, 0, 0, 0, 0, 0, 2, 0, 0, 0, 0, 0, 0]"
5046,59.166.0.6,*,149.171.126.5,49483,*,*,*,"[0, 0, 0, 0, 0, 0, 2, 0, 0, 0, 0, 0, 0]"
5047,59.166.0.6,*,149.171.126.5,11460,*,*,*,"[0, 0, 0, 0, 0, 0, 0, 0, 2, 0, 0, 0, 0]"
5048,59.166.0.6,*,149.171.126.5,13455,*,*,*,"[0, 0, 0, 0, 0, 0, 0, 0, 2, 0, 0, 0, 0]"
5049,59.166.0.6,*,149.171.126.5,26631,*,*,*,"[0, 0, 0, 0, 0, 0, 0, 0, 2, 0, 0, 0, 0]"
5050,59.166.0.6,*,149.171.126.5,1906,*,*,*,"[0, 0, 0, 0, 0, 0, 0, 0, 0, 2, 0, 0, 0]"
5051,59.166.0.6,*,149.171.126.5,22432,*,*,*,"[0, 0, 0, 0, 0, 0, 0, 0, 0, 2, 0, 0, 0]"
5052,59.166.0.6,*,149.171.126.5,3038,*,*,*,"[0, 0, 0, 0, 0, 0, 0, 0, 0, 2, 0, 0, 0]"
5053,59.166.0.6,*,149.171.126.5,46326,*,*,*,"[0, 0, 0, 0, 0, 0, 0, 0, 0, 2, 0, 0, 0]"
5054,59.166.0.6,*,149.171.126.5,46967,*,*,*,"[0, 0, 0, 0, 0, 0, 0, 0, 0, 2, 0, 0, 0]"
5055,59.166.0.6,*,149.171.126.5,54587,*,*,*,"[0, 0, 0, 0, 0, 0, 0, 0, 0, 2, 0, 0, 0]"
5056,59.166.0.6,*,149.171.126.5,16120,*,*,*,"[0, 0, 0, 0, 0, 0, 0, 0, 0, 0, 2, 0, 0]"
5057,59.166.0.6,*,149.171.126.5,23815,*,*,*,"[0, 0, 0, 0, 0, 0, 0, 0, 0, 0, 2, 0, 0]"
5058,59.166.0.6,*,149.171.126.5,23898,*,*,*,"[0, 0, 0, 0, 0, 0, 0, 0, 0, 0, 2, 0, 0]"
5059,59.166.0.6,*,149.171.126.5,25885,*,*,*,"[0, 0, 0, 0, 0, 0, 0, 0, 0, 0, 2, 0, 0]"
5060,59.166.0.6,*,149.171.126.5,44976,*,*,*,"[0, 0, 0, 0, 0, 0, 0, 0, 0, 0, 2, 0, 0]"
5061,59.166.0.6,*,149.171.126.5,45963,*,*,*,"[0, 0, 0, 0, 0, 0, 0, 0, 0, 0, 2, 0, 0]"
5062,59.166.0.6,*,149.171.126.5,58781,*,*,*,"[0, 0, 0, 0, 0, 0, 0, 0, 0, 0, 2, 0, 0]"
5063,59.166.0.6,*,149.171.126.5,62120,*,*,*,"[0, 0, 0, 0, 0, 0, 0, 0, 0, 0, 2, 0, 0]"
5064,59.166.0.6,*,149.171.126.5,64158,*,*,*,"[0, 0, 0, 0, 0, 0, 0, 0, 0, 0, 2, 0, 0]"
5065,59.166.0.6,*,149.171.126.5,25974,*,*,*,"[0, 0, 0, 0, 0, 0, 0, 0, 0, 0, 0, 3, 0]"
5066,59.166.0.6,*,149.171.126.5,36781,*,*,*,"[0, 0, 0, 0, 0, 0, 0, 0, 0, 0, 0, 3, 0]"
5067,59.166.0.6,*,149.171.126.5,56852,*,*,*,"[0, 0, 0, 0, 0, 0, 0, 0, 0, 0, 0, 3, 0]"
5068,59.166.0.6,*,149.171.126.5,13839,*,*,*,"[0, 0, 0, 0, 0, 0, 0, 0, 0, 0, 0, 0, 3]"
5069,59.166.0.6,*,149.171.126.5,16398,*,*,*,"[0, 0, 0, 0, 0, 0, 0, 0, 0, 0, 0, 0, 2]"
5070,59.166.0.6,*,149.171.126.5,21133,*,*,*,"[0, 0, 0, 0, 0, 0, 0, 0, 0, 0, 0, 0, 2]"
5071,59.166.0.6,*,149.171.126.5,26866,*,*,*,"[0, 0, 0, 0, 0, 0, 0, 0, 0, 0, 0, 0, 3]"
5072,59.166.0.6,*,149.171.126.5,48182,*,*,*,"[0, 0, 0, 0, 0, 0, 0, 0, 0, 0, 0, 0, 2]"
5073,59.166.0.6,*,149.171.126.5,50688,*,*,*,"[0, 0, 0, 0, 0, 0, 0, 0, 0, 0, 0, 0, 3]"
5074,59.166.0.6,*,149.171.126.5,53740,*,*,*,"[0, 0, 0, 0, 0, 0, 0, 0, 0, 0, 0, 0, 2]"
5075,59.166.0.6,*,149.171.126.5,56959,*,*,*,"[0, 0, 0, 0, 0, 0, 0, 0, 0, 0, 0, 0, 2]"
5076,59.166.0.6,*,149.171.126.5,63753,*,*,*,"[0, 0, 0, 0, 0, 0, 0, 0, 0, 0, 0, 0, 2]"
5077,59.166.0.6,*,149.171.126.6,111,*,*,*,"[13, 15, 15, 13, 13, 11, 7, 13, 12, 10, 12, 10, 9]"
5078,59.166.0.6,*,149.171.126.6,143,*,*,*,"[4, 9, 5, 10, 7, 8, 0, 3, 13, 6, 7, 9, 10]"
5079,59.166.0.6,*,149.171.126.6,17087,*,*,*,"[3, 0, 0, 0, 0, 0, 0, 0, 0, 0, 0, 0, 0]"
5080,59.166.0.6,*,149.171.126.6,18023,*,*,*,"[2, 0, 0, 0, 0, 0, 0, 0, 0, 0, 0, 0, 0]"
5081,59.166.0.6,*,149.171.126.6,21,*,*,*,"[7, 6, 6, 3, 7, 12, 2, 6, 9, 11, 4, 3, 8]"
5082,59.166.0.6,*,149.171.126.6,22,*,*,*,"[3, 5, 6, 15, 10, 0, 4, 0, 4, 4, 7, 5, 4]"
5083,59.166.0.6,*,149.171.126.6,25,*,*,*,"[10, 10, 6, 6, 13, 12, 7, 6, 11, 12, 13, 11, 8]"
5084,59.166.0.6,*,149.171.126.6,32664,*,*,*,"[2, 0, 0, 0, 0, 0, 0, 0, 0, 0, 0, 0, 0]"
5085,59.166.0.6,*,149.171.126.6,45548,*,*,*,"[3, 0, 0, 0, 0, 0, 0, 0, 0, 0, 0, 0, 0]"
5086,59.166.0.6,*,149.171.126.6,4950,*,*,*,"[2, 0, 0, 0, 0, 0, 0, 0, 0, 0, 0, 0, 0]"
5087,59.166.0.6,*,149.171.126.6,5190,*,*,*,"[12, 22, 22, 9, 16, 15, 30, 7, 26, 27, 16, 14, 11]"
5088,59.166.0.6,*,149.171.126.6,52796,*,*,*,"[3, 0, 0, 0, 0, 0, 0, 0, 0, 0, 0, 0, 0]"
5089,59.166.0.6,*,149.171.126.6,53,*,*,*,"[64, 33, 54, 37, 51, 44, 51, 45, 53, 39, 53, 39, 43]"
5090,59.166.0.6,*,149.171.126.6,6881,*,*,*,"[6, 6, 6, 31, 12, 0, 48, 54, 6, 0, 18, 12, 36]"
5091,59.166.0.6,*,149.171.126.6,80,*,*,*,"[34, 21, 36, 18, 17, 20, 34, 32, 28, 22, 27, 25, 31]"
5092,59.166.0.6,*,149.171.126.6,13142,*,*,*,"[0, 2, 0, 0, 0, 0, 0, 0, 0, 0, 0, 0, 0]"
5093,59.166.0.6,*,149.171.126.6,27976,*,*,*,"[0, 2, 0, 0, 0, 0, 0, 0, 0, 0, 0, 0, 0]"
5094,59.166.0.6,*,149.171.126.6,35397,*,*,*,"[0, 2, 0, 0, 0, 0, 0, 0, 0, 0, 0, 0, 0]"
5095,59.166.0.6,*,149.171.126.6,25409,*,*,*,"[0, 0, 2, 0, 0, 0, 0, 0, 0, 0, 0, 0, 0]"
5096,59.166.0.6,*,149.171.126.6,3208,*,*,*,"[0, 0, 2, 0, 0, 0, 0, 0, 0, 0, 0, 0, 0]"
5097,59.166.0.6,*,149.171.126.6,32547,*,*,*,"[0, 0, 2, 0, 0, 0, 0, 0, 0, 0, 0, 0, 0]"
5098,59.166.0.6,*,149.171.126.6,12916,*,*,*,"[0, 0, 0, 0, 2, 0, 0, 0, 0, 0, 0, 0, 0]"
5099,59.166.0.6,*,149.171.126.6,34073,*,*,*,"[0, 0, 0, 0, 2, 0, 0, 0, 0, 0, 0, 0, 0]"
5100,59.166.0.6,*,149.171.126.6,36222,*,*,*,"[0, 0, 0, 0, 2, 0, 0, 0, 0, 0, 0, 0, 0]"
5101,59.166.0.6,*,149.171.126.6,45633,*,*,*,"[0, 0, 0, 0, 2, 0, 0, 0, 0, 0, 0, 0, 0]"
5102,59.166.0.6,*,149.171.126.6,5131,*,*,*,"[0, 0, 0, 0, 2, 0, 0, 0, 0, 0, 0, 0, 0]"
5103,59.166.0.6,*,149.171.126.6,5491,*,*,*,"[0, 0, 0, 0, 2, 0, 0, 0, 0, 0, 0, 0, 0]"
5104,59.166.0.6,*,149.171.126.6,56995,*,*,*,"[0, 0, 0, 0, 2, 0, 0, 0, 0, 0, 0, 0, 0]"
5105,59.166.0.6,*,149.171.126.6,12319,*,*,*,"[0, 0, 0, 0, 0, 3, 0, 0, 0, 0, 0, 0, 0]"
5106,59.166.0.6,*,149.171.126.6,18292,*,*,*,"[0, 0, 0, 0, 0, 3, 0, 0, 0, 0, 0, 0, 0]"
5107,59.166.0.6,*,149.171.126.6,18741,*,*,*,"[0, 0, 0, 0, 0, 3, 0, 0, 0, 0, 0, 0, 0]"
5108,59.166.0.6,*,149.171.126.6,24550,*,*,*,"[0, 0, 0, 0, 0, 3, 0, 0, 0, 0, 0, 0, 0]"
5109,59.166.0.6,*,149.171.126.6,26373,*,*,*,"[0, 0, 0, 0, 0, 3, 0, 0, 0, 0, 0, 0, 0]"
5110,59.166.0.6,*,149.171.126.6,28875,*,*,*,"[0, 0, 0, 0, 0, 3, 0, 0, 0, 0, 0, 0, 0]"
5111,59.166.0.6,*,149.171.126.6,40239,*,*,*,"[0, 0, 0, 0, 0, 3, 0, 0, 0, 0, 0, 0, 0]"
5112,59.166.0.6,*,149.171.126.6,42265,*,*,*,"[0, 0, 0, 0, 0, 3, 0, 0, 0, 0, 0, 0, 0]"
5113,59.166.0.6,*,149.171.126.6,62964,*,*,*,"[0, 0, 0, 0, 0, 0, 0, 2, 0, 0, 0, 0, 0]"
5114,59.166.0.6,*,149.171.126.6,6517,*,*,*,"[0, 0, 0, 0, 0, 3, 0, 0, 0, 0, 0, 0, 0]"
5115,59.166.0.6,*,149.171.126.6,43063,*,*,*,"[0, 0, 0, 0, 0, 0, 2, 0, 0, 0, 0, 0, 0]"
5116,59.166.0.6,*,149.171.126.6,13582,*,*,*,"[0, 0, 0, 0, 0, 0, 0, 2, 0, 0, 0, 0, 0]"
5117,59.166.0.6,*,149.171.126.6,54475,*,*,*,"[0, 0, 0, 0, 0, 0, 0, 2, 0, 0, 0, 0, 0]"
5118,59.166.0.6,*,149.171.126.6,55348,*,*,*,"[0, 0, 0, 0, 0, 0, 0, 2, 0, 0, 0, 0, 0]"
5119,59.166.0.6,*,149.171.126.6,64665,*,*,*,"[0, 0, 0, 0, 0, 0, 0, 2, 0, 0, 0, 0, 0]"
5120,59.166.0.6,*,149.171.126.6,65009,*,*,*,"[0, 0, 0, 0, 0, 0, 0, 2, 0, 0, 0, 0, 0]"
5121,59.166.0.6,*,149.171.126.6,10198,*,*,*,"[0, 0, 0, 0, 0, 0, 0, 0, 4, 0, 0, 0, 0]"
5122,59.166.0.6,*,149.171.126.6,24196,*,*,*,"[0, 0, 0, 0, 0, 0, 0, 0, 4, 0, 0, 0, 0]"
5123,59.166.0.6,*,149.171.126.6,35231,*,*,*,"[0, 0, 0, 0, 0, 0, 0, 0, 4, 0, 0, 0, 0]"
5124,59.166.0.6,*,149.171.126.6,36106,*,*,*,"[0, 0, 0, 0, 0, 0, 0, 0, 3, 0, 0, 0, 0]"
5125,59.166.0.6,*,149.171.126.6,37612,*,*,*,"[0, 0, 0, 0, 0, 0, 0, 0, 3, 0, 0, 0, 0]"
5126,59.166.0.6,*,149.171.126.6,56854,*,*,*,"[0, 0, 0, 0, 0, 0, 0, 0, 3, 0, 0, 0, 0]"
5127,59.166.0.6,*,149.171.126.6,20465,*,*,*,"[0, 0, 0, 0, 0, 0, 0, 0, 0, 3, 0, 0, 0]"
5128,59.166.0.6,*,149.171.126.6,23937,*,*,*,"[0, 0, 0, 0, 0, 0, 0, 0, 0, 2, 0, 0, 0]"
5129,59.166.0.6,*,149.171.126.6,33291,*,*,*,"[0, 0, 0, 0, 0, 0, 0, 0, 0, 3, 0, 0, 0]"
5130,59.166.0.6,*,149.171.126.6,38936,*,*,*,"[0, 0, 0, 0, 0, 0, 0, 0, 0, 2, 0, 0, 0]"
5131,59.166.0.6,*,149.171.126.6,52561,*,*,*,"[0, 0, 0, 0, 0, 0, 0, 0, 0, 2, 0, 0, 0]"
5132,59.166.0.6,*,149.171.126.6,58190,*,*,*,"[0, 0, 0, 0, 0, 0, 0, 0, 0, 3, 0, 0, 0]"
5133,59.166.0.6,*,149.171.126.6,62821,*,*,*,"[0, 0, 0, 0, 0, 0, 0, 0, 0, 4, 0, 0, 0]"
5134,59.166.0.6,*,149.171.126.6,63656,*,*,*,"[0, 0, 0, 0, 0, 0, 0, 0, 0, 4, 0, 0, 0]"
5135,59.166.0.6,*,149.171.126.6,65504,*,*,*,"[0, 0, 0, 0, 0, 0, 0, 0, 0, 4, 0, 0, 0]"
5136,59.166.0.6,*,149.171.126.6,10394,*,*,*,"[0, 0, 0, 0, 0, 0, 0, 0, 0, 0, 0, 0, 2]"
5137,59.166.0.6,*,149.171.126.6,16398,*,*,*,"[0, 0, 0, 0, 0, 0, 0, 0, 0, 0, 0, 0, 5]"
5138,59.166.0.6,*,149.171.126.6,19518,*,*,*,"[0, 0, 0, 0, 0, 0, 0, 0, 0, 0, 0, 0, 2]"
5139,59.166.0.6,*,149.171.126.6,32528,*,*,*,"[0, 0, 0, 0, 0, 0, 0, 0, 0, 0, 0, 0, 2]"
5140,59.166.0.6,*,149.171.126.6,53740,*,*,*,"[0, 0, 0, 0, 0, 0, 0, 0, 0, 0, 0, 0, 5]"
5141,59.166.0.6,*,149.171.126.6,56959,*,*,*,"[0, 0, 0, 0, 0, 0, 0, 0, 0, 0, 0, 0, 5]"
5142,59.166.0.6,*,149.171.126.7,111,*,*,*,"[11, 8, 17, 5, 14, 11, 10, 4, 11, 9, 9, 13, 10]"
5143,59.166.0.6,*,149.171.126.7,11399,*,*,*,"[2, 0, 0, 0, 0, 0, 0, 0, 0, 0, 0, 0, 0]"
5144,59.166.0.6,*,149.171.126.7,143,*,*,*,"[5, 6, 5, 7, 8, 4, 4, 3, 4, 5, 6, 0, 4]"
5145,59.166.0.6,*,149.171.126.7,17087,*,*,*,"[2, 0, 0, 0, 0, 0, 0, 0, 0, 0, 0, 0, 0]"
5146,59.166.0.6,*,149.171.126.7,21,*,*,*,"[10, 10, 12, 7, 6, 5, 6, 4, 6, 5, 6, 5, 4]"
5147,59.166.0.6,*,149.171.126.7,22,*,*,*,"[2, 3, 5, 8, 10, 3, 3, 2, 5, 7, 9, 12, 5]"
5148,59.166.0.6,*,149.171.126.7,25,*,*,*,"[11, 9, 10, 10, 8, 12, 5, 9, 8, 8, 11, 9, 18]"
5149,59.166.0.6,*,149.171.126.7,26143,*,*,*,"[2, 0, 0, 0, 0, 0, 0, 0, 0, 0, 0, 0, 0]"
5150,59.166.0.6,*,149.171.126.7,27934,*,*,*,"[3, 0, 0, 0, 0, 0, 0, 0, 0, 0, 0, 0, 0]"
5151,59.166.0.6,*,149.171.126.7,35719,*,*,*,"[3, 0, 0, 0, 0, 0, 0, 0, 0, 0, 0, 0, 0]"
5152,59.166.0.6,*,149.171.126.7,42130,*,*,*,"[3, 0, 0, 0, 0, 0, 0, 0, 0, 0, 0, 0, 0]"
5153,59.166.0.6,*,149.171.126.7,45548,*,*,*,"[2, 0, 0, 0, 0, 0, 0, 0, 0, 0, 0, 0, 0]"
5154,59.166.0.6,*,149.171.126.7,5190,*,*,*,"[11, 19, 15, 7, 15, 12, 22, 8, 24, 23, 17, 14, 18]"
5155,59.166.0.6,*,149.171.126.7,52294,*,*,*,"[2, 0, 0, 0, 0, 0, 0, 0, 0, 0, 0, 0, 0]"
5156,59.166.0.6,*,149.171.126.7,52796,*,*,*,"[2, 0, 0, 0, 0, 0, 0, 0, 0, 0, 0, 0, 0]"
5157,59.166.0.6,*,149.171.126.7,52801,*,*,*,"[2, 0, 0, 0, 0, 0, 0, 0, 0, 0, 0, 0, 0]"
5158,59.166.0.6,*,149.171.126.7,53,*,*,*,"[52, 60, 44, 50, 69, 43, 45, 43, 43, 47, 48, 44, 47]"
5159,59.166.0.6,*,149.171.126.7,56048,*,*,*,"[2, 0, 0, 0, 0, 0, 0, 0, 0, 0, 0, 0, 0]"
5160,59.166.0.6,*,149.171.126.7,64030,*,*,*,"[2, 0, 0, 0, 0, 0, 0, 0, 0, 0, 0, 0, 0]"
5161,59.166.0.6,*,149.171.126.7,6881,*,*,*,"[25, 12, 12, 12, 12, 6, 36, 36, 0, 0, 24, 6, 54]"
5162,59.166.0.6,*,149.171.126.7,80,*,*,*,"[30, 31, 28, 28, 25, 20, 21, 24, 28, 29, 16, 26, 27]"
5163,59.166.0.6,*,149.171.126.7,13142,*,*,*,"[0, 2, 0, 0, 0, 0, 0, 0, 0, 0, 0, 0, 0]"
5164,59.166.0.6,*,149.171.126.7,17751,*,*,*,"[0, 0, 4, 0, 0, 0, 0, 0, 0, 0, 0, 0, 0]"
5165,59.166.0.6,*,149.171.126.7,27976,*,*,*,"[0, 2, 0, 0, 0, 0, 0, 0, 0, 0, 0, 0, 0]"
5166,59.166.0.6,*,149.171.126.7,3062,*,*,*,"[0, 2, 0, 0, 0, 0, 0, 0, 0, 0, 0, 0, 0]"
5167,59.166.0.6,*,149.171.126.7,34463,*,*,*,"[0, 2, 0, 0, 0, 0, 0, 0, 0, 0, 0, 0, 0]"
5168,59.166.0.6,*,149.171.126.7,35397,*,*,*,"[0, 2, 0, 0, 0, 0, 0, 0, 0, 0, 0, 0, 0]"
5169,59.166.0.6,*,149.171.126.7,38395,*,*,*,"[0, 2, 0, 0, 0, 0, 0, 0, 0, 0, 0, 0, 0]"
5170,59.166.0.6,*,149.171.126.7,43267,*,*,*,"[0, 3, 0, 0, 0, 0, 0, 0, 0, 0, 0, 0, 0]"
5171,59.166.0.6,*,149.171.126.7,57753,*,*,*,"[0, 3, 0, 0, 0, 0, 0, 0, 0, 0, 0, 0, 0]"
5172,59.166.0.6,*,149.171.126.7,61834,*,*,*,"[0, 3, 0, 0, 0, 0, 0, 0, 0, 0, 0, 0, 0]"
5173,59.166.0.6,*,149.171.126.7,7644,*,*,*,"[0, 0, 4, 0, 0, 0, 0, 0, 0, 0, 0, 0, 0]"
5174,59.166.0.6,*,149.171.126.7,9620,*,*,*,"[0, 0, 4, 0, 0, 0, 0, 0, 0, 0, 0, 0, 0]"
5175,59.166.0.6,*,149.171.126.7,1254,*,*,*,"[0, 0, 2, 0, 0, 0, 0, 0, 0, 0, 0, 0, 0]"
5176,59.166.0.6,*,149.171.126.7,14987,*,*,*,"[0, 0, 2, 0, 0, 0, 0, 0, 0, 0, 0, 0, 0]"
5177,59.166.0.6,*,149.171.126.7,25409,*,*,*,"[0, 0, 2, 0, 0, 0, 0, 0, 0, 0, 0, 0, 0]"
5178,59.166.0.6,*,149.171.126.7,2869,*,*,*,"[0, 0, 2, 0, 0, 0, 0, 0, 0, 0, 0, 0, 0]"
5179,59.166.0.6,*,149.171.126.7,3208,*,*,*,"[0, 0, 2, 0, 0, 0, 0, 0, 0, 0, 0, 0, 0]"
5180,59.166.0.6,*,149.171.126.7,32547,*,*,*,"[0, 0, 2, 0, 0, 0, 0, 0, 0, 0, 0, 0, 0]"
5181,59.166.0.6,*,149.171.126.7,3398,*,*,*,"[0, 0, 2, 0, 0, 0, 0, 0, 0, 0, 0, 0, 0]"
5182,59.166.0.6,*,149.171.126.7,34154,*,*,*,"[0, 0, 2, 0, 0, 0, 0, 0, 0, 0, 0, 0, 0]"
5183,59.166.0.6,*,149.171.126.7,61745,*,*,*,"[0, 0, 2, 0, 0, 0, 0, 0, 0, 0, 0, 0, 0]"
5184,59.166.0.6,*,149.171.126.7,1397,*,*,*,"[0, 0, 0, 2, 0, 0, 0, 0, 0, 0, 0, 0, 0]"
5185,59.166.0.6,*,149.171.126.7,21831,*,*,*,"[0, 0, 0, 2, 0, 0, 0, 0, 0, 0, 0, 0, 0]"
5186,59.166.0.6,*,149.171.126.7,30639,*,*,*,"[0, 0, 0, 3, 0, 0, 0, 0, 0, 0, 0, 0, 0]"
5187,59.166.0.6,*,149.171.126.7,45133,*,*,*,"[0, 0, 0, 2, 0, 0, 0, 0, 0, 0, 0, 0, 0]"
5188,59.166.0.6,*,149.171.126.7,57588,*,*,*,"[0, 0, 0, 3, 0, 0, 0, 0, 0, 0, 0, 0, 0]"
5189,59.166.0.6,*,149.171.126.7,58003,*,*,*,"[0, 0, 0, 3, 0, 0, 0, 0, 0, 0, 0, 0, 0]"
5190,59.166.0.6,*,149.171.126.7,12916,*,*,*,"[0, 0, 0, 0, 2, 0, 0, 0, 0, 0, 0, 0, 0]"
5191,59.166.0.6,*,149.171.126.7,29238,*,*,*,"[0, 0, 0, 0, 2, 0, 0, 0, 0, 0, 0, 0, 0]"
5192,59.166.0.6,*,149.171.126.7,33656,*,*,*,"[0, 0, 0, 0, 2, 0, 0, 0, 0, 0, 0, 0, 0]"
5193,59.166.0.6,*,149.171.126.7,36222,*,*,*,"[0, 0, 0, 0, 2, 0, 0, 0, 0, 0, 0, 0, 0]"
5194,59.166.0.6,*,149.171.126.7,5131,*,*,*,"[0, 0, 0, 0, 2, 0, 0, 0, 0, 0, 0, 0, 0]"
5195,59.166.0.6,*,149.171.126.7,56995,*,*,*,"[0, 0, 0, 0, 2, 0, 0, 0, 0, 0, 0, 0, 0]"
5196,59.166.0.6,*,149.171.126.7,25349,*,*,*,"[0, 0, 0, 0, 0, 0, 2, 0, 0, 0, 0, 0, 0]"
5197,59.166.0.6,*,149.171.126.7,38225,*,*,*,"[0, 0, 0, 0, 0, 0, 2, 0, 0, 0, 0, 0, 0]"
5198,59.166.0.6,*,149.171.126.7,52431,*,*,*,"[0, 0, 0, 0, 0, 0, 2, 0, 0, 0, 0, 0, 0]"
5199,59.166.0.6,*,149.171.126.7,15398,*,*,*,"[0, 0, 0, 0, 0, 0, 2, 0, 0, 0, 0, 0, 0]"
5200,59.166.0.6,*,149.171.126.7,32328,*,*,*,"[0, 0, 0, 0, 0, 0, 2, 0, 0, 0, 0, 0, 0]"
5201,59.166.0.6,*,149.171.126.7,9851,*,*,*,"[0, 0, 0, 0, 0, 0, 2, 0, 0, 0, 0, 0, 0]"
5202,59.166.0.6,*,149.171.126.7,13582,*,*,*,"[0, 0, 0, 0, 0, 0, 0, 2, 0, 0, 0, 0, 0]"
5203,59.166.0.6,*,149.171.126.7,62964,*,*,*,"[0, 0, 0, 0, 0, 0, 0, 2, 0, 0, 0, 0, 0]"
5204,59.166.0.6,*,149.171.126.7,65009,*,*,*,"[0, 0, 0, 0, 0, 0, 0, 2, 0, 0, 0, 0, 0]"
5205,59.166.0.6,*,149.171.126.7,11460,*,*,*,"[0, 0, 0, 0, 0, 0, 0, 0, 2, 0, 0, 0, 0]"
5206,59.166.0.6,*,149.171.126.7,13455,*,*,*,"[0, 0, 0, 0, 0, 0, 0, 0, 2, 0, 0, 0, 0]"
5207,59.166.0.6,*,149.171.126.7,26631,*,*,*,"[0, 0, 0, 0, 0, 0, 0, 0, 2, 0, 0, 0, 0]"
5208,59.166.0.6,*,149.171.126.7,36106,*,*,*,"[0, 0, 0, 0, 0, 0, 0, 0, 2, 0, 0, 0, 0]"
5209,59.166.0.6,*,149.171.126.7,37612,*,*,*,"[0, 0, 0, 0, 0, 0, 0, 0, 2, 0, 0, 0, 0]"
5210,59.166.0.6,*,149.171.126.7,56854,*,*,*,"[0, 0, 0, 0, 0, 0, 0, 0, 2, 0, 0, 0, 0]"
5211,59.166.0.6,*,149.171.126.7,25031,*,*,*,"[0, 0, 0, 0, 0, 0, 0, 0, 0, 2, 0, 0, 0]"
5212,59.166.0.6,*,149.171.126.7,33513,*,*,*,"[0, 0, 0, 0, 0, 0, 0, 0, 0, 2, 0, 0, 0]"
5213,59.166.0.6,*,149.171.126.7,47628,*,*,*,"[0, 0, 0, 0, 0, 0, 0, 0, 0, 2, 0, 0, 0]"
5214,59.166.0.6,*,149.171.126.7,34316,*,*,*,"[0, 0, 0, 0, 0, 0, 0, 0, 0, 0, 2, 0, 0]"
5215,59.166.0.6,*,149.171.126.7,43493,*,*,*,"[0, 0, 0, 0, 0, 0, 0, 0, 0, 0, 2, 0, 0]"
5216,59.166.0.6,*,149.171.126.7,44976,*,*,*,"[0, 0, 0, 0, 0, 0, 0, 0, 0, 0, 3, 0, 0]"
5217,59.166.0.6,*,149.171.126.7,45963,*,*,*,"[0, 0, 0, 0, 0, 0, 0, 0, 0, 0, 3, 0, 0]"
5218,59.166.0.6,*,149.171.126.7,53517,*,*,*,"[0, 0, 0, 0, 0, 0, 0, 0, 0, 0, 2, 0, 0]"
5219,59.166.0.6,*,149.171.126.7,58781,*,*,*,"[0, 0, 0, 0, 0, 0, 0, 0, 0, 0, 3, 0, 0]"
5220,59.166.0.6,*,149.171.126.7,11513,*,*,*,"[0, 0, 0, 0, 0, 0, 0, 0, 0, 0, 0, 2, 0]"
5221,59.166.0.6,*,149.171.126.7,19056,*,*,*,"[0, 0, 0, 0, 0, 0, 0, 0, 0, 0, 0, 2, 0]"
5222,59.166.0.6,*,149.171.126.7,56614,*,*,*,"[0, 0, 0, 0, 0, 0, 0, 0, 0, 0, 0, 2, 0]"
5223,59.166.0.6,*,149.171.126.7,10394,*,*,*,"[0, 0, 0, 0, 0, 0, 0, 0, 0, 0, 0, 0, 2]"
5224,59.166.0.6,*,149.171.126.7,19518,*,*,*,"[0, 0, 0, 0, 0, 0, 0, 0, 0, 0, 0, 0, 2]"
5225,59.166.0.6,*,149.171.126.7,32528,*,*,*,"[0, 0, 0, 0, 0, 0, 0, 0, 0, 0, 0, 0, 2]"
5226,59.166.0.6,*,149.171.126.8,111,*,*,*,"[16, 13, 9, 11, 12, 4, 12, 10, 8, 16, 10, 16, 12]"
5227,59.166.0.6,*,149.171.126.8,143,*,*,*,"[7, 4, 11, 6, 4, 6, 5, 2, 6, 8, 6, 2, 6]"
5228,59.166.0.6,*,149.171.126.8,17087,*,*,*,"[2, 0, 0, 0, 0, 0, 0, 0, 0, 0, 0, 0, 0]"
5229,59.166.0.6,*,149.171.126.8,18023,*,*,*,"[2, 0, 0, 0, 0, 0, 0, 0, 0, 0, 0, 0, 0]"
5230,59.166.0.6,*,149.171.126.8,21,*,*,*,"[10, 6, 5, 7, 7, 8, 3, 9, 9, 3, 10, 0, 3]"
5231,59.166.0.6,*,149.171.126.8,22,*,*,*,"[4, 8, 4, 17, 4, 8, 5, 3, 7, 0, 5, 10, 7]"
5232,59.166.0.6,*,149.171.126.8,25,*,*,*,"[10, 17, 12, 11, 12, 7, 5, 7, 10, 8, 11, 10, 13]"
5233,59.166.0.6,*,149.171.126.8,27934,*,*,*,"[2, 0, 0, 0, 0, 0, 0, 0, 0, 0, 0, 0, 0]"
5234,59.166.0.6,*,149.171.126.8,32664,*,*,*,"[2, 0, 0, 0, 0, 0, 0, 0, 0, 0, 0, 0, 0]"
5235,59.166.0.6,*,149.171.126.8,35719,*,*,*,"[2, 0, 0, 0, 0, 0, 0, 0, 0, 0, 0, 0, 0]"
5236,59.166.0.6,*,149.171.126.8,42130,*,*,*,"[2, 0, 0, 0, 0, 0, 0, 0, 0, 0, 0, 0, 0]"
5237,59.166.0.6,*,149.171.126.8,45548,*,*,*,"[2, 0, 0, 0, 0, 0, 0, 0, 0, 0, 0, 0, 0]"
5238,59.166.0.6,*,149.171.126.8,4950,*,*,*,"[2, 0, 0, 0, 0, 0, 0, 0, 0, 0, 0, 0, 0]"
5239,59.166.0.6,*,149.171.126.8,5190,*,*,*,"[24, 24, 15, 15, 13, 24, 16, 16, 12, 19, 20, 12, 10]"
5240,59.166.0.6,*,149.171.126.8,52796,*,*,*,"[2, 0, 0, 0, 0, 0, 0, 0, 0, 0, 0, 0, 0]"
5241,59.166.0.6,*,149.171.126.8,52801,*,*,*,"[3, 0, 0, 0, 0, 0, 0, 0, 0, 0, 0, 0, 0]"
5242,59.166.0.6,*,149.171.126.8,53,*,*,*,"[52, 57, 52, 55, 41, 57, 43, 46, 50, 45, 54, 53, 49]"
5243,59.166.0.6,*,149.171.126.8,56048,*,*,*,"[3, 0, 0, 0, 0, 0, 0, 0, 0, 0, 0, 0, 0]"
5244,59.166.0.6,*,149.171.126.8,64030,*,*,*,"[3, 0, 0, 0, 0, 0, 0, 0, 0, 0, 0, 0, 0]"
5245,59.166.0.6,*,149.171.126.8,6881,*,*,*,"[36, 0, 7, 30, 30, 12, 73, 18, 12, 0, 24, 6, 30]"
5246,59.166.0.6,*,149.171.126.8,80,*,*,*,"[36, 25, 27, 27, 20, 25, 31, 32, 21, 16, 30, 25, 29]"
5247,59.166.0.6,*,149.171.126.8,15843,*,*,*,"[0, 2, 0, 0, 0, 0, 0, 0, 0, 0, 0, 0, 0]"
5248,59.166.0.6,*,149.171.126.8,43267,*,*,*,"[0, 3, 0, 0, 0, 0, 0, 0, 0, 0, 0, 0, 0]"
5249,59.166.0.6,*,149.171.126.8,49198,*,*,*,"[0, 2, 0, 0, 0, 0, 0, 0, 0, 0, 0, 0, 0]"
5250,59.166.0.6,*,149.171.126.8,54867,*,*,*,"[0, 2, 0, 0, 0, 0, 0, 0, 0, 0, 0, 0, 0]"
5251,59.166.0.6,*,149.171.126.8,57753,*,*,*,"[0, 3, 0, 0, 0, 0, 0, 0, 0, 0, 0, 0, 0]"
5252,59.166.0.6,*,149.171.126.8,61834,*,*,*,"[0, 3, 0, 0, 0, 0, 0, 0, 0, 0, 0, 0, 0]"
5253,59.166.0.6,*,149.171.126.8,1254,*,*,*,"[0, 0, 2, 0, 0, 0, 0, 0, 0, 0, 0, 0, 0]"
5254,59.166.0.6,*,149.171.126.8,26927,*,*,*,"[0, 0, 2, 0, 0, 0, 0, 0, 0, 0, 0, 0, 0]"
5255,59.166.0.6,*,149.171.126.8,34154,*,*,*,"[0, 0, 2, 0, 0, 0, 0, 0, 0, 0, 0, 0, 0]"
5256,59.166.0.6,*,149.171.126.8,34484,*,*,*,"[0, 0, 2, 0, 0, 0, 0, 0, 0, 0, 0, 0, 0]"
5257,59.166.0.6,*,149.171.126.8,60997,*,*,*,"[0, 0, 2, 0, 0, 0, 0, 0, 0, 0, 0, 0, 0]"
5258,59.166.0.6,*,149.171.126.8,61745,*,*,*,"[0, 0, 2, 0, 0, 0, 0, 0, 0, 0, 0, 0, 0]"
5259,59.166.0.6,*,149.171.126.8,1397,*,*,*,"[0, 0, 0, 2, 0, 0, 0, 0, 0, 0, 0, 0, 0]"
5260,59.166.0.6,*,149.171.126.8,21831,*,*,*,"[0, 0, 0, 2, 0, 0, 0, 0, 0, 0, 0, 0, 0]"
5261,59.166.0.6,*,149.171.126.8,30639,*,*,*,"[0, 0, 0, 3, 0, 0, 0, 0, 0, 0, 0, 0, 0]"
5262,59.166.0.6,*,149.171.126.8,33656,*,*,*,"[0, 0, 0, 0, 2, 0, 0, 0, 0, 0, 0, 0, 0]"
5263,59.166.0.6,*,149.171.126.8,45133,*,*,*,"[0, 0, 0, 2, 0, 0, 0, 0, 0, 0, 0, 0, 0]"
5264,59.166.0.6,*,149.171.126.8,57588,*,*,*,"[0, 0, 0, 3, 0, 0, 0, 0, 0, 0, 0, 0, 0]"
5265,59.166.0.6,*,149.171.126.8,58003,*,*,*,"[0, 0, 0, 3, 0, 0, 0, 0, 0, 0, 0, 0, 0]"
5266,59.166.0.6,*,149.171.126.8,12916,*,*,*,"[0, 0, 0, 0, 2, 0, 0, 0, 0, 0, 0, 0, 0]"
5267,59.166.0.6,*,149.171.126.8,29238,*,*,*,"[0, 0, 0, 0, 2, 0, 0, 0, 0, 0, 0, 0, 0]"
5268,59.166.0.6,*,149.171.126.8,15489,*,*,*,"[0, 0, 0, 0, 0, 3, 0, 0, 0, 0, 0, 0, 0]"
5269,59.166.0.6,*,149.171.126.8,34138,*,*,*,"[0, 0, 0, 0, 0, 3, 0, 0, 0, 0, 0, 0, 0]"
5270,59.166.0.6,*,149.171.126.8,42523,*,*,*,"[0, 0, 0, 0, 0, 3, 0, 0, 0, 0, 0, 0, 0]"
5271,59.166.0.6,*,149.171.126.8,43825,*,*,*,"[0, 0, 0, 0, 0, 3, 0, 0, 0, 0, 0, 0, 0]"
5272,59.166.0.6,*,149.171.126.8,50827,*,*,*,"[0, 0, 0, 0, 0, 3, 0, 0, 0, 0, 0, 0, 0]"
5273,59.166.0.6,*,149.171.126.8,60894,*,*,*,"[0, 0, 0, 0, 0, 3, 0, 0, 0, 0, 0, 0, 0]"
5274,59.166.0.6,*,149.171.126.8,31861,*,*,*,"[0, 0, 0, 0, 0, 0, 2, 0, 0, 0, 0, 0, 0]"
5275,59.166.0.6,*,149.171.126.8,44463,*,*,*,"[0, 0, 0, 0, 0, 0, 2, 0, 0, 0, 0, 0, 0]"
5276,59.166.0.6,*,149.171.126.8,46556,*,*,*,"[0, 0, 0, 0, 0, 0, 2, 0, 0, 0, 0, 0, 0]"
5277,59.166.0.6,*,149.171.126.8,17562,*,*,*,"[0, 0, 0, 0, 0, 0, 0, 2, 0, 0, 0, 0, 0]"
5278,59.166.0.6,*,149.171.126.8,26416,*,*,*,"[0, 0, 0, 0, 0, 0, 0, 2, 0, 0, 0, 0, 0]"
5279,59.166.0.6,*,149.171.126.8,41643,*,*,*,"[0, 0, 0, 0, 0, 0, 0, 3, 0, 0, 0, 0, 0]"
5280,59.166.0.6,*,149.171.126.8,45637,*,*,*,"[0, 0, 0, 0, 0, 0, 0, 3, 0, 0, 0, 0, 0]"
5281,59.166.0.6,*,149.171.126.8,54484,*,*,*,"[0, 0, 0, 0, 0, 0, 0, 2, 0, 0, 0, 0, 0]"
5282,59.166.0.6,*,149.171.126.8,58238,*,*,*,"[0, 0, 0, 0, 0, 0, 0, 2, 0, 0, 0, 0, 0]"
5283,59.166.0.6,*,149.171.126.8,59699,*,*,*,"[0, 0, 0, 0, 0, 0, 0, 3, 0, 0, 0, 0, 0]"
5284,59.166.0.6,*,149.171.126.8,60641,*,*,*,"[0, 0, 0, 0, 0, 0, 0, 2, 0, 0, 0, 0, 0]"
5285,59.166.0.6,*,149.171.126.8,63870,*,*,*,"[0, 0, 0, 0, 0, 0, 0, 2, 0, 0, 0, 0, 0]"
5286,59.166.0.6,*,149.171.126.8,11460,*,*,*,"[0, 0, 0, 0, 0, 0, 0, 0, 3, 0, 0, 0, 0]"
5287,59.166.0.6,*,149.171.126.8,13455,*,*,*,"[0, 0, 0, 0, 0, 0, 0, 0, 3, 0, 0, 0, 0]"
5288,59.166.0.6,*,149.171.126.8,26631,*,*,*,"[0, 0, 0, 0, 0, 0, 0, 0, 3, 0, 0, 0, 0]"
5289,59.166.0.6,*,149.171.126.8,13761,*,*,*,"[0, 0, 0, 0, 0, 0, 0, 0, 0, 0, 5, 0, 0]"
5290,59.166.0.6,*,149.171.126.8,31484,*,*,*,"[0, 0, 0, 0, 0, 0, 0, 0, 0, 0, 5, 0, 0]"
5291,59.166.0.6,*,149.171.126.8,38033,*,*,*,"[0, 0, 0, 0, 0, 0, 0, 0, 0, 0, 5, 0, 0]"
5292,59.166.0.6,*,149.171.126.8,44976,*,*,*,"[0, 0, 0, 0, 0, 0, 0, 0, 0, 0, 3, 0, 0]"
5293,59.166.0.6,*,149.171.126.8,45963,*,*,*,"[0, 0, 0, 0, 0, 0, 0, 0, 0, 0, 3, 0, 0]"
5294,59.166.0.6,*,149.171.126.8,58781,*,*,*,"[0, 0, 0, 0, 0, 0, 0, 0, 0, 0, 3, 0, 0]"
5295,59.166.0.6,*,149.171.126.9,111,*,*,*,"[14, 10, 9, 12, 14, 12, 7, 8, 12, 5, 9, 13, 5]"
5296,59.166.0.6,*,149.171.126.9,143,*,*,*,"[5, 5, 8, 6, 6, 8, 7, 2, 5, 7, 8, 12, 6]"
5297,59.166.0.6,*,149.171.126.9,21,*,*,*,"[5, 5, 8, 6, 2, 3, 5, 5, 8, 2, 2, 6, 4]"
5298,59.166.0.6,*,149.171.126.9,22,*,*,*,"[4, 9, 3, 16, 9, 5, 5, 0, 0, 0, 4, 10, 11]"
5299,59.166.0.6,*,149.171.126.9,25,*,*,*,"[13, 7, 14, 9, 13, 10, 12, 11, 13, 12, 9, 11, 13]"
5300,59.166.0.6,*,149.171.126.9,5190,*,*,*,"[11, 16, 11, 16, 9, 19, 17, 11, 13, 29, 14, 13, 13]"
5301,59.166.0.6,*,149.171.126.9,52801,*,*,*,"[2, 0, 0, 0, 0, 0, 0, 0, 0, 0, 0, 0, 0]"
5302,59.166.0.6,*,149.171.126.9,53,*,*,*,"[49, 47, 35, 48, 50, 46, 40, 38, 58, 54, 32, 39, 60]"
5303,59.166.0.6,*,149.171.126.9,56048,*,*,*,"[2, 0, 0, 0, 0, 0, 0, 0, 0, 0, 0, 0, 0]"
5304,59.166.0.6,*,149.171.126.9,64030,*,*,*,"[2, 0, 0, 0, 0, 0, 0, 0, 0, 0, 0, 0, 0]"
5305,59.166.0.6,*,149.171.126.9,6881,*,*,*,"[18, 12, 6, 12, 20, 18, 42, 6, 25, 6, 0, 6, 18]"
5306,59.166.0.6,*,149.171.126.9,80,*,*,*,"[25, 41, 20, 29, 25, 16, 34, 33, 32, 14, 32, 21, 41]"
5307,59.166.0.6,*,149.171.126.9,15843,*,*,*,"[0, 2, 0, 0, 0, 0, 0, 0, 0, 0, 0, 0, 0]"
5308,59.166.0.6,*,149.171.126.9,17751,*,*,*,"[0, 0, 2, 0, 0, 0, 0, 0, 0, 0, 0, 0, 0]"
5309,59.166.0.6,*,149.171.126.9,49198,*,*,*,"[0, 2, 0, 0, 0, 0, 0, 0, 0, 0, 0, 0, 0]"
5310,59.166.0.6,*,149.171.126.9,54867,*,*,*,"[0, 2, 0, 0, 0, 0, 0, 0, 0, 0, 0, 0, 0]"
5311,59.166.0.6,*,149.171.126.9,7644,*,*,*,"[0, 0, 2, 0, 0, 0, 0, 0, 0, 0, 0, 0, 0]"
5312,59.166.0.6,*,149.171.126.9,9620,*,*,*,"[0, 0, 2, 0, 0, 0, 0, 0, 0, 0, 0, 0, 0]"
5313,59.166.0.6,*,149.171.126.9,13142,*,*,*,"[0, 0, 2, 0, 0, 0, 0, 0, 0, 0, 0, 0, 0]"
5314,59.166.0.6,*,149.171.126.9,27976,*,*,*,"[0, 0, 2, 0, 0, 0, 0, 0, 0, 0, 0, 0, 0]"
5315,59.166.0.6,*,149.171.126.9,35397,*,*,*,"[0, 0, 2, 0, 0, 0, 0, 0, 0, 0, 0, 0, 0]"
5316,59.166.0.6,*,149.171.126.9,11680,*,*,*,"[0, 0, 0, 3, 0, 0, 0, 0, 0, 0, 0, 0, 0]"
5317,59.166.0.6,*,149.171.126.9,32912,*,*,*,"[0, 0, 0, 3, 0, 0, 0, 0, 0, 0, 0, 0, 0]"
5318,59.166.0.6,*,149.171.126.9,44685,*,*,*,"[0, 0, 0, 3, 0, 0, 0, 0, 0, 0, 0, 0, 0]"
5319,59.166.0.6,*,149.171.126.9,21049,*,*,*,"[0, 0, 0, 0, 0, 0, 2, 0, 0, 0, 0, 0, 0]"
5320,59.166.0.6,*,149.171.126.9,35856,*,*,*,"[0, 0, 0, 0, 0, 0, 2, 0, 0, 0, 0, 0, 0]"
5321,59.166.0.6,*,149.171.126.9,49483,*,*,*,"[0, 0, 0, 0, 0, 0, 2, 0, 0, 0, 0, 0, 0]"
5322,59.166.0.6,*,149.171.126.9,13582,*,*,*,"[0, 0, 0, 0, 0, 0, 0, 2, 0, 0, 0, 0, 0]"
5323,59.166.0.6,*,149.171.126.9,62964,*,*,*,"[0, 0, 0, 0, 0, 0, 0, 2, 0, 0, 0, 0, 0]"
5324,59.166.0.6,*,149.171.126.9,65009,*,*,*,"[0, 0, 0, 0, 0, 0, 0, 2, 0, 0, 0, 0, 0]"
5325,59.166.0.6,*,149.171.126.9,10198,*,*,*,"[0, 0, 0, 0, 0, 0, 0, 0, 2, 0, 0, 0, 0]"
5326,59.166.0.6,*,149.171.126.9,22627,*,*,*,"[0, 0, 0, 0, 0, 0, 0, 0, 3, 0, 0, 0, 0]"
5327,59.166.0.6,*,149.171.126.9,24196,*,*,*,"[0, 0, 0, 0, 0, 0, 0, 0, 2, 0, 0, 0, 0]"
5328,59.166.0.6,*,149.171.126.9,35231,*,*,*,"[0, 0, 0, 0, 0, 0, 0, 0, 2, 0, 0, 0, 0]"
5329,59.166.0.6,*,149.171.126.9,4212,*,*,*,"[0, 0, 0, 0, 0, 0, 0, 0, 3, 0, 0, 0, 0]"
5330,59.166.0.6,*,149.171.126.9,8998,*,*,*,"[0, 0, 0, 0, 0, 0, 0, 0, 3, 0, 0, 0, 0]"
5331,59.166.0.6,*,149.171.126.9,13904,*,*,*,"[0, 0, 0, 0, 0, 0, 0, 0, 0, 0, 0, 2, 0]"
5332,59.166.0.6,*,149.171.126.9,55155,*,*,*,"[0, 0, 0, 0, 0, 0, 0, 0, 0, 0, 0, 2, 0]"
5333,59.166.0.6,*,149.171.126.9,56334,*,*,*,"[0, 0, 0, 0, 0, 0, 0, 0, 0, 0, 0, 2, 0]"
5334,59.166.0.6,*,149.171.126.9,25974,*,*,*,"[0, 0, 0, 0, 0, 0, 0, 0, 0, 0, 0, 3, 0]"
5335,59.166.0.6,*,149.171.126.9,36781,*,*,*,"[0, 0, 0, 0, 0, 0, 0, 0, 0, 0, 0, 3, 0]"
5336,59.166.0.6,*,149.171.126.9,43869,*,*,*,"[0, 0, 0, 0, 0, 0, 0, 0, 0, 0, 0, 2, 0]"
5337,59.166.0.6,*,149.171.126.9,56852,*,*,*,"[0, 0, 0, 0, 0, 0, 0, 0, 0, 0, 0, 3, 0]"
5338,59.166.0.6,*,149.171.126.9,10394,*,*,*,"[0, 0, 0, 0, 0, 0, 0, 0, 0, 0, 0, 0, 2]"
5339,59.166.0.6,*,149.171.126.9,19518,*,*,*,"[0, 0, 0, 0, 0, 0, 0, 0, 0, 0, 0, 0, 2]"
5340,59.166.0.6,*,149.171.126.9,32528,*,*,*,"[0, 0, 0, 0, 0, 0, 0, 0, 0, 0, 0, 0, 2]"
5341,59.166.0.7,*,149.171.126.0,111,*,*,*,"[15, 9, 11, 8, 10, 16, 11, 6, 9, 17, 17, 14, 12]"
5342,59.166.0.7,*,149.171.126.0,143,*,*,*,"[7, 6, 7, 4, 7, 5, 2, 3, 14, 2, 5, 5, 7]"
5343,59.166.0.7,*,149.171.126.0,17087,*,*,*,"[2, 0, 0, 0, 0, 0, 0, 0, 0, 0, 0, 0, 0]"
5344,59.166.0.7,*,149.171.126.0,21,*,*,*,"[9, 6, 4, 6, 4, 5, 2, 9, 5, 9, 7, 5, 9]"
5345,59.166.0.7,*,149.171.126.0,22,*,*,*,"[3, 4, 6, 8, 8, 7, 3, 2, 6, 5, 4, 8, 5]"
5346,59.166.0.7,*,149.171.126.0,25,*,*,*,"[12, 9, 10, 7, 15, 8, 7, 8, 7, 8, 15, 14, 4]"
5347,59.166.0.7,*,149.171.126.0,27934,*,*,*,"[3, 0, 0, 0, 0, 0, 0, 0, 0, 0, 0, 0, 0]"
5348,59.166.0.7,*,149.171.126.0,35719,*,*,*,"[3, 0, 0, 0, 0, 0, 0, 0, 0, 0, 0, 0, 0]"
5349,59.166.0.7,*,149.171.126.0,42130,*,*,*,"[3, 0, 0, 0, 0, 0, 0, 0, 0, 0, 0, 0, 0]"
5350,59.166.0.7,*,149.171.126.0,45548,*,*,*,"[2, 0, 0, 0, 0, 0, 0, 0, 0, 0, 0, 0, 0]"
5351,59.166.0.7,*,149.171.126.0,5190,*,*,*,"[11, 18, 18, 11, 9, 22, 17, 11, 19, 23, 18, 12, 14]"
5352,59.166.0.7,*,149.171.126.0,52796,*,*,*,"[2, 0, 0, 0, 0, 0, 0, 0, 0, 0, 0, 0, 0]"
5353,59.166.0.7,*,149.171.126.0,52801,*,*,*,"[2, 0, 0, 0, 0, 0, 0, 0, 0, 0, 0, 0, 0]"
5354,59.166.0.7,*,149.171.126.0,53,*,*,*,"[53, 44, 50, 60, 44, 48, 49, 44, 53, 48, 55, 57, 59]"
5355,59.166.0.7,*,149.171.126.0,56048,*,*,*,"[2, 0, 0, 0, 0, 0, 0, 0, 0, 0, 0, 0, 0]"
5356,59.166.0.7,*,149.171.126.0,64030,*,*,*,"[2, 0, 0, 0, 0, 0, 0, 0, 0, 0, 0, 0, 0]"
5357,59.166.0.7,*,149.171.126.0,80,*,*,*,"[23, 35, 29, 34, 34, 22, 32, 24, 35, 25, 32, 21, 26]"
5358,59.166.0.7,*,149.171.126.0,14724,*,*,*,"[0, 2, 0, 0, 0, 0, 0, 0, 0, 0, 0, 0, 0]"
5359,59.166.0.7,*,149.171.126.0,31010,*,*,*,"[0, 2, 0, 0, 0, 0, 0, 0, 0, 0, 0, 0, 0]"
5360,59.166.0.7,*,149.171.126.0,43267,*,*,*,"[0, 2, 0, 0, 0, 0, 0, 0, 0, 0, 0, 0, 0]"
5361,59.166.0.7,*,149.171.126.0,49439,*,*,*,"[0, 2, 0, 0, 0, 0, 0, 0, 0, 0, 0, 0, 0]"
5362,59.166.0.7,*,149.171.126.0,57753,*,*,*,"[0, 2, 0, 0, 0, 0, 0, 0, 0, 0, 0, 0, 0]"
5363,59.166.0.7,*,149.171.126.0,61834,*,*,*,"[0, 2, 0, 0, 0, 0, 0, 0, 0, 0, 0, 0, 0]"
5364,59.166.0.7,*,149.171.126.0,6881,*,*,*,"[0, 0, 6, 37, 18, 24, 49, 66, 31, 12, 13, 0, 12]"
5365,59.166.0.7,*,149.171.126.0,20048,*,*,*,"[0, 0, 0, 2, 0, 0, 0, 0, 0, 0, 0, 0, 0]"
5366,59.166.0.7,*,149.171.126.0,30639,*,*,*,"[0, 0, 0, 2, 0, 0, 0, 0, 0, 0, 0, 0, 0]"
5367,59.166.0.7,*,149.171.126.0,54131,*,*,*,"[0, 0, 0, 2, 0, 0, 0, 0, 0, 0, 0, 0, 0]"
5368,59.166.0.7,*,149.171.126.0,57521,*,*,*,"[0, 0, 0, 2, 0, 0, 0, 0, 0, 0, 0, 0, 0]"
5369,59.166.0.7,*,149.171.126.0,57588,*,*,*,"[0, 0, 0, 2, 0, 0, 0, 0, 0, 0, 0, 0, 0]"
5370,59.166.0.7,*,149.171.126.0,58003,*,*,*,"[0, 0, 0, 2, 0, 0, 0, 0, 0, 0, 0, 0, 0]"
5371,59.166.0.7,*,149.171.126.0,36222,*,*,*,"[0, 0, 0, 0, 2, 0, 0, 0, 0, 0, 0, 0, 0]"
5372,59.166.0.7,*,149.171.126.0,5131,*,*,*,"[0, 0, 0, 0, 2, 0, 0, 0, 0, 0, 0, 0, 0]"
5373,59.166.0.7,*,149.171.126.0,56995,*,*,*,"[0, 0, 0, 0, 2, 0, 0, 0, 0, 0, 0, 0, 0]"
5374,59.166.0.7,*,149.171.126.0,25349,*,*,*,"[0, 0, 0, 0, 0, 2, 0, 0, 0, 0, 0, 0, 0]"
5375,59.166.0.7,*,149.171.126.0,38225,*,*,*,"[0, 0, 0, 0, 0, 2, 0, 0, 0, 0, 0, 0, 0]"
5376,59.166.0.7,*,149.171.126.0,52431,*,*,*,"[0, 0, 0, 0, 0, 2, 0, 0, 0, 0, 0, 0, 0]"
5377,59.166.0.7,*,149.171.126.0,26416,*,*,*,"[0, 0, 0, 0, 0, 0, 0, 2, 0, 0, 0, 0, 0]"
5378,59.166.0.7,*,149.171.126.0,54484,*,*,*,"[0, 0, 0, 0, 0, 0, 0, 2, 0, 0, 0, 0, 0]"
5379,59.166.0.7,*,149.171.126.0,60641,*,*,*,"[0, 0, 0, 0, 0, 0, 0, 2, 0, 0, 0, 0, 0]"
5380,59.166.0.7,*,149.171.126.0,10397,*,*,*,"[0, 0, 0, 0, 0, 0, 0, 2, 0, 0, 0, 0, 0]"
5381,59.166.0.7,*,149.171.126.0,17562,*,*,*,"[0, 0, 0, 0, 0, 0, 0, 2, 0, 0, 0, 0, 0]"
5382,59.166.0.7,*,149.171.126.0,44321,*,*,*,"[0, 0, 0, 0, 0, 0, 0, 2, 0, 0, 0, 0, 0]"
5383,59.166.0.7,*,149.171.126.0,54475,*,*,*,"[0, 0, 0, 0, 0, 0, 0, 2, 0, 0, 0, 0, 0]"
5384,59.166.0.7,*,149.171.126.0,55348,*,*,*,"[0, 0, 0, 0, 0, 0, 0, 2, 0, 0, 0, 0, 0]"
5385,59.166.0.7,*,149.171.126.0,56658,*,*,*,"[0, 0, 0, 0, 0, 0, 0, 2, 0, 0, 0, 0, 0]"
5386,59.166.0.7,*,149.171.126.0,58238,*,*,*,"[0, 0, 0, 0, 0, 0, 0, 2, 0, 0, 0, 0, 0]"
5387,59.166.0.7,*,149.171.126.0,63870,*,*,*,"[0, 0, 0, 0, 0, 0, 0, 2, 0, 0, 0, 0, 0]"
5388,59.166.0.7,*,149.171.126.0,64665,*,*,*,"[0, 0, 0, 0, 0, 0, 0, 2, 0, 0, 0, 0, 0]"
5389,59.166.0.7,*,149.171.126.0,22627,*,*,*,"[0, 0, 0, 0, 0, 0, 0, 0, 3, 0, 0, 0, 0]"
5390,59.166.0.7,*,149.171.126.0,4212,*,*,*,"[0, 0, 0, 0, 0, 0, 0, 0, 3, 0, 0, 0, 0]"
5391,59.166.0.7,*,149.171.126.0,8998,*,*,*,"[0, 0, 0, 0, 0, 0, 0, 0, 3, 0, 0, 0, 0]"
5392,59.166.0.7,*,149.171.126.0,20465,*,*,*,"[0, 0, 0, 0, 0, 0, 0, 0, 0, 2, 0, 0, 0]"
5393,59.166.0.7,*,149.171.126.0,22432,*,*,*,"[0, 0, 0, 0, 0, 0, 0, 0, 0, 3, 0, 0, 0]"
5394,59.166.0.7,*,149.171.126.0,25031,*,*,*,"[0, 0, 0, 0, 0, 0, 0, 0, 0, 2, 0, 0, 0]"
5395,59.166.0.7,*,149.171.126.0,33291,*,*,*,"[0, 0, 0, 0, 0, 0, 0, 0, 0, 2, 0, 0, 0]"
5396,59.166.0.7,*,149.171.126.0,33513,*,*,*,"[0, 0, 0, 0, 0, 0, 0, 0, 0, 2, 0, 0, 0]"
5397,59.166.0.7,*,149.171.126.0,46326,*,*,*,"[0, 0, 0, 0, 0, 0, 0, 0, 0, 3, 0, 0, 0]"
5398,59.166.0.7,*,149.171.126.0,46967,*,*,*,"[0, 0, 0, 0, 0, 0, 0, 0, 0, 3, 0, 0, 0]"
5399,59.166.0.7,*,149.171.126.0,47628,*,*,*,"[0, 0, 0, 0, 0, 0, 0, 0, 0, 2, 0, 0, 0]"
5400,59.166.0.7,*,149.171.126.0,58190,*,*,*,"[0, 0, 0, 0, 0, 0, 0, 0, 0, 2, 0, 0, 0]"
5401,59.166.0.7,*,149.171.126.0,16120,*,*,*,"[0, 0, 0, 0, 0, 0, 0, 0, 0, 0, 2, 0, 0]"
5402,59.166.0.7,*,149.171.126.0,44976,*,*,*,"[0, 0, 0, 0, 0, 0, 0, 0, 0, 0, 2, 0, 0]"
5403,59.166.0.7,*,149.171.126.0,45963,*,*,*,"[0, 0, 0, 0, 0, 0, 0, 0, 0, 0, 2, 0, 0]"
5404,59.166.0.7,*,149.171.126.0,58781,*,*,*,"[0, 0, 0, 0, 0, 0, 0, 0, 0, 0, 2, 0, 0]"
5405,59.166.0.7,*,149.171.126.0,62120,*,*,*,"[0, 0, 0, 0, 0, 0, 0, 0, 0, 0, 2, 0, 0]"
5406,59.166.0.7,*,149.171.126.0,64158,*,*,*,"[0, 0, 0, 0, 0, 0, 0, 0, 0, 0, 2, 0, 0]"
5407,59.166.0.7,*,149.171.126.0,20919,*,*,*,"[0, 0, 0, 0, 0, 0, 0, 0, 0, 0, 0, 2, 0]"
5408,59.166.0.7,*,149.171.126.0,36239,*,*,*,"[0, 0, 0, 0, 0, 0, 0, 0, 0, 0, 0, 2, 0]"
5409,59.166.0.7,*,149.171.126.0,49502,*,*,*,"[0, 0, 0, 0, 0, 0, 0, 0, 0, 0, 0, 2, 0]"
5410,59.166.0.7,*,149.171.126.0,13839,*,*,*,"[0, 0, 0, 0, 0, 0, 0, 0, 0, 0, 0, 0, 3]"
5411,59.166.0.7,*,149.171.126.0,16398,*,*,*,"[0, 0, 0, 0, 0, 0, 0, 0, 0, 0, 0, 0, 3]"
5412,59.166.0.7,*,149.171.126.0,21133,*,*,*,"[0, 0, 0, 0, 0, 0, 0, 0, 0, 0, 0, 0, 2]"
5413,59.166.0.7,*,149.171.126.0,26866,*,*,*,"[0, 0, 0, 0, 0, 0, 0, 0, 0, 0, 0, 0, 3]"
5414,59.166.0.7,*,149.171.126.0,48182,*,*,*,"[0, 0, 0, 0, 0, 0, 0, 0, 0, 0, 0, 0, 2]"
5415,59.166.0.7,*,149.171.126.0,50688,*,*,*,"[0, 0, 0, 0, 0, 0, 0, 0, 0, 0, 0, 0, 3]"
5416,59.166.0.7,*,149.171.126.0,53740,*,*,*,"[0, 0, 0, 0, 0, 0, 0, 0, 0, 0, 0, 0, 3]"
5417,59.166.0.7,*,149.171.126.0,56959,*,*,*,"[0, 0, 0, 0, 0, 0, 0, 0, 0, 0, 0, 0, 3]"
5418,59.166.0.7,*,149.171.126.0,63753,*,*,*,"[0, 0, 0, 0, 0, 0, 0, 0, 0, 0, 0, 0, 2]"
5419,59.166.0.7,*,149.171.126.1,111,*,*,*,"[12, 7, 13, 17, 9, 15, 4, 8, 12, 13, 14, 13, 14]"
5420,59.166.0.7,*,149.171.126.1,143,*,*,*,"[3, 9, 7, 4, 6, 4, 3, 0, 9, 8, 7, 8, 6]"
5421,59.166.0.7,*,149.171.126.1,21,*,*,*,"[2, 8, 6, 8, 5, 7, 7, 5, 4, 10, 3, 6, 8]"
5422,59.166.0.7,*,149.171.126.1,22,*,*,*,"[4, 3, 8, 12, 11, 12, 0, 0, 0, 8, 8, 12, 7]"
5423,59.166.0.7,*,149.171.126.1,25,*,*,*,"[23, 10, 14, 12, 12, 10, 14, 8, 14, 15, 12, 12, 8]"
5424,59.166.0.7,*,149.171.126.1,5190,*,*,*,"[12, 23, 22, 15, 13, 24, 22, 18, 19, 20, 12, 6, 20]"
5425,59.166.0.7,*,149.171.126.1,53,*,*,*,"[54, 55, 51, 49, 48, 41, 45, 41, 54, 48, 47, 49, 59]"
5426,59.166.0.7,*,149.171.126.1,80,*,*,*,"[37, 21, 31, 21, 30, 23, 25, 23, 22, 19, 26, 23, 23]"
5427,59.166.0.7,*,149.171.126.1,15843,*,*,*,"[0, 2, 0, 0, 0, 0, 0, 0, 0, 0, 0, 0, 0]"
5428,59.166.0.7,*,149.171.126.1,25673,*,*,*,"[0, 2, 0, 0, 0, 0, 0, 0, 0, 0, 0, 0, 0]"
5429,59.166.0.7,*,149.171.126.1,43267,*,*,*,"[0, 3, 0, 0, 0, 0, 0, 0, 0, 0, 0, 0, 0]"
5430,59.166.0.7,*,149.171.126.1,49198,*,*,*,"[0, 2, 0, 0, 0, 0, 0, 0, 0, 0, 0, 0, 0]"
5431,59.166.0.7,*,149.171.126.1,54867,*,*,*,"[0, 2, 0, 0, 0, 0, 0, 0, 0, 0, 0, 0, 0]"
5432,59.166.0.7,*,149.171.126.1,57753,*,*,*,"[0, 3, 0, 0, 0, 0, 0, 0, 0, 0, 0, 0, 0]"
5433,59.166.0.7,*,149.171.126.1,61834,*,*,*,"[0, 3, 0, 0, 0, 0, 0, 0, 0, 0, 0, 0, 0]"
5434,59.166.0.7,*,149.171.126.1,1254,*,*,*,"[0, 0, 3, 0, 0, 0, 0, 0, 0, 0, 0, 0, 0]"
5435,59.166.0.7,*,149.171.126.1,30639,*,*,*,"[0, 0, 0, 2, 0, 0, 0, 0, 0, 0, 0, 0, 0]"
5436,59.166.0.7,*,149.171.126.1,34154,*,*,*,"[0, 0, 3, 0, 0, 0, 0, 0, 0, 0, 0, 0, 0]"
5437,59.166.0.7,*,149.171.126.1,57588,*,*,*,"[0, 0, 0, 2, 0, 0, 0, 0, 0, 0, 0, 0, 0]"
5438,59.166.0.7,*,149.171.126.1,58003,*,*,*,"[0, 0, 0, 2, 0, 0, 0, 0, 0, 0, 0, 0, 0]"
5439,59.166.0.7,*,149.171.126.1,61745,*,*,*,"[0, 0, 3, 0, 0, 0, 0, 0, 0, 0, 0, 0, 0]"
5440,59.166.0.7,*,149.171.126.1,6881,*,*,*,"[0, 0, 6, 12, 18, 6, 60, 43, 18, 12, 18, 18, 36]"
5441,59.166.0.7,*,149.171.126.1,1397,*,*,*,"[0, 0, 0, 2, 0, 0, 0, 0, 0, 0, 0, 0, 0]"
5442,59.166.0.7,*,149.171.126.1,20048,*,*,*,"[0, 0, 0, 2, 0, 0, 0, 0, 0, 0, 0, 0, 0]"
5443,59.166.0.7,*,149.171.126.1,21831,*,*,*,"[0, 0, 0, 2, 0, 0, 0, 0, 0, 0, 0, 0, 0]"
5444,59.166.0.7,*,149.171.126.1,26866,*,*,*,"[0, 0, 0, 0, 0, 0, 0, 0, 0, 0, 0, 0, 2]"
5445,59.166.0.7,*,149.171.126.1,45133,*,*,*,"[0, 0, 0, 2, 0, 0, 0, 0, 0, 0, 0, 0, 0]"
5446,59.166.0.7,*,149.171.126.1,54131,*,*,*,"[0, 0, 0, 2, 0, 0, 0, 0, 0, 0, 0, 0, 0]"
5447,59.166.0.7,*,149.171.126.1,57521,*,*,*,"[0, 0, 0, 2, 0, 0, 0, 0, 0, 0, 0, 0, 0]"
5448,59.166.0.7,*,149.171.126.1,36222,*,*,*,"[0, 0, 0, 0, 3, 0, 0, 0, 0, 0, 0, 0, 0]"
5449,59.166.0.7,*,149.171.126.1,5131,*,*,*,"[0, 0, 0, 0, 3, 0, 0, 0, 0, 0, 0, 0, 0]"
5450,59.166.0.7,*,149.171.126.1,56995,*,*,*,"[0, 0, 0, 0, 3, 0, 0, 0, 0, 0, 0, 0, 0]"
5451,59.166.0.7,*,149.171.126.1,15489,*,*,*,"[0, 0, 0, 0, 0, 2, 0, 0, 0, 0, 0, 0, 0]"
5452,59.166.0.7,*,149.171.126.1,22481,*,*,*,"[0, 0, 0, 0, 0, 2, 0, 0, 0, 0, 0, 0, 0]"
5453,59.166.0.7,*,149.171.126.1,25349,*,*,*,"[0, 0, 0, 0, 0, 0, 2, 0, 0, 0, 0, 0, 0]"
5454,59.166.0.7,*,149.171.126.1,26869,*,*,*,"[0, 0, 0, 0, 0, 2, 0, 0, 0, 0, 0, 0, 0]"
5455,59.166.0.7,*,149.171.126.1,34138,*,*,*,"[0, 0, 0, 0, 0, 2, 0, 0, 0, 0, 0, 0, 0]"
5456,59.166.0.7,*,149.171.126.1,38225,*,*,*,"[0, 0, 0, 0, 0, 0, 2, 0, 0, 0, 0, 0, 0]"
5457,59.166.0.7,*,149.171.126.1,41018,*,*,*,"[0, 0, 0, 0, 0, 2, 0, 0, 0, 0, 0, 0, 0]"
5458,59.166.0.7,*,149.171.126.1,42523,*,*,*,"[0, 0, 0, 0, 0, 2, 0, 0, 0, 0, 0, 0, 0]"
5459,59.166.0.7,*,149.171.126.1,52431,*,*,*,"[0, 0, 0, 0, 0, 0, 2, 0, 0, 0, 0, 0, 0]"
5460,59.166.0.7,*,149.171.126.1,21049,*,*,*,"[0, 0, 0, 0, 0, 0, 2, 0, 0, 0, 0, 0, 0]"
5461,59.166.0.7,*,149.171.126.1,35856,*,*,*,"[0, 0, 0, 0, 0, 0, 2, 0, 0, 0, 0, 0, 0]"
5462,59.166.0.7,*,149.171.126.1,49483,*,*,*,"[0, 0, 0, 0, 0, 0, 2, 0, 0, 0, 0, 0, 0]"
5463,59.166.0.7,*,149.171.126.1,13582,*,*,*,"[0, 0, 0, 0, 0, 0, 0, 2, 0, 0, 0, 0, 0]"
5464,59.166.0.7,*,149.171.126.1,46326,*,*,*,"[0, 0, 0, 0, 0, 0, 0, 0, 0, 3, 0, 0, 0]"
5465,59.166.0.7,*,149.171.126.1,54475,*,*,*,"[0, 0, 0, 0, 0, 0, 0, 2, 0, 0, 0, 0, 0]"
5466,59.166.0.7,*,149.171.126.1,55348,*,*,*,"[0, 0, 0, 0, 0, 0, 0, 2, 0, 0, 0, 0, 0]"
5467,59.166.0.7,*,149.171.126.1,62964,*,*,*,"[0, 0, 0, 0, 0, 0, 0, 2, 0, 0, 0, 0, 0]"
5468,59.166.0.7,*,149.171.126.1,64665,*,*,*,"[0, 0, 0, 0, 0, 0, 0, 2, 0, 0, 0, 0, 0]"
5469,59.166.0.7,*,149.171.126.1,65009,*,*,*,"[0, 0, 0, 0, 0, 0, 0, 2, 0, 0, 0, 0, 0]"
5470,59.166.0.7,*,149.171.126.1,10198,*,*,*,"[0, 0, 0, 0, 0, 0, 0, 0, 2, 0, 0, 0, 0]"
5471,59.166.0.7,*,149.171.126.1,24196,*,*,*,"[0, 0, 0, 0, 0, 0, 0, 0, 2, 0, 0, 0, 0]"
5472,59.166.0.7,*,149.171.126.1,35231,*,*,*,"[0, 0, 0, 0, 0, 0, 0, 0, 2, 0, 0, 0, 0]"
5473,59.166.0.7,*,149.171.126.1,13631,*,*,*,"[0, 0, 0, 0, 0, 0, 0, 0, 0, 2, 0, 0, 0]"
5474,59.166.0.7,*,149.171.126.1,22432,*,*,*,"[0, 0, 0, 0, 0, 0, 0, 0, 0, 3, 0, 0, 0]"
5475,59.166.0.7,*,149.171.126.1,46967,*,*,*,"[0, 0, 0, 0, 0, 0, 0, 0, 0, 3, 0, 0, 0]"
5476,59.166.0.7,*,149.171.126.1,62821,*,*,*,"[0, 0, 0, 0, 0, 0, 0, 0, 0, 3, 0, 0, 0]"
5477,59.166.0.7,*,149.171.126.1,63656,*,*,*,"[0, 0, 0, 0, 0, 0, 0, 0, 0, 3, 0, 0, 0]"
5478,59.166.0.7,*,149.171.126.1,65504,*,*,*,"[0, 0, 0, 0, 0, 0, 0, 0, 0, 3, 0, 0, 0]"
5479,59.166.0.7,*,149.171.126.1,32991,*,*,*,"[0, 0, 0, 0, 0, 0, 0, 0, 0, 0, 2, 0, 0]"
5480,59.166.0.7,*,149.171.126.1,49991,*,*,*,"[0, 0, 0, 0, 0, 0, 0, 0, 0, 0, 2, 0, 0]"
5481,59.166.0.7,*,149.171.126.1,57668,*,*,*,"[0, 0, 0, 0, 0, 0, 0, 0, 0, 0, 2, 0, 0]"
5482,59.166.0.7,*,149.171.126.1,41227,*,*,*,"[0, 0, 0, 0, 0, 0, 0, 0, 0, 0, 0, 2, 0]"
5483,59.166.0.7,*,149.171.126.1,63238,*,*,*,"[0, 0, 0, 0, 0, 0, 0, 0, 0, 0, 0, 2, 0]"
5484,59.166.0.7,*,149.171.126.1,6786,*,*,*,"[0, 0, 0, 0, 0, 0, 0, 0, 0, 0, 0, 2, 0]"
5485,59.166.0.7,*,149.171.126.1,13839,*,*,*,"[0, 0, 0, 0, 0, 0, 0, 0, 0, 0, 0, 0, 2]"
5486,59.166.0.7,*,149.171.126.1,16398,*,*,*,"[0, 0, 0, 0, 0, 0, 0, 0, 0, 0, 0, 0, 3]"
5487,59.166.0.7,*,149.171.126.1,21133,*,*,*,"[0, 0, 0, 0, 0, 0, 0, 0, 0, 0, 0, 0, 2]"
5488,59.166.0.7,*,149.171.126.1,48182,*,*,*,"[0, 0, 0, 0, 0, 0, 0, 0, 0, 0, 0, 0, 2]"
5489,59.166.0.7,*,149.171.126.1,50688,*,*,*,"[0, 0, 0, 0, 0, 0, 0, 0, 0, 0, 0, 0, 2]"
5490,59.166.0.7,*,149.171.126.1,53740,*,*,*,"[0, 0, 0, 0, 0, 0, 0, 0, 0, 0, 0, 0, 3]"
5491,59.166.0.7,*,149.171.126.1,56959,*,*,*,"[0, 0, 0, 0, 0, 0, 0, 0, 0, 0, 0, 0, 3]"
5492,59.166.0.7,*,149.171.126.1,63753,*,*,*,"[0, 0, 0, 0, 0, 0, 0, 0, 0, 0, 0, 0, 2]"
5493,59.166.0.7,*,149.171.126.2,111,*,*,*,"[13, 13, 15, 9, 6, 13, 7, 6, 9, 10, 18, 8, 11]"
5494,59.166.0.7,*,149.171.126.2,11399,*,*,*,"[2, 0, 0, 0, 0, 0, 0, 0, 0, 0, 0, 0, 0]"
5495,59.166.0.7,*,149.171.126.2,143,*,*,*,"[10, 6, 6, 7, 6, 3, 6, 6, 11, 5, 7, 8, 6]"
5496,59.166.0.7,*,149.171.126.2,17087,*,*,*,"[2, 0, 0, 0, 0, 0, 0, 0, 0, 0, 0, 0, 0]"
5497,59.166.0.7,*,149.171.126.2,21,*,*,*,"[10, 5, 10, 6, 6, 7, 7, 5, 6, 6, 2, 5, 8]"
5498,59.166.0.7,*,149.171.126.2,22,*,*,*,"[4, 4, 3, 6, 7, 4, 2, 0, 2, 3, 10, 5, 11]"
5499,59.166.0.7,*,149.171.126.2,25,*,*,*,"[11, 9, 13, 11, 12, 12, 11, 10, 11, 12, 9, 9, 8]"
5500,59.166.0.7,*,149.171.126.2,26143,*,*,*,"[2, 0, 0, 0, 0, 0, 0, 0, 0, 0, 0, 0, 0]"
5501,59.166.0.7,*,149.171.126.2,27934,*,*,*,"[2, 0, 0, 0, 0, 0, 0, 0, 0, 0, 0, 0, 0]"
5502,59.166.0.7,*,149.171.126.2,35719,*,*,*,"[2, 0, 0, 0, 0, 0, 0, 0, 0, 0, 0, 0, 0]"
5503,59.166.0.7,*,149.171.126.2,42130,*,*,*,"[2, 0, 0, 0, 0, 0, 0, 0, 0, 0, 0, 0, 0]"
5504,59.166.0.7,*,149.171.126.2,45548,*,*,*,"[2, 0, 0, 0, 0, 0, 0, 0, 0, 0, 0, 0, 0]"
5505,59.166.0.7,*,149.171.126.2,5190,*,*,*,"[14, 31, 20, 15, 17, 16, 19, 11, 8, 16, 21, 11, 18]"
5506,59.166.0.7,*,149.171.126.2,52294,*,*,*,"[2, 0, 0, 0, 0, 0, 0, 0, 0, 0, 0, 0, 0]"
5507,59.166.0.7,*,149.171.126.2,52796,*,*,*,"[2, 0, 0, 0, 0, 0, 0, 0, 0, 0, 0, 0, 0]"
5508,59.166.0.7,*,149.171.126.2,52801,*,*,*,"[2, 0, 0, 0, 0, 0, 0, 0, 0, 0, 0, 0, 0]"
5509,59.166.0.7,*,149.171.126.2,53,*,*,*,"[45, 56, 54, 58, 66, 46, 45, 52, 46, 54, 48, 41, 51]"
5510,59.166.0.7,*,149.171.126.2,56048,*,*,*,"[2, 0, 0, 0, 0, 0, 0, 0, 0, 0, 0, 0, 0]"
5511,59.166.0.7,*,149.171.126.2,63666,*,*,*,"[2, 0, 0, 0, 0, 0, 0, 0, 0, 0, 0, 0, 0]"
5512,59.166.0.7,*,149.171.126.2,64030,*,*,*,"[2, 0, 0, 0, 0, 0, 0, 0, 0, 0, 0, 0, 0]"
5513,59.166.0.7,*,149.171.126.2,6881,*,*,*,"[31, 19, 12, 24, 6, 18, 24, 54, 24, 6, 18, 30, 30]"
5514,59.166.0.7,*,149.171.126.2,80,*,*,*,"[24, 21, 27, 24, 27, 30, 26, 28, 28, 8, 29, 24, 22]"
5515,59.166.0.7,*,149.171.126.2,14724,*,*,*,"[0, 2, 0, 0, 0, 0, 0, 0, 0, 0, 0, 0, 0]"
5516,59.166.0.7,*,149.171.126.2,15843,*,*,*,"[0, 2, 0, 0, 0, 0, 0, 0, 0, 0, 0, 0, 0]"
5517,59.166.0.7,*,149.171.126.2,31010,*,*,*,"[0, 2, 0, 0, 0, 0, 0, 0, 0, 0, 0, 0, 0]"
5518,59.166.0.7,*,149.171.126.2,49198,*,*,*,"[0, 2, 0, 0, 0, 0, 0, 0, 0, 0, 0, 0, 0]"
5519,59.166.0.7,*,149.171.126.2,49439,*,*,*,"[0, 2, 0, 0, 0, 0, 0, 0, 0, 0, 0, 0, 0]"
5520,59.166.0.7,*,149.171.126.2,54867,*,*,*,"[0, 2, 0, 0, 0, 0, 0, 0, 0, 0, 0, 0, 0]"
5521,59.166.0.7,*,149.171.126.2,25409,*,*,*,"[0, 0, 3, 0, 0, 0, 0, 0, 0, 0, 0, 0, 0]"
5522,59.166.0.7,*,149.171.126.2,26927,*,*,*,"[0, 0, 3, 0, 0, 0, 0, 0, 0, 0, 0, 0, 0]"
5523,59.166.0.7,*,149.171.126.2,3208,*,*,*,"[0, 0, 3, 0, 0, 0, 0, 0, 0, 0, 0, 0, 0]"
5524,59.166.0.7,*,149.171.126.2,32547,*,*,*,"[0, 0, 3, 0, 0, 0, 0, 0, 0, 0, 0, 0, 0]"
5525,59.166.0.7,*,149.171.126.2,34484,*,*,*,"[0, 0, 3, 0, 0, 0, 0, 0, 0, 0, 0, 0, 0]"
5526,59.166.0.7,*,149.171.126.2,60997,*,*,*,"[0, 0, 3, 0, 0, 0, 0, 0, 0, 0, 0, 0, 0]"
5527,59.166.0.7,*,149.171.126.2,11680,*,*,*,"[0, 0, 0, 4, 0, 0, 0, 0, 0, 0, 0, 0, 0]"
5528,59.166.0.7,*,149.171.126.2,32912,*,*,*,"[0, 0, 0, 4, 0, 0, 0, 0, 0, 0, 0, 0, 0]"
5529,59.166.0.7,*,149.171.126.2,44685,*,*,*,"[0, 0, 0, 4, 0, 0, 0, 0, 0, 0, 0, 0, 0]"
5530,59.166.0.7,*,149.171.126.2,12319,*,*,*,"[0, 0, 0, 0, 0, 2, 0, 0, 0, 0, 0, 0, 0]"
5531,59.166.0.7,*,149.171.126.2,24550,*,*,*,"[0, 0, 0, 0, 0, 2, 0, 0, 0, 0, 0, 0, 0]"
5532,59.166.0.7,*,149.171.126.2,42265,*,*,*,"[0, 0, 0, 0, 0, 2, 0, 0, 0, 0, 0, 0, 0]"
5533,59.166.0.7,*,149.171.126.2,10381,*,*,*,"[0, 0, 0, 0, 0, 2, 0, 0, 0, 0, 0, 0, 0]"
5534,59.166.0.7,*,149.171.126.2,15489,*,*,*,"[0, 0, 0, 0, 0, 2, 0, 0, 0, 0, 0, 0, 0]"
5535,59.166.0.7,*,149.171.126.2,22481,*,*,*,"[0, 0, 0, 0, 0, 2, 0, 0, 0, 0, 0, 0, 0]"
5536,59.166.0.7,*,149.171.126.2,26869,*,*,*,"[0, 0, 0, 0, 0, 2, 0, 0, 0, 0, 0, 0, 0]"
5537,59.166.0.7,*,149.171.126.2,34138,*,*,*,"[0, 0, 0, 0, 0, 2, 0, 0, 0, 0, 0, 0, 0]"
5538,59.166.0.7,*,149.171.126.2,41018,*,*,*,"[0, 0, 0, 0, 0, 2, 0, 0, 0, 0, 0, 0, 0]"
5539,59.166.0.7,*,149.171.126.2,4212,*,*,*,"[0, 0, 0, 0, 0, 0, 0, 0, 2, 0, 0, 0, 0]"
5540,59.166.0.7,*,149.171.126.2,42523,*,*,*,"[0, 0, 0, 0, 0, 2, 0, 0, 0, 0, 0, 0, 0]"
5541,59.166.0.7,*,149.171.126.2,15419,*,*,*,"[0, 0, 0, 0, 0, 0, 3, 0, 0, 0, 0, 0, 0]"
5542,59.166.0.7,*,149.171.126.2,17562,*,*,*,"[0, 0, 0, 0, 0, 0, 2, 0, 0, 0, 0, 0, 0]"
5543,59.166.0.7,*,149.171.126.2,52639,*,*,*,"[0, 0, 0, 0, 0, 0, 3, 0, 0, 0, 0, 0, 0]"
5544,59.166.0.7,*,149.171.126.2,58238,*,*,*,"[0, 0, 0, 0, 0, 0, 2, 0, 0, 0, 0, 0, 0]"
5545,59.166.0.7,*,149.171.126.2,62821,*,*,*,"[0, 0, 0, 0, 0, 0, 0, 0, 0, 3, 0, 0, 0]"
5546,59.166.0.7,*,149.171.126.2,63870,*,*,*,"[0, 0, 0, 0, 0, 0, 2, 0, 0, 0, 0, 0, 0]"
5547,59.166.0.7,*,149.171.126.2,8051,*,*,*,"[0, 0, 0, 0, 0, 0, 3, 0, 0, 0, 0, 0, 0]"
5548,59.166.0.7,*,149.171.126.2,13582,*,*,*,"[0, 0, 0, 0, 0, 0, 0, 2, 0, 0, 0, 0, 0]"
5549,59.166.0.7,*,149.171.126.2,62964,*,*,*,"[0, 0, 0, 0, 0, 0, 0, 2, 0, 0, 0, 0, 0]"
5550,59.166.0.7,*,149.171.126.2,65009,*,*,*,"[0, 0, 0, 0, 0, 0, 0, 2, 0, 0, 0, 0, 0]"
5551,59.166.0.7,*,149.171.126.2,22627,*,*,*,"[0, 0, 0, 0, 0, 0, 0, 0, 2, 0, 0, 0, 0]"
5552,59.166.0.7,*,149.171.126.2,23937,*,*,*,"[0, 0, 0, 0, 0, 0, 0, 0, 0, 2, 0, 0, 0]"
5553,59.166.0.7,*,149.171.126.2,38936,*,*,*,"[0, 0, 0, 0, 0, 0, 0, 0, 0, 2, 0, 0, 0]"
5554,59.166.0.7,*,149.171.126.2,52561,*,*,*,"[0, 0, 0, 0, 0, 0, 0, 0, 0, 2, 0, 0, 0]"
5555,59.166.0.7,*,149.171.126.2,8998,*,*,*,"[0, 0, 0, 0, 0, 0, 0, 0, 2, 0, 0, 0, 0]"
5556,59.166.0.7,*,149.171.126.2,36239,*,*,*,"[0, 0, 0, 0, 0, 0, 0, 0, 0, 0, 0, 3, 0]"
5557,59.166.0.7,*,149.171.126.2,63656,*,*,*,"[0, 0, 0, 0, 0, 0, 0, 0, 0, 3, 0, 0, 0]"
5558,59.166.0.7,*,149.171.126.2,65504,*,*,*,"[0, 0, 0, 0, 0, 0, 0, 0, 0, 3, 0, 0, 0]"
5559,59.166.0.7,*,149.171.126.2,20919,*,*,*,"[0, 0, 0, 0, 0, 0, 0, 0, 0, 0, 0, 3, 0]"
5560,59.166.0.7,*,149.171.126.2,49502,*,*,*,"[0, 0, 0, 0, 0, 0, 0, 0, 0, 0, 0, 3, 0]"
5561,59.166.0.7,*,149.171.126.2,13839,*,*,*,"[0, 0, 0, 0, 0, 0, 0, 0, 0, 0, 0, 0, 3]"
5562,59.166.0.7,*,149.171.126.2,26866,*,*,*,"[0, 0, 0, 0, 0, 0, 0, 0, 0, 0, 0, 0, 3]"
5563,59.166.0.7,*,149.171.126.2,50688,*,*,*,"[0, 0, 0, 0, 0, 0, 0, 0, 0, 0, 0, 0, 3]"
5564,59.166.0.7,*,149.171.126.3,111,*,*,*,"[13, 16, 11, 9, 12, 10, 10, 9, 15, 10, 8, 8, 15]"
5565,59.166.0.7,*,149.171.126.3,143,*,*,*,"[9, 7, 8, 11, 10, 6, 5, 7, 7, 8, 9, 2, 4]"
5566,59.166.0.7,*,149.171.126.3,18023,*,*,*,"[2, 0, 0, 0, 0, 0, 0, 0, 0, 0, 0, 0, 0]"
5567,59.166.0.7,*,149.171.126.3,21,*,*,*,"[7, 5, 4, 6, 9, 10, 5, 3, 6, 6, 5, 7, 7]"
5568,59.166.0.7,*,149.171.126.3,22,*,*,*,"[5, 3, 5, 18, 7, 14, 4, 0, 8, 9, 7, 15, 11]"
5569,59.166.0.7,*,149.171.126.3,25,*,*,*,"[16, 12, 10, 11, 12, 9, 8, 7, 7, 12, 8, 9, 12]"
5570,59.166.0.7,*,149.171.126.3,27934,*,*,*,"[4, 0, 0, 0, 0, 0, 0, 0, 0, 0, 0, 0, 0]"
5571,59.166.0.7,*,149.171.126.3,32664,*,*,*,"[2, 0, 0, 0, 0, 0, 0, 0, 0, 0, 0, 0, 0]"
5572,59.166.0.7,*,149.171.126.3,35719,*,*,*,"[4, 0, 0, 0, 0, 0, 0, 0, 0, 0, 0, 0, 0]"
5573,59.166.0.7,*,149.171.126.3,42130,*,*,*,"[4, 0, 0, 0, 0, 0, 0, 0, 0, 0, 0, 0, 0]"
5574,59.166.0.7,*,149.171.126.3,4950,*,*,*,"[2, 0, 0, 0, 0, 0, 0, 0, 0, 0, 0, 0, 0]"
5575,59.166.0.7,*,149.171.126.3,5190,*,*,*,"[17, 19, 15, 6, 11, 20, 30, 18, 18, 12, 14, 13, 12]"
5576,59.166.0.7,*,149.171.126.3,53,*,*,*,"[57, 59, 47, 53, 46, 43, 42, 46, 59, 54, 43, 49, 39]"
5577,59.166.0.7,*,149.171.126.3,6881,*,*,*,"[6, 0, 12, 30, 19, 24, 48, 67, 7, 13, 42, 0, 24]"
5578,59.166.0.7,*,149.171.126.3,80,*,*,*,"[30, 30, 21, 33, 32, 30, 25, 26, 28, 28, 38, 31, 23]"
5579,59.166.0.7,*,149.171.126.3,14724,*,*,*,"[0, 2, 0, 0, 0, 0, 0, 0, 0, 0, 0, 0, 0]"
5580,59.166.0.7,*,149.171.126.3,31010,*,*,*,"[0, 2, 0, 0, 0, 0, 0, 0, 0, 0, 0, 0, 0]"
5581,59.166.0.7,*,149.171.126.3,49439,*,*,*,"[0, 2, 0, 0, 0, 0, 0, 0, 0, 0, 0, 0, 0]"
5582,59.166.0.7,*,149.171.126.3,14987,*,*,*,"[0, 0, 2, 0, 0, 0, 0, 0, 0, 0, 0, 0, 0]"
5583,59.166.0.7,*,149.171.126.3,25409,*,*,*,"[0, 0, 2, 0, 0, 0, 0, 0, 0, 0, 0, 0, 0]"
5584,59.166.0.7,*,149.171.126.3,2869,*,*,*,"[0, 0, 2, 0, 0, 0, 0, 0, 0, 0, 0, 0, 0]"
5585,59.166.0.7,*,149.171.126.3,3208,*,*,*,"[0, 0, 2, 0, 0, 0, 0, 0, 0, 0, 0, 0, 0]"
5586,59.166.0.7,*,149.171.126.3,32547,*,*,*,"[0, 0, 2, 0, 0, 0, 0, 0, 0, 0, 0, 0, 0]"
5587,59.166.0.7,*,149.171.126.3,3398,*,*,*,"[0, 0, 2, 0, 0, 0, 0, 0, 0, 0, 0, 0, 0]"
5588,59.166.0.7,*,149.171.126.3,1397,*,*,*,"[0, 0, 0, 2, 0, 0, 0, 0, 0, 0, 0, 0, 0]"
5589,59.166.0.7,*,149.171.126.3,21831,*,*,*,"[0, 0, 0, 2, 0, 0, 0, 0, 0, 0, 0, 0, 0]"
5590,59.166.0.7,*,149.171.126.3,30639,*,*,*,"[0, 0, 0, 2, 0, 0, 0, 0, 0, 0, 0, 0, 0]"
5591,59.166.0.7,*,149.171.126.3,45133,*,*,*,"[0, 0, 0, 2, 0, 0, 0, 0, 0, 0, 0, 0, 0]"
5592,59.166.0.7,*,149.171.126.3,57588,*,*,*,"[0, 0, 0, 2, 0, 0, 0, 0, 0, 0, 0, 0, 0]"
5593,59.166.0.7,*,149.171.126.3,58003,*,*,*,"[0, 0, 0, 2, 0, 0, 0, 0, 0, 0, 0, 0, 0]"
5594,59.166.0.7,*,149.171.126.3,11821,*,*,*,"[0, 0, 0, 0, 2, 0, 0, 0, 0, 0, 0, 0, 0]"
5595,59.166.0.7,*,149.171.126.3,15171,*,*,*,"[0, 0, 0, 0, 2, 0, 0, 0, 0, 0, 0, 0, 0]"
5596,59.166.0.7,*,149.171.126.3,17268,*,*,*,"[0, 0, 0, 0, 2, 0, 0, 0, 0, 0, 0, 0, 0]"
5597,59.166.0.7,*,149.171.126.3,34073,*,*,*,"[0, 0, 0, 0, 3, 0, 0, 0, 0, 0, 0, 0, 0]"
5598,59.166.0.7,*,149.171.126.3,36222,*,*,*,"[0, 0, 0, 0, 2, 0, 0, 0, 0, 0, 0, 0, 0]"
5599,59.166.0.7,*,149.171.126.3,45633,*,*,*,"[0, 0, 0, 0, 3, 0, 0, 0, 0, 0, 0, 0, 0]"
5600,59.166.0.7,*,149.171.126.3,5131,*,*,*,"[0, 0, 0, 0, 2, 0, 0, 0, 0, 0, 0, 0, 0]"
5601,59.166.0.7,*,149.171.126.3,5491,*,*,*,"[0, 0, 0, 0, 3, 0, 0, 0, 0, 0, 0, 0, 0]"
5602,59.166.0.7,*,149.171.126.3,56995,*,*,*,"[0, 0, 0, 0, 2, 0, 0, 0, 0, 0, 0, 0, 0]"
5603,59.166.0.7,*,149.171.126.3,12319,*,*,*,"[0, 0, 0, 0, 0, 2, 0, 0, 0, 0, 0, 0, 0]"
5604,59.166.0.7,*,149.171.126.3,24550,*,*,*,"[0, 0, 0, 0, 0, 2, 0, 0, 0, 0, 0, 0, 0]"
5605,59.166.0.7,*,149.171.126.3,42265,*,*,*,"[0, 0, 0, 0, 0, 2, 0, 0, 0, 0, 0, 0, 0]"
5606,59.166.0.7,*,149.171.126.3,43825,*,*,*,"[0, 0, 0, 0, 0, 3, 0, 0, 0, 0, 0, 0, 0]"
5607,59.166.0.7,*,149.171.126.3,50827,*,*,*,"[0, 0, 0, 0, 0, 3, 0, 0, 0, 0, 0, 0, 0]"
5608,59.166.0.7,*,149.171.126.3,60894,*,*,*,"[0, 0, 0, 0, 0, 3, 0, 0, 0, 0, 0, 0, 0]"
5609,59.166.0.7,*,149.171.126.3,15398,*,*,*,"[0, 0, 0, 0, 0, 0, 2, 0, 0, 0, 0, 0, 0]"
5610,59.166.0.7,*,149.171.126.3,31861,*,*,*,"[0, 0, 0, 0, 0, 0, 2, 0, 0, 0, 0, 0, 0]"
5611,59.166.0.7,*,149.171.126.3,32328,*,*,*,"[0, 0, 0, 0, 0, 0, 2, 0, 0, 0, 0, 0, 0]"
5612,59.166.0.7,*,149.171.126.3,44463,*,*,*,"[0, 0, 0, 0, 0, 0, 2, 0, 0, 0, 0, 0, 0]"
5613,59.166.0.7,*,149.171.126.3,46556,*,*,*,"[0, 0, 0, 0, 0, 0, 2, 0, 0, 0, 0, 0, 0]"
5614,59.166.0.7,*,149.171.126.3,9851,*,*,*,"[0, 0, 0, 0, 0, 0, 2, 0, 0, 0, 0, 0, 0]"
5615,59.166.0.7,*,149.171.126.3,11460,*,*,*,"[0, 0, 0, 0, 0, 0, 0, 0, 2, 0, 0, 0, 0]"
5616,59.166.0.7,*,149.171.126.3,13455,*,*,*,"[0, 0, 0, 0, 0, 0, 0, 0, 2, 0, 0, 0, 0]"
5617,59.166.0.7,*,149.171.126.3,22627,*,*,*,"[0, 0, 0, 0, 0, 0, 0, 0, 2, 0, 0, 0, 0]"
5618,59.166.0.7,*,149.171.126.3,26631,*,*,*,"[0, 0, 0, 0, 0, 0, 0, 0, 2, 0, 0, 0, 0]"
5619,59.166.0.7,*,149.171.126.3,4212,*,*,*,"[0, 0, 0, 0, 0, 0, 0, 0, 2, 0, 0, 0, 0]"
5620,59.166.0.7,*,149.171.126.3,8998,*,*,*,"[0, 0, 0, 0, 0, 0, 0, 0, 2, 0, 0, 0, 0]"
5621,59.166.0.7,*,149.171.126.3,62821,*,*,*,"[0, 0, 0, 0, 0, 0, 0, 0, 0, 4, 0, 0, 0]"
5622,59.166.0.7,*,149.171.126.3,63656,*,*,*,"[0, 0, 0, 0, 0, 0, 0, 0, 0, 4, 0, 0, 0]"
5623,59.166.0.7,*,149.171.126.3,65504,*,*,*,"[0, 0, 0, 0, 0, 0, 0, 0, 0, 4, 0, 0, 0]"
5624,59.166.0.7,*,149.171.126.3,44976,*,*,*,"[0, 0, 0, 0, 0, 0, 0, 0, 0, 0, 2, 0, 0]"
5625,59.166.0.7,*,149.171.126.3,45963,*,*,*,"[0, 0, 0, 0, 0, 0, 0, 0, 0, 0, 2, 0, 0]"
5626,59.166.0.7,*,149.171.126.3,58781,*,*,*,"[0, 0, 0, 0, 0, 0, 0, 0, 0, 0, 2, 0, 0]"
5627,59.166.0.7,*,149.171.126.3,11513,*,*,*,"[0, 0, 0, 0, 0, 0, 0, 0, 0, 0, 0, 3, 0]"
5628,59.166.0.7,*,149.171.126.3,19056,*,*,*,"[0, 0, 0, 0, 0, 0, 0, 0, 0, 0, 0, 3, 0]"
5629,59.166.0.7,*,149.171.126.3,25974,*,*,*,"[0, 0, 0, 0, 0, 0, 0, 0, 0, 0, 0, 2, 0]"
5630,59.166.0.7,*,149.171.126.3,36781,*,*,*,"[0, 0, 0, 0, 0, 0, 0, 0, 0, 0, 0, 2, 0]"
5631,59.166.0.7,*,149.171.126.3,52065,*,*,*,"[0, 0, 0, 0, 0, 0, 0, 0, 0, 0, 0, 2, 0]"
5632,59.166.0.7,*,149.171.126.3,56614,*,*,*,"[0, 0, 0, 0, 0, 0, 0, 0, 0, 0, 0, 3, 0]"
5633,59.166.0.7,*,149.171.126.3,56852,*,*,*,"[0, 0, 0, 0, 0, 0, 0, 0, 0, 0, 0, 2, 0]"
5634,59.166.0.7,*,149.171.126.3,63238,*,*,*,"[0, 0, 0, 0, 0, 0, 0, 0, 0, 0, 0, 2, 0]"
5635,59.166.0.7,*,149.171.126.3,16398,*,*,*,"[0, 0, 0, 0, 0, 0, 0, 0, 0, 0, 0, 0, 3]"
5636,59.166.0.7,*,149.171.126.3,43433,*,*,*,"[0, 0, 0, 0, 0, 0, 0, 0, 0, 0, 0, 0, 2]"
5637,59.166.0.7,*,149.171.126.3,51199,*,*,*,"[0, 0, 0, 0, 0, 0, 0, 0, 0, 0, 0, 0, 2]"
5638,59.166.0.7,*,149.171.126.3,53740,*,*,*,"[0, 0, 0, 0, 0, 0, 0, 0, 0, 0, 0, 0, 3]"
5639,59.166.0.7,*,149.171.126.3,56959,*,*,*,"[0, 0, 0, 0, 0, 0, 0, 0, 0, 0, 0, 0, 3]"
5640,59.166.0.7,*,149.171.126.3,57905,*,*,*,"[0, 0, 0, 0, 0, 0, 0, 0, 0, 0, 0, 0, 2]"
5641,59.166.0.7,*,149.171.126.4,111,*,*,*,"[12, 13, 14, 15, 15, 10, 8, 10, 17, 8, 11, 16, 17]"
5642,59.166.0.7,*,149.171.126.4,143,*,*,*,"[2, 5, 5, 7, 8, 2, 4, 5, 5, 6, 2, 4, 6]"
5643,59.166.0.7,*,149.171.126.4,17087,*,*,*,"[2, 0, 0, 0, 0, 0, 0, 0, 0, 0, 0, 0, 0]"
5644,59.166.0.7,*,149.171.126.4,21,*,*,*,"[8, 3, 7, 6, 0, 5, 5, 5, 2, 3, 8, 8, 5]"
5645,59.166.0.7,*,149.171.126.4,22,*,*,*,"[6, 9, 8, 13, 6, 7, 0, 0, 2, 9, 13, 8, 11]"
5646,59.166.0.7,*,149.171.126.4,25,*,*,*,"[15, 13, 7, 9, 13, 7, 10, 6, 10, 16, 11, 18, 10]"
5647,59.166.0.7,*,149.171.126.4,45548,*,*,*,"[2, 0, 0, 0, 0, 0, 0, 0, 0, 0, 0, 0, 0]"
5648,59.166.0.7,*,149.171.126.4,46109,*,*,*,"[2, 0, 0, 0, 0, 0, 0, 0, 0, 0, 0, 0, 0]"
5649,59.166.0.7,*,149.171.126.4,5190,*,*,*,"[22, 23, 20, 8, 13, 18, 25, 15, 14, 19, 15, 6, 8]"
5650,59.166.0.7,*,149.171.126.4,52796,*,*,*,"[2, 0, 0, 0, 0, 0, 0, 0, 0, 0, 0, 0, 0]"
5651,59.166.0.7,*,149.171.126.4,52801,*,*,*,"[2, 0, 0, 0, 0, 0, 0, 0, 0, 0, 0, 0, 0]"
5652,59.166.0.7,*,149.171.126.4,53,*,*,*,"[46, 45, 56, 56, 69, 44, 51, 29, 47, 50, 57, 47, 57]"
5653,59.166.0.7,*,149.171.126.4,56048,*,*,*,"[2, 0, 0, 0, 0, 0, 0, 0, 0, 0, 0, 0, 0]"
5654,59.166.0.7,*,149.171.126.4,63666,*,*,*,"[2, 0, 0, 0, 0, 0, 0, 0, 0, 0, 0, 0, 0]"
5655,59.166.0.7,*,149.171.126.4,64030,*,*,*,"[2, 0, 0, 0, 0, 0, 0, 0, 0, 0, 0, 0, 0]"
5656,59.166.0.7,*,149.171.126.4,6881,*,*,*,"[6, 0, 6, 18, 12, 24, 60, 24, 18, 12, 12, 0, 48]"
5657,59.166.0.7,*,149.171.126.4,7315,*,*,*,"[2, 0, 0, 0, 0, 0, 0, 0, 0, 0, 0, 0, 0]"
5658,59.166.0.7,*,149.171.126.4,80,*,*,*,"[29, 32, 23, 32, 26, 22, 23, 24, 23, 26, 29, 28, 35]"
5659,59.166.0.7,*,149.171.126.4,14724,*,*,*,"[0, 2, 0, 0, 0, 0, 0, 0, 0, 0, 0, 0, 0]"
5660,59.166.0.7,*,149.171.126.4,31010,*,*,*,"[0, 2, 0, 0, 0, 0, 0, 0, 0, 0, 0, 0, 0]"
5661,59.166.0.7,*,149.171.126.4,49439,*,*,*,"[0, 2, 0, 0, 0, 0, 0, 0, 0, 0, 0, 0, 0]"
5662,59.166.0.7,*,149.171.126.4,1254,*,*,*,"[0, 0, 3, 0, 0, 0, 0, 0, 0, 0, 0, 0, 0]"
5663,59.166.0.7,*,149.171.126.4,14987,*,*,*,"[0, 0, 2, 0, 0, 0, 0, 0, 0, 0, 0, 0, 0]"
5664,59.166.0.7,*,149.171.126.4,25409,*,*,*,"[0, 0, 2, 0, 0, 0, 0, 0, 0, 0, 0, 0, 0]"
5665,59.166.0.7,*,149.171.126.4,2869,*,*,*,"[0, 0, 2, 0, 0, 0, 0, 0, 0, 0, 0, 0, 0]"
5666,59.166.0.7,*,149.171.126.4,3208,*,*,*,"[0, 0, 2, 0, 0, 0, 0, 0, 0, 0, 0, 0, 0]"
5667,59.166.0.7,*,149.171.126.4,32547,*,*,*,"[0, 0, 2, 0, 0, 0, 0, 0, 0, 0, 0, 0, 0]"
5668,59.166.0.7,*,149.171.126.4,3398,*,*,*,"[0, 0, 2, 0, 0, 0, 0, 0, 0, 0, 0, 0, 0]"
5669,59.166.0.7,*,149.171.126.4,34154,*,*,*,"[0, 0, 3, 0, 0, 0, 0, 0, 0, 0, 0, 0, 0]"
5670,59.166.0.7,*,149.171.126.4,61745,*,*,*,"[0, 0, 3, 0, 0, 0, 0, 0, 0, 0, 0, 0, 0]"
5671,59.166.0.7,*,149.171.126.4,11680,*,*,*,"[0, 0, 0, 3, 0, 0, 0, 0, 0, 0, 0, 0, 0]"
5672,59.166.0.7,*,149.171.126.4,20048,*,*,*,"[0, 0, 0, 2, 0, 0, 0, 0, 0, 0, 0, 0, 0]"
5673,59.166.0.7,*,149.171.126.4,32912,*,*,*,"[0, 0, 0, 3, 0, 0, 0, 0, 0, 0, 0, 0, 0]"
5674,59.166.0.7,*,149.171.126.4,44685,*,*,*,"[0, 0, 0, 3, 0, 0, 0, 0, 0, 0, 0, 0, 0]"
5675,59.166.0.7,*,149.171.126.4,54131,*,*,*,"[0, 0, 0, 2, 0, 0, 0, 0, 0, 0, 0, 0, 0]"
5676,59.166.0.7,*,149.171.126.4,57521,*,*,*,"[0, 0, 0, 2, 0, 0, 0, 0, 0, 0, 0, 0, 0]"
5677,59.166.0.7,*,149.171.126.4,12319,*,*,*,"[0, 0, 0, 0, 0, 2, 0, 0, 0, 0, 0, 0, 0]"
5678,59.166.0.7,*,149.171.126.4,24550,*,*,*,"[0, 0, 0, 0, 0, 2, 0, 0, 0, 0, 0, 0, 0]"
5679,59.166.0.7,*,149.171.126.4,42265,*,*,*,"[0, 0, 0, 0, 0, 2, 0, 0, 0, 0, 0, 0, 0]"
5680,59.166.0.7,*,149.171.126.4,15398,*,*,*,"[0, 0, 0, 0, 0, 0, 2, 0, 0, 0, 0, 0, 0]"
5681,59.166.0.7,*,149.171.126.4,32328,*,*,*,"[0, 0, 0, 0, 0, 0, 2, 0, 0, 0, 0, 0, 0]"
5682,59.166.0.7,*,149.171.126.4,9851,*,*,*,"[0, 0, 0, 0, 0, 0, 2, 0, 0, 0, 0, 0, 0]"
5683,59.166.0.7,*,149.171.126.4,26416,*,*,*,"[0, 0, 0, 0, 0, 0, 0, 2, 0, 0, 0, 0, 0]"
5684,59.166.0.7,*,149.171.126.4,54484,*,*,*,"[0, 0, 0, 0, 0, 0, 0, 2, 0, 0, 0, 0, 0]"
5685,59.166.0.7,*,149.171.126.4,60641,*,*,*,"[0, 0, 0, 0, 0, 0, 0, 2, 0, 0, 0, 0, 0]"
5686,59.166.0.7,*,149.171.126.4,55856,*,*,*,"[0, 0, 0, 0, 0, 0, 0, 0, 2, 0, 0, 0, 0]"
5687,59.166.0.7,*,149.171.126.4,25031,*,*,*,"[0, 0, 0, 0, 0, 0, 0, 0, 0, 2, 0, 0, 0]"
5688,59.166.0.7,*,149.171.126.4,33513,*,*,*,"[0, 0, 0, 0, 0, 0, 0, 0, 0, 2, 0, 0, 0]"
5689,59.166.0.7,*,149.171.126.4,47628,*,*,*,"[0, 0, 0, 0, 0, 0, 0, 0, 0, 2, 0, 0, 0]"
5690,59.166.0.7,*,149.171.126.4,16120,*,*,*,"[0, 0, 0, 0, 0, 0, 0, 0, 0, 0, 2, 0, 0]"
5691,59.166.0.7,*,149.171.126.4,32991,*,*,*,"[0, 0, 0, 0, 0, 0, 0, 0, 0, 0, 2, 0, 0]"
5692,59.166.0.7,*,149.171.126.4,34316,*,*,*,"[0, 0, 0, 0, 0, 0, 0, 0, 0, 0, 2, 0, 0]"
5693,59.166.0.7,*,149.171.126.4,43493,*,*,*,"[0, 0, 0, 0, 0, 0, 0, 0, 0, 0, 2, 0, 0]"
5694,59.166.0.7,*,149.171.126.4,49991,*,*,*,"[0, 0, 0, 0, 0, 0, 0, 0, 0, 0, 2, 0, 0]"
5695,59.166.0.7,*,149.171.126.4,53517,*,*,*,"[0, 0, 0, 0, 0, 0, 0, 0, 0, 0, 2, 0, 0]"
5696,59.166.0.7,*,149.171.126.4,57668,*,*,*,"[0, 0, 0, 0, 0, 0, 0, 0, 0, 0, 2, 0, 0]"
5697,59.166.0.7,*,149.171.126.4,62120,*,*,*,"[0, 0, 0, 0, 0, 0, 0, 0, 0, 0, 2, 0, 0]"
5698,59.166.0.7,*,149.171.126.4,64158,*,*,*,"[0, 0, 0, 0, 0, 0, 0, 0, 0, 0, 2, 0, 0]"
5699,59.166.0.7,*,149.171.126.4,25974,*,*,*,"[0, 0, 0, 0, 0, 0, 0, 0, 0, 0, 0, 5, 0]"
5700,59.166.0.7,*,149.171.126.4,36781,*,*,*,"[0, 0, 0, 0, 0, 0, 0, 0, 0, 0, 0, 5, 0]"
5701,59.166.0.7,*,149.171.126.4,56852,*,*,*,"[0, 0, 0, 0, 0, 0, 0, 0, 0, 0, 0, 5, 0]"
5702,59.166.0.7,*,149.171.126.4,10394,*,*,*,"[0, 0, 0, 0, 0, 0, 0, 0, 0, 0, 0, 0, 2]"
5703,59.166.0.7,*,149.171.126.4,16398,*,*,*,"[0, 0, 0, 0, 0, 0, 0, 0, 0, 0, 0, 0, 2]"
5704,59.166.0.7,*,149.171.126.4,19518,*,*,*,"[0, 0, 0, 0, 0, 0, 0, 0, 0, 0, 0, 0, 2]"
5705,59.166.0.7,*,149.171.126.4,32528,*,*,*,"[0, 0, 0, 0, 0, 0, 0, 0, 0, 0, 0, 0, 2]"
5706,59.166.0.7,*,149.171.126.4,53740,*,*,*,"[0, 0, 0, 0, 0, 0, 0, 0, 0, 0, 0, 0, 2]"
5707,59.166.0.7,*,149.171.126.4,56959,*,*,*,"[0, 0, 0, 0, 0, 0, 0, 0, 0, 0, 0, 0, 2]"
5708,59.166.0.7,*,149.171.126.5,111,*,*,*,"[4, 12, 12, 11, 11, 15, 13, 10, 15, 16, 11, 18, 9]"
5709,59.166.0.7,*,149.171.126.5,143,*,*,*,"[5, 14, 5, 3, 4, 5, 5, 6, 5, 5, 4, 9, 6]"
5710,59.166.0.7,*,149.171.126.5,17087,*,*,*,"[2, 0, 0, 0, 0, 0, 0, 0, 0, 0, 0, 0, 0]"
5711,59.166.0.7,*,149.171.126.5,21,*,*,*,"[6, 4, 5, 4, 8, 3, 4, 3, 5, 8, 7, 4, 9]"
5712,59.166.0.7,*,149.171.126.5,22,*,*,*,"[5, 7, 8, 6, 8, 7, 2, 2, 7, 9, 6, 10, 8]"
5713,59.166.0.7,*,149.171.126.5,25,*,*,*,"[7, 8, 10, 8, 13, 12, 11, 7, 12, 11, 11, 11, 11]"
5714,59.166.0.7,*,149.171.126.5,45548,*,*,*,"[2, 0, 0, 0, 0, 0, 0, 0, 0, 0, 0, 0, 0]"
5715,59.166.0.7,*,149.171.126.5,5190,*,*,*,"[20, 30, 10, 12, 16, 23, 24, 13, 23, 15, 22, 14, 11]"
5716,59.166.0.7,*,149.171.126.5,52796,*,*,*,"[2, 0, 0, 0, 0, 0, 0, 0, 0, 0, 0, 0, 0]"
5717,59.166.0.7,*,149.171.126.5,53,*,*,*,"[58, 50, 54, 44, 63, 51, 57, 49, 46, 45, 40, 45, 59]"
5718,59.166.0.7,*,149.171.126.5,80,*,*,*,"[37, 25, 25, 37, 23, 28, 37, 24, 22, 28, 22, 20, 40]"
5719,59.166.0.7,*,149.171.126.5,43267,*,*,*,"[0, 3, 0, 0, 0, 0, 0, 0, 0, 0, 0, 0, 0]"
5720,59.166.0.7,*,149.171.126.5,57753,*,*,*,"[0, 3, 0, 0, 0, 0, 0, 0, 0, 0, 0, 0, 0]"
5721,59.166.0.7,*,149.171.126.5,61834,*,*,*,"[0, 3, 0, 0, 0, 0, 0, 0, 0, 0, 0, 0, 0]"
5722,59.166.0.7,*,149.171.126.5,6881,*,*,*,"[0, 6, 12, 12, 18, 0, 43, 42, 18, 18, 6, 18, 24]"
5723,59.166.0.7,*,149.171.126.5,26927,*,*,*,"[0, 0, 2, 0, 0, 0, 0, 0, 0, 0, 0, 0, 0]"
5724,59.166.0.7,*,149.171.126.5,34484,*,*,*,"[0, 0, 2, 0, 0, 0, 0, 0, 0, 0, 0, 0, 0]"
5725,59.166.0.7,*,149.171.126.5,60997,*,*,*,"[0, 0, 2, 0, 0, 0, 0, 0, 0, 0, 0, 0, 0]"
5726,59.166.0.7,*,149.171.126.5,1248,*,*,*,"[0, 0, 0, 0, 2, 0, 0, 0, 0, 0, 0, 0, 0]"
5727,59.166.0.7,*,149.171.126.5,30639,*,*,*,"[0, 0, 0, 3, 0, 0, 0, 0, 0, 0, 0, 0, 0]"
5728,59.166.0.7,*,149.171.126.5,57588,*,*,*,"[0, 0, 0, 3, 0, 0, 0, 0, 0, 0, 0, 0, 0]"
5729,59.166.0.7,*,149.171.126.5,58003,*,*,*,"[0, 0, 0, 3, 0, 0, 0, 0, 0, 0, 0, 0, 0]"
5730,59.166.0.7,*,149.171.126.5,11821,*,*,*,"[0, 0, 0, 0, 3, 0, 0, 0, 0, 0, 0, 0, 0]"
5731,59.166.0.7,*,149.171.126.5,12916,*,*,*,"[0, 0, 0, 0, 2, 0, 0, 0, 0, 0, 0, 0, 0]"
5732,59.166.0.7,*,149.171.126.5,15171,*,*,*,"[0, 0, 0, 0, 3, 0, 0, 0, 0, 0, 0, 0, 0]"
5733,59.166.0.7,*,149.171.126.5,17268,*,*,*,"[0, 0, 0, 0, 3, 0, 0, 0, 0, 0, 0, 0, 0]"
5734,59.166.0.7,*,149.171.126.5,29238,*,*,*,"[0, 0, 0, 0, 2, 0, 0, 0, 0, 0, 0, 0, 0]"
5735,59.166.0.7,*,149.171.126.5,33656,*,*,*,"[0, 0, 0, 0, 2, 0, 0, 0, 0, 0, 0, 0, 0]"
5736,59.166.0.7,*,149.171.126.5,36222,*,*,*,"[0, 0, 0, 0, 2, 0, 0, 0, 0, 0, 0, 0, 0]"
5737,59.166.0.7,*,149.171.126.5,5131,*,*,*,"[0, 0, 0, 0, 2, 0, 0, 0, 0, 0, 0, 0, 0]"
5738,59.166.0.7,*,149.171.126.5,56995,*,*,*,"[0, 0, 0, 0, 2, 0, 0, 0, 0, 0, 0, 0, 0]"
5739,59.166.0.7,*,149.171.126.5,43825,*,*,*,"[0, 0, 0, 0, 0, 2, 0, 0, 0, 0, 0, 0, 0]"
5740,59.166.0.7,*,149.171.126.5,50827,*,*,*,"[0, 0, 0, 0, 0, 2, 0, 0, 0, 0, 0, 0, 0]"
5741,59.166.0.7,*,149.171.126.5,60894,*,*,*,"[0, 0, 0, 0, 0, 2, 0, 0, 0, 0, 0, 0, 0]"
5742,59.166.0.7,*,149.171.126.5,15398,*,*,*,"[0, 0, 0, 0, 0, 0, 2, 0, 0, 0, 0, 0, 0]"
5743,59.166.0.7,*,149.171.126.5,15419,*,*,*,"[0, 0, 0, 0, 0, 0, 2, 0, 0, 0, 0, 0, 0]"
5744,59.166.0.7,*,149.171.126.5,32328,*,*,*,"[0, 0, 0, 0, 0, 0, 2, 0, 0, 0, 0, 0, 0]"
5745,59.166.0.7,*,149.171.126.5,52639,*,*,*,"[0, 0, 0, 0, 0, 0, 2, 0, 0, 0, 0, 0, 0]"
5746,59.166.0.7,*,149.171.126.5,8051,*,*,*,"[0, 0, 0, 0, 0, 0, 2, 0, 0, 0, 0, 0, 0]"
5747,59.166.0.7,*,149.171.126.5,9851,*,*,*,"[0, 0, 0, 0, 0, 0, 2, 0, 0, 0, 0, 0, 0]"
5748,59.166.0.7,*,149.171.126.5,11869,*,*,*,"[0, 0, 0, 0, 0, 0, 0, 0, 2, 0, 0, 0, 0]"
5749,59.166.0.7,*,149.171.126.5,22627,*,*,*,"[0, 0, 0, 0, 0, 0, 0, 0, 2, 0, 0, 0, 0]"
5750,59.166.0.7,*,149.171.126.5,4212,*,*,*,"[0, 0, 0, 0, 0, 0, 0, 0, 2, 0, 0, 0, 0]"
5751,59.166.0.7,*,149.171.126.5,8998,*,*,*,"[0, 0, 0, 0, 0, 0, 0, 0, 2, 0, 0, 0, 0]"
5752,59.166.0.7,*,149.171.126.5,1906,*,*,*,"[0, 0, 0, 0, 0, 0, 0, 0, 0, 3, 0, 0, 0]"
5753,59.166.0.7,*,149.171.126.5,3038,*,*,*,"[0, 0, 0, 0, 0, 0, 0, 0, 0, 3, 0, 0, 0]"
5754,59.166.0.7,*,149.171.126.5,54587,*,*,*,"[0, 0, 0, 0, 0, 0, 0, 0, 0, 3, 0, 0, 0]"
5755,59.166.0.7,*,149.171.126.5,62821,*,*,*,"[0, 0, 0, 0, 0, 0, 0, 0, 0, 5, 0, 0, 0]"
5756,59.166.0.7,*,149.171.126.5,63656,*,*,*,"[0, 0, 0, 0, 0, 0, 0, 0, 0, 5, 0, 0, 0]"
5757,59.166.0.7,*,149.171.126.5,65504,*,*,*,"[0, 0, 0, 0, 0, 0, 0, 0, 0, 5, 0, 0, 0]"
5758,59.166.0.7,*,149.171.126.5,13761,*,*,*,"[0, 0, 0, 0, 0, 0, 0, 0, 0, 0, 2, 0, 0]"
5759,59.166.0.7,*,149.171.126.5,31484,*,*,*,"[0, 0, 0, 0, 0, 0, 0, 0, 0, 0, 2, 0, 0]"
5760,59.166.0.7,*,149.171.126.5,32991,*,*,*,"[0, 0, 0, 0, 0, 0, 0, 0, 0, 0, 3, 0, 0]"
5761,59.166.0.7,*,149.171.126.5,38033,*,*,*,"[0, 0, 0, 0, 0, 0, 0, 0, 0, 0, 2, 0, 0]"
5762,59.166.0.7,*,149.171.126.5,49991,*,*,*,"[0, 0, 0, 0, 0, 0, 0, 0, 0, 0, 3, 0, 0]"
5763,59.166.0.7,*,149.171.126.5,57668,*,*,*,"[0, 0, 0, 0, 0, 0, 0, 0, 0, 0, 3, 0, 0]"
5764,59.166.0.7,*,149.171.126.5,25974,*,*,*,"[0, 0, 0, 0, 0, 0, 0, 0, 0, 0, 0, 3, 0]"
5765,59.166.0.7,*,149.171.126.5,36781,*,*,*,"[0, 0, 0, 0, 0, 0, 0, 0, 0, 0, 0, 3, 0]"
5766,59.166.0.7,*,149.171.126.5,56852,*,*,*,"[0, 0, 0, 0, 0, 0, 0, 0, 0, 0, 0, 3, 0]"
5767,59.166.0.7,*,149.171.126.5,13839,*,*,*,"[0, 0, 0, 0, 0, 0, 0, 0, 0, 0, 0, 0, 2]"
5768,59.166.0.7,*,149.171.126.5,16398,*,*,*,"[0, 0, 0, 0, 0, 0, 0, 0, 0, 0, 0, 0, 4]"
5769,59.166.0.7,*,149.171.126.5,26866,*,*,*,"[0, 0, 0, 0, 0, 0, 0, 0, 0, 0, 0, 0, 2]"
5770,59.166.0.7,*,149.171.126.5,50688,*,*,*,"[0, 0, 0, 0, 0, 0, 0, 0, 0, 0, 0, 0, 2]"
5771,59.166.0.7,*,149.171.126.5,53740,*,*,*,"[0, 0, 0, 0, 0, 0, 0, 0, 0, 0, 0, 0, 4]"
5772,59.166.0.7,*,149.171.126.5,56959,*,*,*,"[0, 0, 0, 0, 0, 0, 0, 0, 0, 0, 0, 0, 4]"
5773,59.166.0.7,*,149.171.126.6,111,*,*,*,"[17, 7, 12, 13, 8, 16, 11, 8, 14, 7, 16, 7, 12]"
5774,59.166.0.7,*,149.171.126.6,143,*,*,*,"[4, 5, 4, 4, 12, 6, 4, 6, 9, 10, 6, 8, 9]"
5775,59.166.0.7,*,149.171.126.6,21,*,*,*,"[3, 4, 8, 10, 6, 4, 7, 4, 6, 9, 5, 5, 6]"
5776,59.166.0.7,*,149.171.126.6,22,*,*,*,"[6, 8, 5, 14, 11, 8, 2, 2, 2, 6, 6, 7, 12]"
5777,59.166.0.7,*,149.171.126.6,25,*,*,*,"[12, 10, 10, 11, 6, 12, 12, 16, 4, 12, 14, 8, 9]"
5778,59.166.0.7,*,149.171.126.6,5190,*,*,*,"[16, 20, 10, 18, 13, 18, 18, 14, 13, 14, 21, 12, 14]"
5779,59.166.0.7,*,149.171.126.6,53,*,*,*,"[51, 50, 67, 47, 50, 55, 39, 50, 53, 49, 64, 48, 49]"
5780,59.166.0.7,*,149.171.126.6,6881,*,*,*,"[24, 19, 12, 18, 24, 12, 36, 18, 24, 6, 12, 24, 18]"
5781,59.166.0.7,*,149.171.126.6,80,*,*,*,"[30, 26, 29, 33, 25, 31, 23, 24, 28, 10, 21, 27, 23]"
5782,59.166.0.7,*,149.171.126.6,1254,*,*,*,"[0, 0, 3, 0, 0, 0, 0, 0, 0, 0, 0, 0, 0]"
5783,59.166.0.7,*,149.171.126.6,25409,*,*,*,"[0, 0, 2, 0, 0, 0, 0, 0, 0, 0, 0, 0, 0]"
5784,59.166.0.7,*,149.171.126.6,3208,*,*,*,"[0, 0, 2, 0, 0, 0, 0, 0, 0, 0, 0, 0, 0]"
5785,59.166.0.7,*,149.171.126.6,32547,*,*,*,"[0, 0, 2, 0, 0, 0, 0, 0, 0, 0, 0, 0, 0]"
5786,59.166.0.7,*,149.171.126.6,34154,*,*,*,"[0, 0, 3, 0, 0, 0, 0, 0, 0, 0, 0, 0, 0]"
5787,59.166.0.7,*,149.171.126.6,61745,*,*,*,"[0, 0, 3, 0, 0, 0, 0, 0, 0, 0, 0, 0, 0]"
5788,59.166.0.7,*,149.171.126.6,11680,*,*,*,"[0, 0, 0, 3, 0, 0, 0, 0, 0, 0, 0, 0, 0]"
5789,59.166.0.7,*,149.171.126.6,1397,*,*,*,"[0, 0, 0, 3, 0, 0, 0, 0, 0, 0, 0, 0, 0]"
5790,59.166.0.7,*,149.171.126.6,21831,*,*,*,"[0, 0, 0, 3, 0, 0, 0, 0, 0, 0, 0, 0, 0]"
5791,59.166.0.7,*,149.171.126.6,30639,*,*,*,"[0, 0, 0, 4, 0, 0, 0, 0, 0, 0, 0, 0, 0]"
5792,59.166.0.7,*,149.171.126.6,32912,*,*,*,"[0, 0, 0, 3, 0, 0, 0, 0, 0, 0, 0, 0, 0]"
5793,59.166.0.7,*,149.171.126.6,44685,*,*,*,"[0, 0, 0, 3, 0, 0, 0, 0, 0, 0, 0, 0, 0]"
5794,59.166.0.7,*,149.171.126.6,45133,*,*,*,"[0, 0, 0, 3, 0, 0, 0, 0, 0, 0, 0, 0, 0]"
5795,59.166.0.7,*,149.171.126.6,57588,*,*,*,"[0, 0, 0, 4, 0, 0, 0, 0, 0, 0, 0, 0, 0]"
5796,59.166.0.7,*,149.171.126.6,58003,*,*,*,"[0, 0, 0, 4, 0, 0, 0, 0, 0, 0, 0, 0, 0]"
5797,59.166.0.7,*,149.171.126.6,11821,*,*,*,"[0, 0, 0, 0, 3, 0, 0, 0, 0, 0, 0, 0, 0]"
5798,59.166.0.7,*,149.171.126.6,12319,*,*,*,"[0, 0, 0, 0, 0, 2, 0, 0, 0, 0, 0, 0, 0]"
5799,59.166.0.7,*,149.171.126.6,15171,*,*,*,"[0, 0, 0, 0, 3, 0, 0, 0, 0, 0, 0, 0, 0]"
5800,59.166.0.7,*,149.171.126.6,17268,*,*,*,"[0, 0, 0, 0, 3, 0, 0, 0, 0, 0, 0, 0, 0]"
5801,59.166.0.7,*,149.171.126.6,24550,*,*,*,"[0, 0, 0, 0, 0, 2, 0, 0, 0, 0, 0, 0, 0]"
5802,59.166.0.7,*,149.171.126.6,42265,*,*,*,"[0, 0, 0, 0, 0, 2, 0, 0, 0, 0, 0, 0, 0]"
5803,59.166.0.7,*,149.171.126.6,21049,*,*,*,"[0, 0, 0, 0, 0, 0, 3, 0, 0, 0, 0, 0, 0]"
5804,59.166.0.7,*,149.171.126.6,31861,*,*,*,"[0, 0, 0, 0, 0, 0, 2, 0, 0, 0, 0, 0, 0]"
5805,59.166.0.7,*,149.171.126.6,35856,*,*,*,"[0, 0, 0, 0, 0, 0, 3, 0, 0, 0, 0, 0, 0]"
5806,59.166.0.7,*,149.171.126.6,44463,*,*,*,"[0, 0, 0, 0, 0, 0, 2, 0, 0, 0, 0, 0, 0]"
5807,59.166.0.7,*,149.171.126.6,46556,*,*,*,"[0, 0, 0, 0, 0, 0, 2, 0, 0, 0, 0, 0, 0]"
5808,59.166.0.7,*,149.171.126.6,49483,*,*,*,"[0, 0, 0, 0, 0, 0, 3, 0, 0, 0, 0, 0, 0]"
5809,59.166.0.7,*,149.171.126.6,19518,*,*,*,"[0, 0, 0, 0, 0, 0, 0, 0, 0, 0, 0, 0, 2]"
5810,59.166.0.7,*,149.171.126.6,36106,*,*,*,"[0, 0, 0, 0, 0, 0, 0, 0, 3, 0, 0, 0, 0]"
5811,59.166.0.7,*,149.171.126.6,37612,*,*,*,"[0, 0, 0, 0, 0, 0, 0, 0, 3, 0, 0, 0, 0]"
5812,59.166.0.7,*,149.171.126.6,56854,*,*,*,"[0, 0, 0, 0, 0, 0, 0, 0, 3, 0, 0, 0, 0]"
5813,59.166.0.7,*,149.171.126.6,1906,*,*,*,"[0, 0, 0, 0, 0, 0, 0, 0, 0, 2, 0, 0, 0]"
5814,59.166.0.7,*,149.171.126.6,23937,*,*,*,"[0, 0, 0, 0, 0, 0, 0, 0, 0, 3, 0, 0, 0]"
5815,59.166.0.7,*,149.171.126.6,3038,*,*,*,"[0, 0, 0, 0, 0, 0, 0, 0, 0, 2, 0, 0, 0]"
5816,59.166.0.7,*,149.171.126.6,38936,*,*,*,"[0, 0, 0, 0, 0, 0, 0, 0, 0, 3, 0, 0, 0]"
5817,59.166.0.7,*,149.171.126.6,52561,*,*,*,"[0, 0, 0, 0, 0, 0, 0, 0, 0, 3, 0, 0, 0]"
5818,59.166.0.7,*,149.171.126.6,54587,*,*,*,"[0, 0, 0, 0, 0, 0, 0, 0, 0, 2, 0, 0, 0]"
5819,59.166.0.7,*,149.171.126.6,62821,*,*,*,"[0, 0, 0, 0, 0, 0, 0, 0, 0, 2, 0, 0, 0]"
5820,59.166.0.7,*,149.171.126.6,63656,*,*,*,"[0, 0, 0, 0, 0, 0, 0, 0, 0, 2, 0, 0, 0]"
5821,59.166.0.7,*,149.171.126.6,65504,*,*,*,"[0, 0, 0, 0, 0, 0, 0, 0, 0, 2, 0, 0, 0]"
5822,59.166.0.7,*,149.171.126.6,13904,*,*,*,"[0, 0, 0, 0, 0, 0, 0, 0, 0, 0, 0, 2, 0]"
5823,59.166.0.7,*,149.171.126.6,16120,*,*,*,"[0, 0, 0, 0, 0, 0, 0, 0, 0, 0, 3, 0, 0]"
5824,59.166.0.7,*,149.171.126.6,55155,*,*,*,"[0, 0, 0, 0, 0, 0, 0, 0, 0, 0, 0, 2, 0]"
5825,59.166.0.7,*,149.171.126.6,56334,*,*,*,"[0, 0, 0, 0, 0, 0, 0, 0, 0, 0, 0, 2, 0]"
5826,59.166.0.7,*,149.171.126.6,62120,*,*,*,"[0, 0, 0, 0, 0, 0, 0, 0, 0, 0, 3, 0, 0]"
5827,59.166.0.7,*,149.171.126.6,64158,*,*,*,"[0, 0, 0, 0, 0, 0, 0, 0, 0, 0, 3, 0, 0]"
5828,59.166.0.7,*,149.171.126.6,10394,*,*,*,"[0, 0, 0, 0, 0, 0, 0, 0, 0, 0, 0, 0, 2]"
5829,59.166.0.7,*,149.171.126.6,32528,*,*,*,"[0, 0, 0, 0, 0, 0, 0, 0, 0, 0, 0, 0, 2]"
5830,59.166.0.7,*,149.171.126.7,111,*,*,*,"[17, 9, 12, 10, 14, 7, 12, 9, 13, 13, 11, 11, 17]"
5831,59.166.0.7,*,149.171.126.7,11399,*,*,*,"[2, 0, 0, 0, 0, 0, 0, 0, 0, 0, 0, 0, 0]"
5832,59.166.0.7,*,149.171.126.7,143,*,*,*,"[5, 6, 10, 6, 9, 5, 9, 6, 2, 3, 7, 4, 6]"
5833,59.166.0.7,*,149.171.126.7,21,*,*,*,"[12, 7, 7, 6, 4, 6, 3, 2, 6, 8, 7, 3, 8]"
5834,59.166.0.7,*,149.171.126.7,22,*,*,*,"[7, 7, 2, 11, 6, 7, 3, 2, 0, 4, 7, 12, 8]"
5835,59.166.0.7,*,149.171.126.7,25,*,*,*,"[9, 15, 9, 9, 12, 11, 2, 10, 17, 13, 14, 10, 11]"
5836,59.166.0.7,*,149.171.126.7,25032,*,*,*,"[2, 0, 0, 0, 0, 0, 0, 0, 0, 0, 0, 0, 0]"
5837,59.166.0.7,*,149.171.126.7,26143,*,*,*,"[2, 0, 0, 0, 0, 0, 0, 0, 0, 0, 0, 0, 0]"
5838,59.166.0.7,*,149.171.126.7,27934,*,*,*,"[2, 0, 0, 0, 0, 0, 0, 0, 0, 0, 0, 0, 0]"
5839,59.166.0.7,*,149.171.126.7,35719,*,*,*,"[2, 0, 0, 0, 0, 0, 0, 0, 0, 0, 0, 0, 0]"
5840,59.166.0.7,*,149.171.126.7,42130,*,*,*,"[2, 0, 0, 0, 0, 0, 0, 0, 0, 0, 0, 0, 0]"
5841,59.166.0.7,*,149.171.126.7,46109,*,*,*,"[3, 0, 0, 0, 0, 0, 0, 0, 0, 0, 0, 0, 0]"
5842,59.166.0.7,*,149.171.126.7,5190,*,*,*,"[18, 25, 18, 17, 16, 18, 19, 13, 20, 17, 18, 11, 13]"
5843,59.166.0.7,*,149.171.126.7,52280,*,*,*,"[2, 0, 0, 0, 0, 0, 0, 0, 0, 0, 0, 0, 0]"
5844,59.166.0.7,*,149.171.126.7,52294,*,*,*,"[2, 0, 0, 0, 0, 0, 0, 0, 0, 0, 0, 0, 0]"
5845,59.166.0.7,*,149.171.126.7,52801,*,*,*,"[3, 0, 0, 0, 0, 0, 0, 0, 0, 0, 0, 0, 0]"
5846,59.166.0.7,*,149.171.126.7,53,*,*,*,"[51, 52, 41, 50, 61, 51, 66, 39, 56, 43, 52, 50, 47]"
5847,59.166.0.7,*,149.171.126.7,56048,*,*,*,"[3, 0, 0, 0, 0, 0, 0, 0, 0, 0, 0, 0, 0]"
5848,59.166.0.7,*,149.171.126.7,56995,*,*,*,"[0, 0, 0, 0, 2, 0, 0, 0, 0, 0, 0, 0, 0]"
5849,59.166.0.7,*,149.171.126.7,63666,*,*,*,"[3, 0, 0, 0, 0, 0, 0, 0, 0, 0, 0, 0, 0]"
5850,59.166.0.7,*,149.171.126.7,64030,*,*,*,"[3, 0, 0, 0, 0, 0, 0, 0, 0, 0, 0, 0, 0]"
5851,59.166.0.7,*,149.171.126.7,6881,*,*,*,"[6, 0, 0, 24, 30, 6, 50, 18, 30, 6, 30, 0, 24]"
5852,59.166.0.7,*,149.171.126.7,7315,*,*,*,"[3, 0, 0, 0, 0, 0, 0, 0, 0, 0, 0, 0, 0]"
5853,59.166.0.7,*,149.171.126.7,80,*,*,*,"[25, 38, 32, 35, 26, 33, 32, 23, 22, 26, 20, 26, 29]"
5854,59.166.0.7,*,149.171.126.7,14724,*,*,*,"[0, 3, 0, 0, 0, 0, 0, 0, 0, 0, 0, 0, 0]"
5855,59.166.0.7,*,149.171.126.7,15843,*,*,*,"[0, 2, 0, 0, 0, 0, 0, 0, 0, 0, 0, 0, 0]"
5856,59.166.0.7,*,149.171.126.7,31010,*,*,*,"[0, 3, 0, 0, 0, 0, 0, 0, 0, 0, 0, 0, 0]"
5857,59.166.0.7,*,149.171.126.7,49198,*,*,*,"[0, 2, 0, 0, 0, 0, 0, 0, 0, 0, 0, 0, 0]"
5858,59.166.0.7,*,149.171.126.7,49439,*,*,*,"[0, 3, 0, 0, 0, 0, 0, 0, 0, 0, 0, 0, 0]"
5859,59.166.0.7,*,149.171.126.7,54867,*,*,*,"[0, 2, 0, 0, 0, 0, 0, 0, 0, 0, 0, 0, 0]"
5860,59.166.0.7,*,149.171.126.7,11680,*,*,*,"[0, 0, 0, 5, 0, 0, 0, 0, 0, 0, 0, 0, 0]"
5861,59.166.0.7,*,149.171.126.7,25409,*,*,*,"[0, 0, 3, 0, 0, 0, 0, 0, 0, 0, 0, 0, 0]"
5862,59.166.0.7,*,149.171.126.7,3208,*,*,*,"[0, 0, 3, 0, 0, 0, 0, 0, 0, 0, 0, 0, 0]"
5863,59.166.0.7,*,149.171.126.7,32547,*,*,*,"[0, 0, 3, 0, 0, 0, 0, 0, 0, 0, 0, 0, 0]"
5864,59.166.0.7,*,149.171.126.7,32912,*,*,*,"[0, 0, 0, 5, 0, 0, 0, 0, 0, 0, 0, 0, 0]"
5865,59.166.0.7,*,149.171.126.7,44685,*,*,*,"[0, 0, 0, 5, 0, 0, 0, 0, 0, 0, 0, 0, 0]"
5866,59.166.0.7,*,149.171.126.7,36222,*,*,*,"[0, 0, 0, 0, 2, 0, 0, 0, 0, 0, 0, 0, 0]"
5867,59.166.0.7,*,149.171.126.7,5131,*,*,*,"[0, 0, 0, 0, 2, 0, 0, 0, 0, 0, 0, 0, 0]"
5868,59.166.0.7,*,149.171.126.7,12319,*,*,*,"[0, 0, 0, 0, 0, 2, 0, 0, 0, 0, 0, 0, 0]"
5869,59.166.0.7,*,149.171.126.7,22481,*,*,*,"[0, 0, 0, 0, 0, 2, 0, 0, 0, 0, 0, 0, 0]"
5870,59.166.0.7,*,149.171.126.7,24550,*,*,*,"[0, 0, 0, 0, 0, 2, 0, 0, 0, 0, 0, 0, 0]"
5871,59.166.0.7,*,149.171.126.7,26869,*,*,*,"[0, 0, 0, 0, 0, 2, 0, 0, 0, 0, 0, 0, 0]"
5872,59.166.0.7,*,149.171.126.7,41018,*,*,*,"[0, 0, 0, 0, 0, 2, 0, 0, 0, 0, 0, 0, 0]"
5873,59.166.0.7,*,149.171.126.7,42265,*,*,*,"[0, 0, 0, 0, 0, 2, 0, 0, 0, 0, 0, 0, 0]"
5874,59.166.0.7,*,149.171.126.7,42025,*,*,*,"[0, 0, 0, 0, 0, 0, 2, 0, 0, 0, 0, 0, 0]"
5875,59.166.0.7,*,149.171.126.7,23937,*,*,*,"[0, 0, 0, 0, 0, 0, 0, 0, 2, 0, 0, 0, 0]"
5876,59.166.0.7,*,149.171.126.7,38936,*,*,*,"[0, 0, 0, 0, 0, 0, 0, 0, 2, 0, 0, 0, 0]"
5877,59.166.0.7,*,149.171.126.7,52561,*,*,*,"[0, 0, 0, 0, 0, 0, 0, 0, 2, 0, 0, 0, 0]"
5878,59.166.0.7,*,149.171.126.7,1906,*,*,*,"[0, 0, 0, 0, 0, 0, 0, 0, 0, 3, 0, 0, 0]"
5879,59.166.0.7,*,149.171.126.7,3038,*,*,*,"[0, 0, 0, 0, 0, 0, 0, 0, 0, 3, 0, 0, 0]"
5880,59.166.0.7,*,149.171.126.7,54587,*,*,*,"[0, 0, 0, 0, 0, 0, 0, 0, 0, 3, 0, 0, 0]"
5881,59.166.0.7,*,149.171.126.7,62821,*,*,*,"[0, 0, 0, 0, 0, 0, 0, 0, 0, 3, 0, 0, 0]"
5882,59.166.0.7,*,149.171.126.7,63656,*,*,*,"[0, 0, 0, 0, 0, 0, 0, 0, 0, 3, 0, 0, 0]"
5883,59.166.0.7,*,149.171.126.7,65504,*,*,*,"[0, 0, 0, 0, 0, 0, 0, 0, 0, 3, 0, 0, 0]"
5884,59.166.0.7,*,149.171.126.7,13761,*,*,*,"[0, 0, 0, 0, 0, 0, 0, 0, 0, 0, 2, 0, 0]"
5885,59.166.0.7,*,149.171.126.7,16120,*,*,*,"[0, 0, 0, 0, 0, 0, 0, 0, 0, 0, 2, 0, 0]"
5886,59.166.0.7,*,149.171.126.7,31484,*,*,*,"[0, 0, 0, 0, 0, 0, 0, 0, 0, 0, 2, 0, 0]"
5887,59.166.0.7,*,149.171.126.7,38033,*,*,*,"[0, 0, 0, 0, 0, 0, 0, 0, 0, 0, 2, 0, 0]"
5888,59.166.0.7,*,149.171.126.7,62120,*,*,*,"[0, 0, 0, 0, 0, 0, 0, 0, 0, 0, 2, 0, 0]"
5889,59.166.0.7,*,149.171.126.7,64158,*,*,*,"[0, 0, 0, 0, 0, 0, 0, 0, 0, 0, 2, 0, 0]"
5890,59.166.0.7,*,149.171.126.7,11513,*,*,*,"[0, 0, 0, 0, 0, 0, 0, 0, 0, 0, 0, 2, 0]"
5891,59.166.0.7,*,149.171.126.7,19056,*,*,*,"[0, 0, 0, 0, 0, 0, 0, 0, 0, 0, 0, 2, 0]"
5892,59.166.0.7,*,149.171.126.7,56614,*,*,*,"[0, 0, 0, 0, 0, 0, 0, 0, 0, 0, 0, 2, 0]"
5893,59.166.0.7,*,149.171.126.7,10394,*,*,*,"[0, 0, 0, 0, 0, 0, 0, 0, 0, 0, 0, 0, 3]"
5894,59.166.0.7,*,149.171.126.7,19518,*,*,*,"[0, 0, 0, 0, 0, 0, 0, 0, 0, 0, 0, 0, 3]"
5895,59.166.0.7,*,149.171.126.7,21133,*,*,*,"[0, 0, 0, 0, 0, 0, 0, 0, 0, 0, 0, 0, 2]"
5896,59.166.0.7,*,149.171.126.7,32528,*,*,*,"[0, 0, 0, 0, 0, 0, 0, 0, 0, 0, 0, 0, 3]"
5897,59.166.0.7,*,149.171.126.7,48182,*,*,*,"[0, 0, 0, 0, 0, 0, 0, 0, 0, 0, 0, 0, 2]"
5898,59.166.0.7,*,149.171.126.7,63753,*,*,*,"[0, 0, 0, 0, 0, 0, 0, 0, 0, 0, 0, 0, 2]"
5899,59.166.0.7,*,149.171.126.8,111,*,*,*,"[14, 9, 8, 7, 12, 7, 10, 16, 11, 9, 14, 9, 6]"
5900,59.166.0.7,*,149.171.126.8,143,*,*,*,"[9, 7, 9, 2, 5, 8, 3, 7, 3, 7, 8, 4, 6]"
5901,59.166.0.7,*,149.171.126.8,17087,*,*,*,"[2, 0, 0, 0, 0, 0, 0, 0, 0, 0, 0, 0, 0]"
5902,59.166.0.7,*,149.171.126.8,21,*,*,*,"[3, 8, 5, 4, 7, 6, 2, 6, 7, 6, 3, 6, 3]"
5903,59.166.0.7,*,149.171.126.8,22,*,*,*,"[4, 5, 4, 11, 5, 4, 2, 4, 3, 7, 3, 11, 4]"
5904,59.166.0.7,*,149.171.126.8,25,*,*,*,"[7, 8, 15, 14, 14, 11, 14, 6, 11, 10, 13, 11, 11]"
5905,59.166.0.7,*,149.171.126.8,45548,*,*,*,"[2, 0, 0, 0, 0, 0, 0, 0, 0, 0, 0, 0, 0]"
5906,59.166.0.7,*,149.171.126.8,5190,*,*,*,"[6, 30, 16, 15, 12, 20, 23, 9, 12, 7, 10, 21, 19]"
5907,59.166.0.7,*,149.171.126.8,52796,*,*,*,"[2, 0, 0, 0, 0, 0, 0, 0, 0, 0, 0, 0, 0]"
5908,59.166.0.7,*,149.171.126.8,53,*,*,*,"[55, 53, 48, 55, 42, 53, 38, 43, 45, 46, 52, 46, 50]"
5909,59.166.0.7,*,149.171.126.8,6881,*,*,*,"[18, 6, 18, 30, 6, 0, 36, 18, 12, 0, 18, 0, 24]"
5910,59.166.0.7,*,149.171.126.8,80,*,*,*,"[27, 22, 19, 23, 23, 30, 31, 26, 36, 17, 20, 22, 26]"
5911,59.166.0.7,*,149.171.126.8,14724,*,*,*,"[0, 3, 0, 0, 0, 0, 0, 0, 0, 0, 0, 0, 0]"
5912,59.166.0.7,*,149.171.126.8,15843,*,*,*,"[0, 2, 0, 0, 0, 0, 0, 0, 0, 0, 0, 0, 0]"
5913,59.166.0.7,*,149.171.126.8,27934,*,*,*,"[0, 2, 0, 0, 0, 0, 0, 0, 0, 0, 0, 0, 0]"
5914,59.166.0.7,*,149.171.126.8,31010,*,*,*,"[0, 3, 0, 0, 0, 0, 0, 0, 0, 0, 0, 0, 0]"
5915,59.166.0.7,*,149.171.126.8,35719,*,*,*,"[0, 2, 0, 0, 0, 0, 0, 0, 0, 0, 0, 0, 0]"
5916,59.166.0.7,*,149.171.126.8,42130,*,*,*,"[0, 2, 0, 0, 0, 0, 0, 0, 0, 0, 0, 0, 0]"
5917,59.166.0.7,*,149.171.126.8,49198,*,*,*,"[0, 2, 0, 0, 0, 0, 0, 0, 0, 0, 0, 0, 0]"
5918,59.166.0.7,*,149.171.126.8,49439,*,*,*,"[0, 3, 0, 0, 0, 0, 0, 0, 0, 0, 0, 0, 0]"
5919,59.166.0.7,*,149.171.126.8,54867,*,*,*,"[0, 2, 0, 0, 0, 0, 0, 0, 0, 0, 0, 0, 0]"
5920,59.166.0.7,*,149.171.126.8,1254,*,*,*,"[0, 0, 2, 0, 0, 0, 0, 0, 0, 0, 0, 0, 0]"
5921,59.166.0.7,*,149.171.126.8,25409,*,*,*,"[0, 0, 2, 0, 0, 0, 0, 0, 0, 0, 0, 0, 0]"
5922,59.166.0.7,*,149.171.126.8,3208,*,*,*,"[0, 0, 2, 0, 0, 0, 0, 0, 0, 0, 0, 0, 0]"
5923,59.166.0.7,*,149.171.126.8,32547,*,*,*,"[0, 0, 2, 0, 0, 0, 0, 0, 0, 0, 0, 0, 0]"
5924,59.166.0.7,*,149.171.126.8,34154,*,*,*,"[0, 0, 2, 0, 0, 0, 0, 0, 0, 0, 0, 0, 0]"
5925,59.166.0.7,*,149.171.126.8,61745,*,*,*,"[0, 0, 2, 0, 0, 0, 0, 0, 0, 0, 0, 0, 0]"
5926,59.166.0.7,*,149.171.126.8,30639,*,*,*,"[0, 0, 0, 2, 0, 0, 0, 0, 0, 0, 0, 0, 0]"
5927,59.166.0.7,*,149.171.126.8,57588,*,*,*,"[0, 0, 0, 2, 0, 0, 0, 0, 0, 0, 0, 0, 0]"
5928,59.166.0.7,*,149.171.126.8,58003,*,*,*,"[0, 0, 0, 2, 0, 0, 0, 0, 0, 0, 0, 0, 0]"
5929,59.166.0.7,*,149.171.126.8,11821,*,*,*,"[0, 0, 0, 0, 2, 0, 0, 0, 0, 0, 0, 0, 0]"
5930,59.166.0.7,*,149.171.126.8,15171,*,*,*,"[0, 0, 0, 0, 2, 0, 0, 0, 0, 0, 0, 0, 0]"
5931,59.166.0.7,*,149.171.126.8,17268,*,*,*,"[0, 0, 0, 0, 2, 0, 0, 0, 0, 0, 0, 0, 0]"
5932,59.166.0.7,*,149.171.126.8,34073,*,*,*,"[0, 0, 0, 0, 2, 0, 0, 0, 0, 0, 0, 0, 0]"
5933,59.166.0.7,*,149.171.126.8,36222,*,*,*,"[0, 0, 0, 0, 2, 0, 0, 0, 0, 0, 0, 0, 0]"
5934,59.166.0.7,*,149.171.126.8,45633,*,*,*,"[0, 0, 0, 0, 2, 0, 0, 0, 0, 0, 0, 0, 0]"
5935,59.166.0.7,*,149.171.126.8,5131,*,*,*,"[0, 0, 0, 0, 2, 0, 0, 0, 0, 0, 0, 0, 0]"
5936,59.166.0.7,*,149.171.126.8,5491,*,*,*,"[0, 0, 0, 0, 2, 0, 0, 0, 0, 0, 0, 0, 0]"
5937,59.166.0.7,*,149.171.126.8,56995,*,*,*,"[0, 0, 0, 0, 2, 0, 0, 0, 0, 0, 0, 0, 0]"
5938,59.166.0.7,*,149.171.126.8,26373,*,*,*,"[0, 0, 0, 0, 0, 2, 0, 0, 0, 0, 0, 0, 0]"
5939,59.166.0.7,*,149.171.126.8,40239,*,*,*,"[0, 0, 0, 0, 0, 2, 0, 0, 0, 0, 0, 0, 0]"
5940,59.166.0.7,*,149.171.126.8,43825,*,*,*,"[0, 0, 0, 0, 0, 2, 0, 0, 0, 0, 0, 0, 0]"
5941,59.166.0.7,*,149.171.126.8,50827,*,*,*,"[0, 0, 0, 0, 0, 2, 0, 0, 0, 0, 0, 0, 0]"
5942,59.166.0.7,*,149.171.126.8,60894,*,*,*,"[0, 0, 0, 0, 0, 2, 0, 0, 0, 0, 0, 0, 0]"
5943,59.166.0.7,*,149.171.126.8,6517,*,*,*,"[0, 0, 0, 0, 0, 2, 0, 0, 0, 0, 0, 0, 0]"
5944,59.166.0.7,*,149.171.126.8,13582,*,*,*,"[0, 0, 0, 0, 0, 0, 0, 2, 0, 0, 0, 0, 0]"
5945,59.166.0.7,*,149.171.126.8,41643,*,*,*,"[0, 0, 0, 0, 0, 0, 0, 2, 2, 0, 0, 0, 0]"
5946,59.166.0.7,*,149.171.126.8,45637,*,*,*,"[0, 0, 0, 0, 0, 0, 0, 2, 2, 0, 0, 0, 0]"
5947,59.166.0.7,*,149.171.126.8,59699,*,*,*,"[0, 0, 0, 0, 0, 0, 0, 2, 2, 0, 0, 0, 0]"
5948,59.166.0.7,*,149.171.126.8,62964,*,*,*,"[0, 0, 0, 0, 0, 0, 0, 2, 0, 0, 0, 0, 0]"
5949,59.166.0.7,*,149.171.126.8,65009,*,*,*,"[0, 0, 0, 0, 0, 0, 0, 2, 0, 0, 0, 0, 0]"
5950,59.166.0.7,*,149.171.126.8,11460,*,*,*,"[0, 0, 0, 0, 0, 0, 0, 0, 2, 0, 0, 0, 0]"
5951,59.166.0.7,*,149.171.126.8,13455,*,*,*,"[0, 0, 0, 0, 0, 0, 0, 0, 2, 0, 0, 0, 0]"
5952,59.166.0.7,*,149.171.126.8,26631,*,*,*,"[0, 0, 0, 0, 0, 0, 0, 0, 2, 0, 0, 0, 0]"
5953,59.166.0.7,*,149.171.126.8,36106,*,*,*,"[0, 0, 0, 0, 0, 0, 0, 0, 2, 0, 0, 0, 0]"
5954,59.166.0.7,*,149.171.126.8,37612,*,*,*,"[0, 0, 0, 0, 0, 0, 0, 0, 2, 0, 0, 0, 0]"
5955,59.166.0.7,*,149.171.126.8,56854,*,*,*,"[0, 0, 0, 0, 0, 0, 0, 0, 2, 0, 0, 0, 0]"
5956,59.166.0.7,*,149.171.126.8,22432,*,*,*,"[0, 0, 0, 0, 0, 0, 0, 0, 0, 2, 0, 0, 0]"
5957,59.166.0.7,*,149.171.126.8,46326,*,*,*,"[0, 0, 0, 0, 0, 0, 0, 0, 0, 2, 0, 0, 0]"
5958,59.166.0.7,*,149.171.126.8,46967,*,*,*,"[0, 0, 0, 0, 0, 0, 0, 0, 0, 2, 0, 0, 0]"
5959,59.166.0.7,*,149.171.126.8,13904,*,*,*,"[0, 0, 0, 0, 0, 0, 0, 0, 0, 0, 0, 2, 0]"
5960,59.166.0.7,*,149.171.126.8,41227,*,*,*,"[0, 0, 0, 0, 0, 0, 0, 0, 0, 0, 0, 2, 0]"
5961,59.166.0.7,*,149.171.126.8,4504,*,*,*,"[0, 0, 0, 0, 0, 0, 0, 0, 0, 0, 0, 2, 0]"
5962,59.166.0.7,*,149.171.126.8,55155,*,*,*,"[0, 0, 0, 0, 0, 0, 0, 0, 0, 0, 0, 2, 0]"
5963,59.166.0.7,*,149.171.126.8,56334,*,*,*,"[0, 0, 0, 0, 0, 0, 0, 0, 0, 0, 0, 2, 0]"
5964,59.166.0.7,*,149.171.126.8,63238,*,*,*,"[0, 0, 0, 0, 0, 0, 0, 0, 0, 0, 0, 2, 0]"
5965,59.166.0.7,*,149.171.126.8,6786,*,*,*,"[0, 0, 0, 0, 0, 0, 0, 0, 0, 0, 0, 2, 0]"
5966,59.166.0.7,*,149.171.126.8,13839,*,*,*,"[0, 0, 0, 0, 0, 0, 0, 0, 0, 0, 0, 0, 2]"
5967,59.166.0.7,*,149.171.126.8,26866,*,*,*,"[0, 0, 0, 0, 0, 0, 0, 0, 0, 0, 0, 0, 2]"
5968,59.166.0.7,*,149.171.126.8,50688,*,*,*,"[0, 0, 0, 0, 0, 0, 0, 0, 0, 0, 0, 0, 2]"
5969,59.166.0.7,*,149.171.126.9,10581,*,*,*,"[2, 0, 0, 0, 0, 0, 0, 0, 0, 0, 0, 0, 0]"
5970,59.166.0.7,*,149.171.126.9,111,*,*,*,"[16, 12, 22, 12, 5, 11, 7, 7, 11, 7, 5, 14, 14]"
5971,59.166.0.7,*,149.171.126.9,11399,*,*,*,"[2, 0, 0, 0, 0, 0, 0, 0, 0, 0, 0, 0, 0]"
5972,59.166.0.7,*,149.171.126.9,143,*,*,*,"[5, 5, 11, 4, 4, 4, 7, 9, 9, 6, 5, 8, 9]"
5973,59.166.0.7,*,149.171.126.9,21,*,*,*,"[4, 2, 11, 12, 8, 7, 5, 5, 10, 11, 2, 4, 5]"
5974,59.166.0.7,*,149.171.126.9,22,*,*,*,"[5, 6, 5, 12, 9, 7, 3, 2, 3, 6, 5, 8, 6]"
5975,59.166.0.7,*,149.171.126.9,25,*,*,*,"[4, 8, 8, 16, 12, 6, 15, 4, 16, 6, 16, 10, 9]"
5976,59.166.0.7,*,149.171.126.9,26143,*,*,*,"[2, 0, 0, 0, 0, 0, 0, 0, 0, 0, 0, 0, 0]"
5977,59.166.0.7,*,149.171.126.9,5190,*,*,*,"[23, 18, 14, 9, 15, 13, 20, 14, 17, 14, 19, 13, 20]"
5978,59.166.0.7,*,149.171.126.9,52294,*,*,*,"[2, 0, 0, 0, 0, 0, 0, 0, 0, 0, 0, 0, 0]"
5979,59.166.0.7,*,149.171.126.9,53,*,*,*,"[54, 42, 49, 46, 45, 48, 45, 40, 61, 42, 38, 49, 40]"
5980,59.166.0.7,*,149.171.126.9,6881,*,*,*,"[6, 0, 12, 30, 12, 18, 36, 43, 13, 18, 12, 0, 24]"
5981,59.166.0.7,*,149.171.126.9,80,*,*,*,"[22, 29, 32, 19, 24, 25, 17, 22, 29, 25, 26, 33, 28]"
5982,59.166.0.7,*,149.171.126.9,1254,*,*,*,"[0, 0, 2, 0, 0, 0, 0, 0, 0, 0, 0, 0, 0]"
5983,59.166.0.7,*,149.171.126.9,14987,*,*,*,"[0, 0, 2, 0, 0, 0, 0, 0, 0, 0, 0, 0, 0]"
5984,59.166.0.7,*,149.171.126.9,25409,*,*,*,"[0, 0, 3, 0, 0, 0, 0, 0, 0, 0, 0, 0, 0]"
5985,59.166.0.7,*,149.171.126.9,26927,*,*,*,"[0, 0, 2, 0, 0, 0, 0, 0, 0, 0, 0, 0, 0]"
5986,59.166.0.7,*,149.171.126.9,2869,*,*,*,"[0, 0, 2, 0, 0, 0, 0, 0, 0, 0, 0, 0, 0]"
5987,59.166.0.7,*,149.171.126.9,3208,*,*,*,"[0, 0, 3, 0, 0, 0, 0, 0, 0, 0, 0, 0, 0]"
5988,59.166.0.7,*,149.171.126.9,32547,*,*,*,"[0, 0, 3, 0, 0, 0, 0, 0, 0, 0, 0, 0, 0]"
5989,59.166.0.7,*,149.171.126.9,3398,*,*,*,"[0, 0, 2, 0, 0, 0, 0, 0, 0, 0, 0, 0, 0]"
5990,59.166.0.7,*,149.171.126.9,34154,*,*,*,"[0, 0, 2, 0, 0, 0, 0, 0, 0, 0, 0, 0, 0]"
5991,59.166.0.7,*,149.171.126.9,34484,*,*,*,"[0, 0, 2, 0, 0, 0, 0, 0, 0, 0, 0, 0, 0]"
5992,59.166.0.7,*,149.171.126.9,60997,*,*,*,"[0, 0, 2, 0, 0, 0, 0, 0, 0, 0, 0, 0, 0]"
5993,59.166.0.7,*,149.171.126.9,61745,*,*,*,"[0, 0, 2, 0, 0, 0, 0, 0, 0, 0, 0, 0, 0]"
5994,59.166.0.7,*,149.171.126.9,11680,*,*,*,"[0, 0, 0, 3, 0, 0, 0, 0, 0, 0, 0, 0, 0]"
5995,59.166.0.7,*,149.171.126.9,1397,*,*,*,"[0, 0, 0, 3, 0, 0, 0, 0, 0, 0, 0, 0, 0]"
5996,59.166.0.7,*,149.171.126.9,20048,*,*,*,"[0, 0, 0, 2, 0, 0, 0, 0, 0, 0, 0, 0, 0]"
5997,59.166.0.7,*,149.171.126.9,21831,*,*,*,"[0, 0, 0, 3, 0, 0, 0, 0, 0, 0, 0, 0, 0]"
5998,59.166.0.7,*,149.171.126.9,30639,*,*,*,"[0, 0, 0, 3, 0, 0, 0, 0, 0, 0, 0, 0, 0]"
5999,59.166.0.7,*,149.171.126.9,32912,*,*,*,"[0, 0, 0, 3, 0, 0, 0, 0, 0, 0, 0, 0, 0]"
6000,59.166.0.7,*,149.171.126.9,44685,*,*,*,"[0, 0, 0, 3, 0, 0, 0, 0, 0, 0, 0, 0, 0]"
6001,59.166.0.7,*,149.171.126.9,45133,*,*,*,"[0, 0, 0, 3, 0, 0, 0, 0, 0, 0, 0, 0, 0]"
6002,59.166.0.7,*,149.171.126.9,54131,*,*,*,"[0, 0, 0, 2, 0, 0, 0, 0, 0, 0, 0, 0, 0]"
6003,59.166.0.7,*,149.171.126.9,57521,*,*,*,"[0, 0, 0, 2, 0, 0, 0, 0, 0, 0, 0, 0, 0]"
6004,59.166.0.7,*,149.171.126.9,57588,*,*,*,"[0, 0, 0, 3, 0, 0, 0, 0, 0, 0, 0, 0, 0]"
6005,59.166.0.7,*,149.171.126.9,58003,*,*,*,"[0, 0, 0, 3, 0, 0, 0, 0, 0, 0, 0, 0, 0]"
6006,59.166.0.7,*,149.171.126.9,12916,*,*,*,"[0, 0, 0, 0, 3, 0, 0, 0, 0, 0, 0, 0, 0]"
6007,59.166.0.7,*,149.171.126.9,29238,*,*,*,"[0, 0, 0, 0, 3, 0, 0, 0, 0, 0, 0, 0, 0]"
6008,59.166.0.7,*,149.171.126.9,33656,*,*,*,"[0, 0, 0, 0, 3, 0, 0, 0, 0, 0, 0, 0, 0]"
6009,59.166.0.7,*,149.171.126.9,36222,*,*,*,"[0, 0, 0, 0, 2, 0, 0, 0, 0, 0, 0, 0, 0]"
6010,59.166.0.7,*,149.171.126.9,5131,*,*,*,"[0, 0, 0, 0, 2, 0, 0, 0, 0, 0, 0, 0, 0]"
6011,59.166.0.7,*,149.171.126.9,56995,*,*,*,"[0, 0, 0, 0, 2, 0, 0, 0, 0, 0, 0, 0, 0]"
6012,59.166.0.7,*,149.171.126.9,15489,*,*,*,"[0, 0, 0, 0, 0, 2, 0, 0, 0, 0, 0, 0, 0]"
6013,59.166.0.7,*,149.171.126.9,18292,*,*,*,"[0, 0, 0, 0, 0, 2, 0, 0, 0, 0, 0, 0, 0]"
6014,59.166.0.7,*,149.171.126.9,18741,*,*,*,"[0, 0, 0, 0, 0, 2, 0, 0, 0, 0, 0, 0, 0]"
6015,59.166.0.7,*,149.171.126.9,28875,*,*,*,"[0, 0, 0, 0, 0, 2, 0, 0, 0, 0, 0, 0, 0]"
6016,59.166.0.7,*,149.171.126.9,34138,*,*,*,"[0, 0, 0, 0, 0, 2, 0, 0, 0, 0, 0, 0, 0]"
6017,59.166.0.7,*,149.171.126.9,42523,*,*,*,"[0, 0, 0, 0, 0, 2, 0, 0, 0, 0, 0, 0, 0]"
6018,59.166.0.7,*,149.171.126.9,43825,*,*,*,"[0, 0, 0, 0, 0, 2, 0, 0, 0, 0, 0, 0, 0]"
6019,59.166.0.7,*,149.171.126.9,50827,*,*,*,"[0, 0, 0, 0, 0, 2, 0, 0, 0, 0, 0, 0, 0]"
6020,59.166.0.7,*,149.171.126.9,60894,*,*,*,"[0, 0, 0, 0, 0, 2, 0, 0, 0, 0, 0, 0, 0]"
6021,59.166.0.7,*,149.171.126.9,15419,*,*,*,"[0, 0, 0, 0, 0, 0, 2, 0, 0, 0, 0, 0, 0]"
6022,59.166.0.7,*,149.171.126.9,31861,*,*,*,"[0, 0, 0, 0, 0, 0, 2, 0, 0, 0, 0, 0, 0]"
6023,59.166.0.7,*,149.171.126.9,44463,*,*,*,"[0, 0, 0, 0, 0, 0, 2, 0, 0, 0, 0, 0, 0]"
6024,59.166.0.7,*,149.171.126.9,46556,*,*,*,"[0, 0, 0, 0, 0, 0, 2, 0, 0, 0, 0, 0, 0]"
6025,59.166.0.7,*,149.171.126.9,52639,*,*,*,"[0, 0, 0, 0, 0, 0, 2, 0, 0, 0, 0, 0, 0]"
6026,59.166.0.7,*,149.171.126.9,8051,*,*,*,"[0, 0, 0, 0, 0, 0, 2, 0, 0, 0, 0, 0, 0]"
6027,59.166.0.7,*,149.171.126.9,17562,*,*,*,"[0, 0, 0, 0, 0, 0, 0, 2, 0, 0, 0, 0, 0]"
6028,59.166.0.7,*,149.171.126.9,26416,*,*,*,"[0, 0, 0, 0, 0, 0, 0, 3, 0, 0, 0, 0, 0]"
6029,59.166.0.7,*,149.171.126.9,54484,*,*,*,"[0, 0, 0, 0, 0, 0, 0, 3, 0, 0, 0, 0, 0]"
6030,59.166.0.7,*,149.171.126.9,58238,*,*,*,"[0, 0, 0, 0, 0, 0, 0, 2, 0, 0, 0, 0, 0]"
6031,59.166.0.7,*,149.171.126.9,60641,*,*,*,"[0, 0, 0, 0, 0, 0, 0, 3, 0, 0, 0, 0, 0]"
6032,59.166.0.7,*,149.171.126.9,63870,*,*,*,"[0, 0, 0, 0, 0, 0, 0, 2, 0, 0, 0, 0, 0]"
6033,59.166.0.7,*,149.171.126.9,11460,*,*,*,"[0, 0, 0, 0, 0, 0, 0, 0, 2, 0, 0, 0, 0]"
6034,59.166.0.7,*,149.171.126.9,13455,*,*,*,"[0, 0, 0, 0, 0, 0, 0, 0, 2, 0, 0, 0, 0]"
6035,59.166.0.7,*,149.171.126.9,22627,*,*,*,"[0, 0, 0, 0, 0, 0, 0, 0, 5, 0, 0, 0, 0]"
6036,59.166.0.7,*,149.171.126.9,26631,*,*,*,"[0, 0, 0, 0, 0, 0, 0, 0, 2, 0, 0, 0, 0]"
6037,59.166.0.7,*,149.171.126.9,36106,*,*,*,"[0, 0, 0, 0, 0, 0, 0, 0, 2, 0, 0, 0, 0]"
6038,59.166.0.7,*,149.171.126.9,37612,*,*,*,"[0, 0, 0, 0, 0, 0, 0, 0, 2, 0, 0, 0, 0]"
6039,59.166.0.7,*,149.171.126.9,4212,*,*,*,"[0, 0, 0, 0, 0, 0, 0, 0, 5, 0, 0, 0, 0]"
6040,59.166.0.7,*,149.171.126.9,56854,*,*,*,"[0, 0, 0, 0, 0, 0, 0, 0, 2, 0, 0, 0, 0]"
6041,59.166.0.7,*,149.171.126.9,8998,*,*,*,"[0, 0, 0, 0, 0, 0, 0, 0, 5, 0, 0, 0, 0]"
6042,59.166.0.7,*,149.171.126.9,1906,*,*,*,"[0, 0, 0, 0, 0, 0, 0, 0, 0, 2, 0, 0, 0]"
6043,59.166.0.7,*,149.171.126.9,20465,*,*,*,"[0, 0, 0, 0, 0, 0, 0, 0, 0, 4, 0, 0, 0]"
6044,59.166.0.7,*,149.171.126.9,25031,*,*,*,"[0, 0, 0, 0, 0, 0, 0, 0, 0, 2, 0, 0, 0]"
6045,59.166.0.7,*,149.171.126.9,3038,*,*,*,"[0, 0, 0, 0, 0, 0, 0, 0, 0, 2, 0, 0, 0]"
6046,59.166.0.7,*,149.171.126.9,33291,*,*,*,"[0, 0, 0, 0, 0, 0, 0, 0, 0, 4, 0, 0, 0]"
6047,59.166.0.7,*,149.171.126.9,33513,*,*,*,"[0, 0, 0, 0, 0, 0, 0, 0, 0, 2, 0, 0, 0]"
6048,59.166.0.7,*,149.171.126.9,47628,*,*,*,"[0, 0, 0, 0, 0, 0, 0, 0, 0, 2, 0, 0, 0]"
6049,59.166.0.7,*,149.171.126.9,54587,*,*,*,"[0, 0, 0, 0, 0, 0, 0, 0, 0, 2, 0, 0, 0]"
6050,59.166.0.7,*,149.171.126.9,58190,*,*,*,"[0, 0, 0, 0, 0, 0, 0, 0, 0, 4, 0, 0, 0]"
6051,59.166.0.7,*,149.171.126.9,10394,*,*,*,"[0, 0, 0, 0, 0, 0, 0, 0, 0, 0, 0, 0, 3]"
6052,59.166.0.7,*,149.171.126.9,19518,*,*,*,"[0, 0, 0, 0, 0, 0, 0, 0, 0, 0, 0, 0, 3]"
6053,59.166.0.7,*,149.171.126.9,32528,*,*,*,"[0, 0, 0, 0, 0, 0, 0, 0, 0, 0, 0, 0, 3]"
6054,59.166.0.8,*,149.171.126.0,111,*,*,*,"[19, 14, 3, 4, 16, 9, 11, 7, 11, 8, 12, 9, 12]"
6055,59.166.0.8,*,149.171.126.0,143,*,*,*,"[6, 6, 6, 5, 5, 7, 14, 7, 3, 7, 7, 8, 12]"
6056,59.166.0.8,*,149.171.126.0,21,*,*,*,"[5, 5, 10, 6, 11, 5, 5, 5, 6, 4, 9, 2, 8]"
6057,59.166.0.8,*,149.171.126.0,22,*,*,*,"[5, 7, 4, 17, 7, 7, 7, 3, 10, 2, 5, 5, 2]"
6058,59.166.0.8,*,149.171.126.0,25,*,*,*,"[16, 12, 13, 11, 8, 13, 7, 15, 9, 11, 10, 13, 15]"
6059,59.166.0.8,*,149.171.126.0,27934,*,*,*,"[2, 0, 0, 0, 0, 0, 0, 0, 0, 0, 0, 0, 0]"
6060,59.166.0.8,*,149.171.126.0,35719,*,*,*,"[2, 0, 0, 0, 0, 0, 0, 0, 0, 0, 0, 0, 0]"
6061,59.166.0.8,*,149.171.126.0,42130,*,*,*,"[2, 0, 0, 0, 0, 0, 0, 0, 0, 0, 0, 0, 0]"
6062,59.166.0.8,*,149.171.126.0,5190,*,*,*,"[19, 33, 16, 15, 16, 14, 29, 15, 20, 13, 16, 17, 20]"
6063,59.166.0.8,*,149.171.126.0,53,*,*,*,"[68, 38, 46, 58, 37, 45, 54, 35, 52, 55, 36, 56, 60]"
6064,59.166.0.8,*,149.171.126.0,6881,*,*,*,"[18, 6, 12, 12, 18, 12, 24, 48, 24, 12, 12, 0, 30]"
6065,59.166.0.8,*,149.171.126.0,80,*,*,*,"[34, 22, 33, 33, 25, 29, 35, 39, 31, 23, 24, 22, 25]"
6066,59.166.0.8,*,149.171.126.0,17751,*,*,*,"[0, 0, 3, 0, 0, 0, 0, 0, 0, 0, 0, 0, 0]"
6067,59.166.0.8,*,149.171.126.0,3062,*,*,*,"[0, 2, 0, 0, 0, 0, 0, 0, 0, 0, 0, 0, 0]"
6068,59.166.0.8,*,149.171.126.0,34463,*,*,*,"[0, 2, 0, 0, 0, 0, 0, 0, 0, 0, 0, 0, 0]"
6069,59.166.0.8,*,149.171.126.0,38395,*,*,*,"[0, 2, 0, 0, 0, 0, 0, 0, 0, 0, 0, 0, 0]"
6070,59.166.0.8,*,149.171.126.0,7644,*,*,*,"[0, 0, 3, 0, 0, 0, 0, 0, 0, 0, 0, 0, 0]"
6071,59.166.0.8,*,149.171.126.0,9620,*,*,*,"[0, 0, 3, 0, 0, 0, 0, 0, 0, 0, 0, 0, 0]"
6072,59.166.0.8,*,149.171.126.0,1254,*,*,*,"[0, 0, 2, 0, 0, 0, 0, 0, 0, 0, 0, 0, 0]"
6073,59.166.0.8,*,149.171.126.0,25409,*,*,*,"[0, 0, 2, 0, 0, 0, 0, 0, 0, 0, 0, 0, 0]"
6074,59.166.0.8,*,149.171.126.0,26927,*,*,*,"[0, 0, 2, 0, 0, 0, 0, 0, 0, 0, 0, 0, 0]"
6075,59.166.0.8,*,149.171.126.0,3208,*,*,*,"[0, 0, 2, 0, 0, 0, 0, 0, 0, 0, 0, 0, 0]"
6076,59.166.0.8,*,149.171.126.0,32547,*,*,*,"[0, 0, 2, 0, 0, 0, 0, 0, 0, 0, 0, 0, 0]"
6077,59.166.0.8,*,149.171.126.0,34154,*,*,*,"[0, 0, 2, 0, 0, 0, 0, 0, 0, 0, 0, 0, 0]"
6078,59.166.0.8,*,149.171.126.0,34484,*,*,*,"[0, 0, 2, 0, 0, 0, 0, 0, 0, 0, 0, 0, 0]"
6079,59.166.0.8,*,149.171.126.0,60997,*,*,*,"[0, 0, 2, 0, 0, 0, 0, 0, 0, 0, 0, 0, 0]"
6080,59.166.0.8,*,149.171.126.0,61745,*,*,*,"[0, 0, 2, 0, 0, 0, 0, 0, 0, 0, 0, 0, 0]"
6081,59.166.0.8,*,149.171.126.0,11680,*,*,*,"[0, 0, 0, 3, 0, 0, 0, 0, 0, 0, 0, 0, 0]"
6082,59.166.0.8,*,149.171.126.0,20048,*,*,*,"[0, 0, 0, 2, 0, 0, 0, 0, 0, 0, 0, 0, 0]"
6083,59.166.0.8,*,149.171.126.0,32912,*,*,*,"[0, 0, 0, 3, 0, 0, 0, 0, 0, 0, 0, 0, 0]"
6084,59.166.0.8,*,149.171.126.0,44685,*,*,*,"[0, 0, 0, 3, 0, 0, 0, 0, 0, 0, 0, 0, 0]"
6085,59.166.0.8,*,149.171.126.0,54131,*,*,*,"[0, 0, 0, 2, 0, 0, 0, 0, 0, 0, 0, 0, 0]"
6086,59.166.0.8,*,149.171.126.0,57521,*,*,*,"[0, 0, 0, 2, 0, 0, 0, 0, 0, 0, 0, 0, 0]"
6087,59.166.0.8,*,149.171.126.0,11821,*,*,*,"[0, 0, 0, 0, 3, 0, 0, 0, 0, 0, 0, 0, 0]"
6088,59.166.0.8,*,149.171.126.0,15171,*,*,*,"[0, 0, 0, 0, 3, 0, 0, 0, 0, 0, 0, 0, 0]"
6089,59.166.0.8,*,149.171.126.0,17268,*,*,*,"[0, 0, 0, 0, 3, 0, 0, 0, 0, 0, 0, 0, 0]"
6090,59.166.0.8,*,149.171.126.0,34073,*,*,*,"[0, 0, 0, 0, 3, 0, 0, 0, 0, 0, 0, 0, 0]"
6091,59.166.0.8,*,149.171.126.0,45633,*,*,*,"[0, 0, 0, 0, 3, 0, 0, 0, 0, 0, 0, 0, 0]"
6092,59.166.0.8,*,149.171.126.0,5491,*,*,*,"[0, 0, 0, 0, 3, 0, 0, 0, 0, 0, 0, 0, 0]"
6093,59.166.0.8,*,149.171.126.0,18292,*,*,*,"[0, 0, 0, 0, 0, 2, 0, 0, 0, 0, 0, 0, 0]"
6094,59.166.0.8,*,149.171.126.0,18741,*,*,*,"[0, 0, 0, 0, 0, 2, 0, 0, 0, 0, 0, 0, 0]"
6095,59.166.0.8,*,149.171.126.0,28875,*,*,*,"[0, 0, 0, 0, 0, 2, 0, 0, 0, 0, 0, 0, 0]"
6096,59.166.0.8,*,149.171.126.0,15398,*,*,*,"[0, 0, 0, 0, 0, 0, 2, 0, 0, 0, 0, 0, 0]"
6097,59.166.0.8,*,149.171.126.0,21049,*,*,*,"[0, 0, 0, 0, 0, 0, 2, 0, 0, 0, 0, 0, 0]"
6098,59.166.0.8,*,149.171.126.0,32328,*,*,*,"[0, 0, 0, 0, 0, 0, 2, 0, 0, 0, 0, 0, 0]"
6099,59.166.0.8,*,149.171.126.0,35856,*,*,*,"[0, 0, 0, 0, 0, 0, 2, 0, 0, 0, 0, 0, 0]"
6100,59.166.0.8,*,149.171.126.0,49483,*,*,*,"[0, 0, 0, 0, 0, 0, 2, 0, 0, 0, 0, 0, 0]"
6101,59.166.0.8,*,149.171.126.0,9851,*,*,*,"[0, 0, 0, 0, 0, 0, 2, 0, 0, 0, 0, 0, 0]"
6102,59.166.0.8,*,149.171.126.0,41643,*,*,*,"[0, 0, 0, 0, 0, 0, 0, 0, 2, 0, 0, 0, 0]"
6103,59.166.0.8,*,149.171.126.0,54475,*,*,*,"[0, 0, 0, 0, 0, 0, 0, 2, 0, 0, 0, 0, 0]"
6104,59.166.0.8,*,149.171.126.0,55348,*,*,*,"[0, 0, 0, 0, 0, 0, 0, 2, 0, 0, 0, 0, 0]"
6105,59.166.0.8,*,149.171.126.0,59699,*,*,*,"[0, 0, 0, 0, 0, 0, 0, 0, 2, 0, 0, 0, 0]"
6106,59.166.0.8,*,149.171.126.0,64665,*,*,*,"[0, 0, 0, 0, 0, 0, 0, 2, 0, 0, 0, 0, 0]"
6107,59.166.0.8,*,149.171.126.0,22627,*,*,*,"[0, 0, 0, 0, 0, 0, 0, 0, 2, 0, 0, 0, 0]"
6108,59.166.0.8,*,149.171.126.0,4212,*,*,*,"[0, 0, 0, 0, 0, 0, 0, 0, 2, 0, 0, 0, 0]"
6109,59.166.0.8,*,149.171.126.0,45637,*,*,*,"[0, 0, 0, 0, 0, 0, 0, 0, 2, 0, 0, 0, 0]"
6110,59.166.0.8,*,149.171.126.0,8998,*,*,*,"[0, 0, 0, 0, 0, 0, 0, 0, 2, 0, 0, 0, 0]"
6111,59.166.0.8,*,149.171.126.0,22432,*,*,*,"[0, 0, 0, 0, 0, 0, 0, 0, 0, 2, 0, 0, 0]"
6112,59.166.0.8,*,149.171.126.0,46326,*,*,*,"[0, 0, 0, 0, 0, 0, 0, 0, 0, 2, 0, 0, 0]"
6113,59.166.0.8,*,149.171.126.0,46967,*,*,*,"[0, 0, 0, 0, 0, 0, 0, 0, 0, 2, 0, 0, 0]"
6114,59.166.0.8,*,149.171.126.0,16120,*,*,*,"[0, 0, 0, 0, 0, 0, 0, 0, 0, 0, 4, 0, 0]"
6115,59.166.0.8,*,149.171.126.0,34316,*,*,*,"[0, 0, 0, 0, 0, 0, 0, 0, 0, 0, 2, 0, 0]"
6116,59.166.0.8,*,149.171.126.0,43493,*,*,*,"[0, 0, 0, 0, 0, 0, 0, 0, 0, 0, 2, 0, 0]"
6117,59.166.0.8,*,149.171.126.0,53517,*,*,*,"[0, 0, 0, 0, 0, 0, 0, 0, 0, 0, 2, 0, 0]"
6118,59.166.0.8,*,149.171.126.0,62120,*,*,*,"[0, 0, 0, 0, 0, 0, 0, 0, 0, 0, 4, 0, 0]"
6119,59.166.0.8,*,149.171.126.0,64158,*,*,*,"[0, 0, 0, 0, 0, 0, 0, 0, 0, 0, 4, 0, 0]"
6120,59.166.0.8,*,149.171.126.0,22708,*,*,*,"[0, 0, 0, 0, 0, 0, 0, 0, 0, 0, 0, 2, 0]"
6121,59.166.0.8,*,149.171.126.0,10394,*,*,*,"[0, 0, 0, 0, 0, 0, 0, 0, 0, 0, 0, 0, 3]"
6122,59.166.0.8,*,149.171.126.0,13839,*,*,*,"[0, 0, 0, 0, 0, 0, 0, 0, 0, 0, 0, 0, 3]"
6123,59.166.0.8,*,149.171.126.0,19518,*,*,*,"[0, 0, 0, 0, 0, 0, 0, 0, 0, 0, 0, 0, 3]"
6124,59.166.0.8,*,149.171.126.0,26866,*,*,*,"[0, 0, 0, 0, 0, 0, 0, 0, 0, 0, 0, 0, 3]"
6125,59.166.0.8,*,149.171.126.0,32528,*,*,*,"[0, 0, 0, 0, 0, 0, 0, 0, 0, 0, 0, 0, 3]"
6126,59.166.0.8,*,149.171.126.0,50688,*,*,*,"[0, 0, 0, 0, 0, 0, 0, 0, 0, 0, 0, 0, 3]"
6127,59.166.0.8,*,149.171.126.1,111,*,*,*,"[16, 11, 13, 3, 18, 12, 10, 9, 7, 16, 10, 11, 10]"
6128,59.166.0.8,*,149.171.126.1,143,*,*,*,"[8, 6, 11, 6, 7, 10, 3, 5, 8, 10, 5, 7, 7]"
6129,59.166.0.8,*,149.171.126.1,18023,*,*,*,"[2, 0, 0, 0, 0, 0, 0, 0, 0, 0, 0, 0, 0]"
6130,59.166.0.8,*,149.171.126.1,21,*,*,*,"[6, 11, 8, 8, 4, 10, 10, 7, 6, 7, 6, 5, 5]"
6131,59.166.0.8,*,149.171.126.1,22,*,*,*,"[2, 5, 8, 7, 5, 4, 3, 2, 4, 7, 8, 4, 9]"
6132,59.166.0.8,*,149.171.126.1,25,*,*,*,"[9, 9, 22, 10, 4, 10, 9, 9, 9, 10, 7, 13, 9]"
6133,59.166.0.8,*,149.171.126.1,27934,*,*,*,"[2, 0, 0, 0, 0, 0, 0, 0, 0, 0, 0, 0, 0]"
6134,59.166.0.8,*,149.171.126.1,32664,*,*,*,"[2, 0, 0, 0, 0, 0, 0, 0, 0, 0, 0, 0, 0]"
6135,59.166.0.8,*,149.171.126.1,35719,*,*,*,"[2, 0, 0, 0, 0, 0, 0, 0, 0, 0, 0, 0, 0]"
6136,59.166.0.8,*,149.171.126.1,42130,*,*,*,"[2, 0, 0, 0, 0, 0, 0, 0, 0, 0, 0, 0, 0]"
6137,59.166.0.8,*,149.171.126.1,4950,*,*,*,"[2, 0, 0, 0, 0, 0, 0, 0, 0, 0, 0, 0, 0]"
6138,59.166.0.8,*,149.171.126.1,5190,*,*,*,"[13, 15, 12, 15, 9, 16, 27, 11, 16, 23, 21, 19, 16]"
6139,59.166.0.8,*,149.171.126.1,53,*,*,*,"[45, 60, 63, 49, 60, 53, 46, 38, 54, 47, 45, 47, 67]"
6140,59.166.0.8,*,149.171.126.1,6881,*,*,*,"[6, 12, 6, 24, 12, 12, 30, 37, 6, 12, 7, 19, 26]"
6141,59.166.0.8,*,149.171.126.1,80,*,*,*,"[38, 27, 29, 42, 19, 27, 22, 18, 23, 22, 24, 30, 30]"
6142,59.166.0.8,*,149.171.126.1,13142,*,*,*,"[0, 2, 0, 0, 0, 0, 0, 0, 0, 0, 0, 0, 0]"
6143,59.166.0.8,*,149.171.126.1,15843,*,*,*,"[0, 2, 0, 0, 0, 0, 0, 0, 0, 0, 0, 0, 0]"
6144,59.166.0.8,*,149.171.126.1,27976,*,*,*,"[0, 2, 0, 0, 0, 0, 0, 0, 0, 0, 0, 0, 0]"
6145,59.166.0.8,*,149.171.126.1,3062,*,*,*,"[0, 2, 0, 0, 0, 0, 0, 0, 0, 0, 0, 0, 0]"
6146,59.166.0.8,*,149.171.126.1,34463,*,*,*,"[0, 2, 0, 0, 0, 0, 0, 0, 0, 0, 0, 0, 0]"
6147,59.166.0.8,*,149.171.126.1,35397,*,*,*,"[0, 2, 0, 0, 0, 0, 0, 0, 0, 0, 0, 0, 0]"
6148,59.166.0.8,*,149.171.126.1,38395,*,*,*,"[0, 2, 0, 0, 0, 0, 0, 0, 0, 0, 0, 0, 0]"
6149,59.166.0.8,*,149.171.126.1,43267,*,*,*,"[0, 4, 0, 0, 0, 0, 0, 0, 0, 0, 0, 0, 0]"
6150,59.166.0.8,*,149.171.126.1,49198,*,*,*,"[0, 2, 0, 0, 0, 0, 0, 0, 0, 0, 0, 0, 0]"
6151,59.166.0.8,*,149.171.126.1,49607,*,*,*,"[0, 2, 0, 0, 0, 0, 0, 0, 0, 0, 0, 0, 0]"
6152,59.166.0.8,*,149.171.126.1,53862,*,*,*,"[0, 2, 0, 0, 0, 0, 0, 0, 0, 0, 0, 0, 0]"
6153,59.166.0.8,*,149.171.126.1,54867,*,*,*,"[0, 2, 0, 0, 0, 0, 0, 0, 0, 0, 0, 0, 0]"
6154,59.166.0.8,*,149.171.126.1,57753,*,*,*,"[0, 4, 0, 0, 0, 0, 0, 0, 0, 0, 0, 0, 0]"
6155,59.166.0.8,*,149.171.126.1,61834,*,*,*,"[0, 4, 0, 0, 0, 0, 0, 0, 0, 0, 0, 0, 0]"
6156,59.166.0.8,*,149.171.126.1,11680,*,*,*,"[0, 0, 0, 3, 0, 0, 0, 0, 0, 0, 0, 0, 0]"
6157,59.166.0.8,*,149.171.126.1,30639,*,*,*,"[0, 0, 0, 3, 0, 0, 0, 0, 0, 0, 0, 0, 0]"
6158,59.166.0.8,*,149.171.126.1,32912,*,*,*,"[0, 0, 0, 3, 0, 0, 0, 0, 0, 0, 0, 0, 0]"
6159,59.166.0.8,*,149.171.126.1,44685,*,*,*,"[0, 0, 0, 3, 0, 0, 0, 0, 0, 0, 0, 0, 0]"
6160,59.166.0.8,*,149.171.126.1,57588,*,*,*,"[0, 0, 0, 3, 0, 0, 0, 0, 0, 0, 0, 0, 0]"
6161,59.166.0.8,*,149.171.126.1,58003,*,*,*,"[0, 0, 0, 3, 0, 0, 0, 0, 0, 0, 0, 0, 0]"
6162,59.166.0.8,*,149.171.126.1,20048,*,*,*,"[0, 0, 0, 2, 0, 0, 0, 0, 0, 0, 0, 0, 0]"
6163,59.166.0.8,*,149.171.126.1,54131,*,*,*,"[0, 0, 0, 2, 0, 0, 0, 0, 0, 0, 0, 0, 0]"
6164,59.166.0.8,*,149.171.126.1,57521,*,*,*,"[0, 0, 0, 2, 0, 0, 0, 0, 0, 0, 0, 0, 0]"
6165,59.166.0.8,*,149.171.126.1,26373,*,*,*,"[0, 0, 0, 0, 0, 2, 0, 0, 0, 0, 0, 0, 0]"
6166,59.166.0.8,*,149.171.126.1,40239,*,*,*,"[0, 0, 0, 0, 0, 2, 0, 0, 0, 0, 0, 0, 0]"
6167,59.166.0.8,*,149.171.126.1,6517,*,*,*,"[0, 0, 0, 0, 0, 2, 0, 0, 0, 0, 0, 0, 0]"
6168,59.166.0.8,*,149.171.126.1,15489,*,*,*,"[0, 0, 0, 0, 0, 2, 0, 0, 0, 0, 0, 0, 0]"
6169,59.166.0.8,*,149.171.126.1,18292,*,*,*,"[0, 0, 0, 0, 0, 2, 0, 0, 0, 0, 0, 0, 0]"
6170,59.166.0.8,*,149.171.126.1,18741,*,*,*,"[0, 0, 0, 0, 0, 2, 0, 0, 0, 0, 0, 0, 0]"
6171,59.166.0.8,*,149.171.126.1,22481,*,*,*,"[0, 0, 0, 0, 0, 3, 0, 0, 0, 0, 0, 0, 0]"
6172,59.166.0.8,*,149.171.126.1,26869,*,*,*,"[0, 0, 0, 0, 0, 3, 0, 0, 0, 0, 0, 0, 0]"
6173,59.166.0.8,*,149.171.126.1,28875,*,*,*,"[0, 0, 0, 0, 0, 2, 0, 0, 0, 0, 0, 0, 0]"
6174,59.166.0.8,*,149.171.126.1,34138,*,*,*,"[0, 0, 0, 0, 0, 2, 0, 0, 0, 0, 0, 0, 0]"
6175,59.166.0.8,*,149.171.126.1,41018,*,*,*,"[0, 0, 0, 0, 0, 3, 0, 0, 0, 0, 0, 0, 0]"
6176,59.166.0.8,*,149.171.126.1,42523,*,*,*,"[0, 0, 0, 0, 0, 2, 0, 0, 0, 0, 0, 0, 0]"
6177,59.166.0.8,*,149.171.126.1,15419,*,*,*,"[0, 0, 0, 0, 0, 0, 2, 0, 0, 0, 0, 0, 0]"
6178,59.166.0.8,*,149.171.126.1,31861,*,*,*,"[0, 0, 0, 0, 0, 0, 4, 0, 0, 0, 0, 0, 0]"
6179,59.166.0.8,*,149.171.126.1,44463,*,*,*,"[0, 0, 0, 0, 0, 0, 4, 0, 0, 0, 0, 0, 0]"
6180,59.166.0.8,*,149.171.126.1,46556,*,*,*,"[0, 0, 0, 0, 0, 0, 4, 0, 0, 0, 0, 0, 0]"
6181,59.166.0.8,*,149.171.126.1,52639,*,*,*,"[0, 0, 0, 0, 0, 0, 2, 0, 0, 0, 0, 0, 0]"
6182,59.166.0.8,*,149.171.126.1,8051,*,*,*,"[0, 0, 0, 0, 0, 0, 2, 0, 0, 0, 0, 0, 0]"
6183,59.166.0.8,*,149.171.126.1,10397,*,*,*,"[0, 0, 0, 0, 0, 0, 0, 2, 0, 0, 0, 0, 0]"
6184,59.166.0.8,*,149.171.126.1,26416,*,*,*,"[0, 0, 0, 0, 0, 0, 0, 3, 0, 0, 0, 0, 0]"
6185,59.166.0.8,*,149.171.126.1,44321,*,*,*,"[0, 0, 0, 0, 0, 0, 0, 2, 0, 0, 0, 0, 0]"
6186,59.166.0.8,*,149.171.126.1,54484,*,*,*,"[0, 0, 0, 0, 0, 0, 0, 3, 0, 0, 0, 0, 0]"
6187,59.166.0.8,*,149.171.126.1,56658,*,*,*,"[0, 0, 0, 0, 0, 0, 0, 2, 0, 0, 0, 0, 0]"
6188,59.166.0.8,*,149.171.126.1,60641,*,*,*,"[0, 0, 0, 0, 0, 0, 0, 3, 0, 0, 0, 0, 0]"
6189,59.166.0.8,*,149.171.126.1,10198,*,*,*,"[0, 0, 0, 0, 0, 0, 0, 0, 2, 0, 0, 0, 0]"
6190,59.166.0.8,*,149.171.126.1,11460,*,*,*,"[0, 0, 0, 0, 0, 0, 0, 0, 2, 0, 0, 0, 0]"
6191,59.166.0.8,*,149.171.126.1,13455,*,*,*,"[0, 0, 0, 0, 0, 0, 0, 0, 2, 0, 0, 0, 0]"
6192,59.166.0.8,*,149.171.126.1,24196,*,*,*,"[0, 0, 0, 0, 0, 0, 0, 0, 2, 0, 0, 0, 0]"
6193,59.166.0.8,*,149.171.126.1,26631,*,*,*,"[0, 0, 0, 0, 0, 0, 0, 0, 2, 0, 0, 0, 0]"
6194,59.166.0.8,*,149.171.126.1,35231,*,*,*,"[0, 0, 0, 0, 0, 0, 0, 0, 2, 0, 0, 0, 0]"
6195,59.166.0.8,*,149.171.126.1,41643,*,*,*,"[0, 0, 0, 0, 0, 0, 0, 0, 2, 0, 0, 0, 0]"
6196,59.166.0.8,*,149.171.126.1,45637,*,*,*,"[0, 0, 0, 0, 0, 0, 0, 0, 2, 0, 0, 0, 0]"
6197,59.166.0.8,*,149.171.126.1,59699,*,*,*,"[0, 0, 0, 0, 0, 0, 0, 0, 2, 0, 0, 0, 0]"
6198,59.166.0.8,*,149.171.126.1,1906,*,*,*,"[0, 0, 0, 0, 0, 0, 0, 0, 0, 2, 0, 0, 0]"
6199,59.166.0.8,*,149.171.126.1,25031,*,*,*,"[0, 0, 0, 0, 0, 0, 0, 0, 0, 2, 0, 0, 0]"
6200,59.166.0.8,*,149.171.126.1,3038,*,*,*,"[0, 0, 0, 0, 0, 0, 0, 0, 0, 2, 0, 0, 0]"
6201,59.166.0.8,*,149.171.126.1,33513,*,*,*,"[0, 0, 0, 0, 0, 0, 0, 0, 0, 2, 0, 0, 0]"
6202,59.166.0.8,*,149.171.126.1,47628,*,*,*,"[0, 0, 0, 0, 0, 0, 0, 0, 0, 2, 0, 0, 0]"
6203,59.166.0.8,*,149.171.126.1,54587,*,*,*,"[0, 0, 0, 0, 0, 0, 0, 0, 0, 2, 0, 0, 0]"
6204,59.166.0.8,*,149.171.126.1,16120,*,*,*,"[0, 0, 0, 0, 0, 0, 0, 0, 0, 0, 3, 0, 0]"
6205,59.166.0.8,*,149.171.126.1,34316,*,*,*,"[0, 0, 0, 0, 0, 0, 0, 0, 0, 0, 2, 0, 0]"
6206,59.166.0.8,*,149.171.126.1,43493,*,*,*,"[0, 0, 0, 0, 0, 0, 0, 0, 0, 0, 2, 0, 0]"
6207,59.166.0.8,*,149.171.126.1,53517,*,*,*,"[0, 0, 0, 0, 0, 0, 0, 0, 0, 0, 2, 0, 0]"
6208,59.166.0.8,*,149.171.126.1,62120,*,*,*,"[0, 0, 0, 0, 0, 0, 0, 0, 0, 0, 3, 0, 0]"
6209,59.166.0.8,*,149.171.126.1,64158,*,*,*,"[0, 0, 0, 0, 0, 0, 0, 0, 0, 0, 3, 0, 0]"
6210,59.166.0.8,*,149.171.126.1,41227,*,*,*,"[0, 0, 0, 0, 0, 0, 0, 0, 0, 0, 0, 3, 0]"
6211,59.166.0.8,*,149.171.126.1,63238,*,*,*,"[0, 0, 0, 0, 0, 0, 0, 0, 0, 0, 0, 3, 0]"
6212,59.166.0.8,*,149.171.126.1,6786,*,*,*,"[0, 0, 0, 0, 0, 0, 0, 0, 0, 0, 0, 3, 0]"
6213,59.166.0.8,*,149.171.126.1,16398,*,*,*,"[0, 0, 0, 0, 0, 0, 0, 0, 0, 0, 0, 0, 2]"
6214,59.166.0.8,*,149.171.126.1,21133,*,*,*,"[0, 0, 0, 0, 0, 0, 0, 0, 0, 0, 0, 0, 2]"
6215,59.166.0.8,*,149.171.126.1,48182,*,*,*,"[0, 0, 0, 0, 0, 0, 0, 0, 0, 0, 0, 0, 2]"
6216,59.166.0.8,*,149.171.126.1,53740,*,*,*,"[0, 0, 0, 0, 0, 0, 0, 0, 0, 0, 0, 0, 2]"
6217,59.166.0.8,*,149.171.126.1,56959,*,*,*,"[0, 0, 0, 0, 0, 0, 0, 0, 0, 0, 0, 0, 2]"
6218,59.166.0.8,*,149.171.126.1,63753,*,*,*,"[0, 0, 0, 0, 0, 0, 0, 0, 0, 0, 0, 0, 2]"
6219,59.166.0.8,*,149.171.126.2,111,*,*,*,"[9, 14, 14, 5, 12, 6, 11, 6, 10, 14, 9, 13, 20]"
6220,59.166.0.8,*,149.171.126.2,143,*,*,*,"[12, 9, 7, 5, 5, 5, 6, 5, 7, 10, 9, 3, 6]"
6221,59.166.0.8,*,149.171.126.2,18023,*,*,*,"[2, 0, 0, 0, 0, 0, 0, 0, 0, 0, 0, 0, 0]"
6222,59.166.0.8,*,149.171.126.2,21,*,*,*,"[6, 5, 6, 6, 7, 5, 4, 5, 6, 6, 7, 5, 7]"
6223,59.166.0.8,*,149.171.126.2,22,*,*,*,"[9, 5, 5, 15, 9, 12, 2, 4, 7, 5, 7, 11, 3]"
6224,59.166.0.8,*,149.171.126.2,25,*,*,*,"[9, 12, 10, 12, 17, 10, 12, 9, 4, 11, 10, 10, 9]"
6225,59.166.0.8,*,149.171.126.2,32664,*,*,*,"[2, 0, 0, 0, 0, 0, 0, 0, 0, 0, 0, 0, 0]"
6226,59.166.0.8,*,149.171.126.2,46109,*,*,*,"[2, 0, 0, 0, 0, 0, 0, 0, 0, 0, 0, 0, 0]"
6227,59.166.0.8,*,149.171.126.2,4950,*,*,*,"[2, 0, 0, 0, 0, 0, 0, 0, 0, 0, 0, 0, 0]"
6228,59.166.0.8,*,149.171.126.2,5190,*,*,*,"[8, 23, 10, 12, 21, 29, 22, 19, 14, 9, 18, 12, 14]"
6229,59.166.0.8,*,149.171.126.2,53,*,*,*,"[63, 68, 60, 41, 64, 54, 61, 54, 43, 48, 58, 46, 61]"
6230,59.166.0.8,*,149.171.126.2,63666,*,*,*,"[2, 0, 0, 0, 0, 0, 0, 0, 0, 0, 0, 0, 0]"
6231,59.166.0.8,*,149.171.126.2,6881,*,*,*,"[25, 12, 12, 30, 12, 6, 91, 6, 24, 6, 6, 6, 24]"
6232,59.166.0.8,*,149.171.126.2,7315,*,*,*,"[2, 0, 0, 0, 0, 0, 0, 0, 0, 0, 0, 0, 0]"
6233,59.166.0.8,*,149.171.126.2,80,*,*,*,"[27, 31, 22, 28, 28, 33, 26, 16, 25, 11, 27, 21, 37]"
6234,59.166.0.8,*,149.171.126.2,14724,*,*,*,"[0, 2, 0, 0, 0, 0, 0, 0, 0, 0, 0, 0, 0]"
6235,59.166.0.8,*,149.171.126.2,3062,*,*,*,"[0, 2, 0, 0, 0, 0, 0, 0, 0, 0, 0, 0, 0]"
6236,59.166.0.8,*,149.171.126.2,31010,*,*,*,"[0, 2, 0, 0, 0, 0, 0, 0, 0, 0, 0, 0, 0]"
6237,59.166.0.8,*,149.171.126.2,34463,*,*,*,"[0, 2, 0, 0, 0, 0, 0, 0, 0, 0, 0, 0, 0]"
6238,59.166.0.8,*,149.171.126.2,38395,*,*,*,"[0, 2, 0, 0, 0, 0, 0, 0, 0, 0, 0, 0, 0]"
6239,59.166.0.8,*,149.171.126.2,49439,*,*,*,"[0, 2, 0, 0, 0, 0, 0, 0, 0, 0, 0, 0, 0]"
6240,59.166.0.8,*,149.171.126.2,17751,*,*,*,"[0, 0, 2, 0, 0, 0, 0, 0, 0, 0, 0, 0, 0]"
6241,59.166.0.8,*,149.171.126.2,30639,*,*,*,"[0, 0, 2, 0, 0, 0, 0, 0, 0, 0, 0, 0, 0]"
6242,59.166.0.8,*,149.171.126.2,57588,*,*,*,"[0, 0, 2, 0, 0, 0, 0, 0, 0, 0, 0, 0, 0]"
6243,59.166.0.8,*,149.171.126.2,58003,*,*,*,"[0, 0, 2, 0, 0, 0, 0, 0, 0, 0, 0, 0, 0]"
6244,59.166.0.8,*,149.171.126.2,58228,*,*,*,"[0, 0, 2, 0, 0, 0, 0, 0, 0, 0, 0, 0, 0]"
6245,59.166.0.8,*,149.171.126.2,7644,*,*,*,"[0, 0, 2, 0, 0, 0, 0, 0, 0, 0, 0, 0, 0]"
6246,59.166.0.8,*,149.171.126.2,9620,*,*,*,"[0, 0, 2, 0, 0, 0, 0, 0, 0, 0, 0, 0, 0]"
6247,59.166.0.8,*,149.171.126.2,1397,*,*,*,"[0, 0, 0, 2, 0, 0, 0, 0, 0, 0, 0, 0, 0]"
6248,59.166.0.8,*,149.171.126.2,20048,*,*,*,"[0, 0, 0, 2, 0, 0, 0, 0, 0, 0, 0, 0, 0]"
6249,59.166.0.8,*,149.171.126.2,21831,*,*,*,"[0, 0, 0, 2, 0, 0, 0, 0, 0, 0, 0, 0, 0]"
6250,59.166.0.8,*,149.171.126.2,45133,*,*,*,"[0, 0, 0, 2, 0, 0, 0, 0, 0, 0, 0, 0, 0]"
6251,59.166.0.8,*,149.171.126.2,54131,*,*,*,"[0, 0, 0, 2, 0, 0, 0, 0, 0, 0, 0, 0, 0]"
6252,59.166.0.8,*,149.171.126.2,57521,*,*,*,"[0, 0, 0, 2, 0, 0, 0, 0, 0, 0, 0, 0, 0]"
6253,59.166.0.8,*,149.171.126.2,36222,*,*,*,"[0, 0, 0, 0, 2, 0, 0, 0, 0, 0, 0, 0, 0]"
6254,59.166.0.8,*,149.171.126.2,40725,*,*,*,"[0, 0, 0, 0, 2, 0, 0, 0, 0, 0, 0, 0, 0]"
6255,59.166.0.8,*,149.171.126.2,45633,*,*,*,"[0, 0, 0, 0, 2, 0, 0, 0, 0, 0, 0, 0, 0]"
6256,59.166.0.8,*,149.171.126.2,5131,*,*,*,"[0, 0, 0, 0, 2, 0, 0, 0, 0, 0, 0, 0, 0]"
6257,59.166.0.8,*,149.171.126.2,56243,*,*,*,"[0, 0, 0, 0, 2, 0, 0, 0, 0, 0, 0, 0, 0]"
6258,59.166.0.8,*,149.171.126.2,56995,*,*,*,"[0, 0, 0, 0, 2, 0, 0, 0, 0, 0, 0, 0, 0]"
6259,59.166.0.8,*,149.171.126.2,60335,*,*,*,"[0, 0, 0, 0, 2, 0, 0, 0, 0, 0, 0, 0, 0]"
6260,59.166.0.8,*,149.171.126.2,18292,*,*,*,"[0, 0, 0, 0, 0, 2, 0, 0, 0, 0, 0, 0, 0]"
6261,59.166.0.8,*,149.171.126.2,18741,*,*,*,"[0, 0, 0, 0, 0, 2, 0, 0, 0, 0, 0, 0, 0]"
6262,59.166.0.8,*,149.171.126.2,26373,*,*,*,"[0, 0, 0, 0, 0, 2, 0, 0, 0, 0, 0, 0, 0]"
6263,59.166.0.8,*,149.171.126.2,28875,*,*,*,"[0, 0, 0, 0, 0, 2, 0, 0, 0, 0, 0, 0, 0]"
6264,59.166.0.8,*,149.171.126.2,40239,*,*,*,"[0, 0, 0, 0, 0, 2, 0, 0, 0, 0, 0, 0, 0]"
6265,59.166.0.8,*,149.171.126.2,6517,*,*,*,"[0, 0, 0, 0, 0, 2, 0, 0, 0, 0, 0, 0, 0]"
6266,59.166.0.8,*,149.171.126.2,31861,*,*,*,"[0, 0, 0, 0, 0, 0, 2, 0, 0, 0, 0, 0, 0]"
6267,59.166.0.8,*,149.171.126.2,44463,*,*,*,"[0, 0, 0, 0, 0, 0, 2, 0, 0, 0, 0, 0, 0]"
6268,59.166.0.8,*,149.171.126.2,46556,*,*,*,"[0, 0, 0, 0, 0, 0, 2, 0, 0, 0, 0, 0, 0]"
6269,59.166.0.8,*,149.171.126.2,10397,*,*,*,"[0, 0, 0, 0, 0, 0, 0, 0, 2, 0, 0, 0, 0]"
6270,59.166.0.8,*,149.171.126.2,13582,*,*,*,"[0, 0, 0, 0, 0, 0, 0, 2, 0, 0, 0, 0, 0]"
6271,59.166.0.8,*,149.171.126.2,62964,*,*,*,"[0, 0, 0, 0, 0, 0, 0, 2, 0, 0, 0, 0, 0]"
6272,59.166.0.8,*,149.171.126.2,65009,*,*,*,"[0, 0, 0, 0, 0, 0, 0, 2, 0, 0, 0, 0, 0]"
6273,59.166.0.8,*,149.171.126.2,22627,*,*,*,"[0, 0, 0, 0, 0, 0, 0, 0, 3, 0, 0, 0, 0]"
6274,59.166.0.8,*,149.171.126.2,4212,*,*,*,"[0, 0, 0, 0, 0, 0, 0, 0, 3, 0, 0, 0, 0]"
6275,59.166.0.8,*,149.171.126.2,8998,*,*,*,"[0, 0, 0, 0, 0, 0, 0, 0, 3, 0, 0, 0, 0]"
6276,59.166.0.8,*,149.171.126.2,20465,*,*,*,"[0, 0, 0, 0, 0, 0, 0, 0, 0, 2, 0, 0, 0]"
6277,59.166.0.8,*,149.171.126.2,33291,*,*,*,"[0, 0, 0, 0, 0, 0, 0, 0, 0, 2, 0, 0, 0]"
6278,59.166.0.8,*,149.171.126.2,33414,*,*,*,"[0, 0, 0, 0, 0, 0, 0, 0, 0, 2, 0, 0, 0]"
6279,59.166.0.8,*,149.171.126.2,58190,*,*,*,"[0, 0, 0, 0, 0, 0, 0, 0, 0, 2, 0, 0, 0]"
6280,59.166.0.8,*,149.171.126.2,62821,*,*,*,"[0, 0, 0, 0, 0, 0, 0, 0, 0, 2, 0, 0, 0]"
6281,59.166.0.8,*,149.171.126.2,63656,*,*,*,"[0, 0, 0, 0, 0, 0, 0, 0, 0, 2, 0, 0, 0]"
6282,59.166.0.8,*,149.171.126.2,65504,*,*,*,"[0, 0, 0, 0, 0, 0, 0, 0, 0, 2, 0, 0, 0]"
6283,59.166.0.8,*,149.171.126.2,16120,*,*,*,"[0, 0, 0, 0, 0, 0, 0, 0, 0, 0, 3, 0, 0]"
6284,59.166.0.8,*,149.171.126.2,32991,*,*,*,"[0, 0, 0, 0, 0, 0, 0, 0, 0, 0, 2, 0, 0]"
6285,59.166.0.8,*,149.171.126.2,49991,*,*,*,"[0, 0, 0, 0, 0, 0, 0, 0, 0, 0, 2, 0, 0]"
6286,59.166.0.8,*,149.171.126.2,57668,*,*,*,"[0, 0, 0, 0, 0, 0, 0, 0, 0, 0, 2, 0, 0]"
6287,59.166.0.8,*,149.171.126.2,62120,*,*,*,"[0, 0, 0, 0, 0, 0, 0, 0, 0, 0, 3, 0, 0]"
6288,59.166.0.8,*,149.171.126.2,64158,*,*,*,"[0, 0, 0, 0, 0, 0, 0, 0, 0, 0, 3, 0, 0]"
6289,59.166.0.8,*,149.171.126.2,20919,*,*,*,"[0, 0, 0, 0, 0, 0, 0, 0, 0, 0, 0, 2, 0]"
6290,59.166.0.8,*,149.171.126.2,36239,*,*,*,"[0, 0, 0, 0, 0, 0, 0, 0, 0, 0, 0, 2, 0]"
6291,59.166.0.8,*,149.171.126.2,49502,*,*,*,"[0, 0, 0, 0, 0, 0, 0, 0, 0, 0, 0, 2, 0]"
6292,59.166.0.8,*,149.171.126.2,10394,*,*,*,"[0, 0, 0, 0, 0, 0, 0, 0, 0, 0, 0, 0, 2]"
6293,59.166.0.8,*,149.171.126.2,19518,*,*,*,"[0, 0, 0, 0, 0, 0, 0, 0, 0, 0, 0, 0, 2]"
6294,59.166.0.8,*,149.171.126.2,21133,*,*,*,"[0, 0, 0, 0, 0, 0, 0, 0, 0, 0, 0, 0, 3]"
6295,59.166.0.8,*,149.171.126.2,32528,*,*,*,"[0, 0, 0, 0, 0, 0, 0, 0, 0, 0, 0, 0, 2]"
6296,59.166.0.8,*,149.171.126.2,48182,*,*,*,"[0, 0, 0, 0, 0, 0, 0, 0, 0, 0, 0, 0, 3]"
6297,59.166.0.8,*,149.171.126.2,63753,*,*,*,"[0, 0, 0, 0, 0, 0, 0, 0, 0, 0, 0, 0, 3]"
6298,59.166.0.8,*,149.171.126.3,111,*,*,*,"[12, 12, 8, 15, 9, 15, 12, 9, 9, 7, 14, 8, 6]"
6299,59.166.0.8,*,149.171.126.3,143,*,*,*,"[5, 5, 6, 7, 6, 8, 5, 8, 7, 10, 4, 6, 6]"
6300,59.166.0.8,*,149.171.126.3,17087,*,*,*,"[2, 0, 0, 0, 0, 0, 0, 0, 0, 0, 0, 0, 0]"
6301,59.166.0.8,*,149.171.126.3,18023,*,*,*,"[2, 0, 0, 0, 0, 0, 0, 0, 0, 0, 0, 0, 0]"
6302,59.166.0.8,*,149.171.126.3,21,*,*,*,"[12, 0, 4, 5, 11, 0, 9, 6, 6, 5, 6, 8, 10]"
6303,59.166.0.8,*,149.171.126.3,22,*,*,*,"[2, 5, 5, 14, 8, 6, 3, 2, 7, 4, 8, 16, 9]"
6304,59.166.0.8,*,149.171.126.3,25,*,*,*,"[13, 15, 10, 11, 13, 5, 13, 7, 12, 11, 7, 11, 11]"
6305,59.166.0.8,*,149.171.126.3,32664,*,*,*,"[2, 0, 0, 0, 0, 0, 0, 0, 0, 0, 0, 0, 0]"
6306,59.166.0.8,*,149.171.126.3,45548,*,*,*,"[2, 0, 0, 0, 0, 0, 0, 0, 0, 0, 0, 0, 0]"
6307,59.166.0.8,*,149.171.126.3,46109,*,*,*,"[2, 0, 0, 0, 0, 0, 0, 0, 0, 0, 0, 0, 0]"
6308,59.166.0.8,*,149.171.126.3,4950,*,*,*,"[2, 0, 0, 0, 0, 0, 0, 0, 0, 0, 0, 0, 0]"
6309,59.166.0.8,*,149.171.126.3,5190,*,*,*,"[22, 27, 12, 18, 17, 21, 18, 10, 12, 29, 21, 11, 14]"
6310,59.166.0.8,*,149.171.126.3,52796,*,*,*,"[2, 0, 0, 0, 0, 0, 0, 0, 0, 0, 0, 0, 0]"
6311,59.166.0.8,*,149.171.126.3,52801,*,*,*,"[5, 0, 0, 0, 0, 0, 0, 0, 0, 0, 0, 0, 0]"
6312,59.166.0.8,*,149.171.126.3,53,*,*,*,"[59, 60, 42, 61, 61, 44, 48, 47, 56, 35, 58, 53, 61]"
6313,59.166.0.8,*,149.171.126.3,56048,*,*,*,"[5, 0, 0, 0, 0, 0, 0, 0, 0, 0, 0, 0, 0]"
6314,59.166.0.8,*,149.171.126.3,63666,*,*,*,"[2, 0, 0, 0, 0, 0, 0, 0, 0, 0, 0, 0, 0]"
6315,59.166.0.8,*,149.171.126.3,64030,*,*,*,"[5, 0, 0, 0, 0, 0, 0, 0, 0, 0, 0, 0, 0]"
6316,59.166.0.8,*,149.171.126.3,6881,*,*,*,"[12, 0, 12, 48, 18, 6, 60, 24, 0, 12, 0, 6, 36]"
6317,59.166.0.8,*,149.171.126.3,7315,*,*,*,"[2, 0, 0, 0, 0, 0, 0, 0, 0, 0, 0, 0, 0]"
6318,59.166.0.8,*,149.171.126.3,80,*,*,*,"[34, 27, 27, 20, 29, 13, 24, 24, 25, 28, 25, 26, 35]"
6319,59.166.0.8,*,149.171.126.3,30639,*,*,*,"[0, 0, 0, 2, 0, 0, 0, 0, 0, 0, 0, 0, 0]"
6320,59.166.0.8,*,149.171.126.3,57588,*,*,*,"[0, 0, 0, 2, 0, 0, 0, 0, 0, 0, 0, 0, 0]"
6321,59.166.0.8,*,149.171.126.3,58003,*,*,*,"[0, 0, 0, 2, 0, 0, 0, 0, 0, 0, 0, 0, 0]"
6322,59.166.0.8,*,149.171.126.3,12319,*,*,*,"[0, 0, 0, 0, 2, 0, 0, 0, 0, 0, 0, 0, 0]"
6323,59.166.0.8,*,149.171.126.3,12916,*,*,*,"[0, 0, 0, 0, 4, 0, 0, 0, 0, 0, 0, 0, 0]"
6324,59.166.0.8,*,149.171.126.3,24550,*,*,*,"[0, 0, 0, 0, 2, 0, 0, 0, 0, 0, 0, 0, 0]"
6325,59.166.0.8,*,149.171.126.3,29238,*,*,*,"[0, 0, 0, 0, 4, 0, 0, 0, 0, 0, 0, 0, 0]"
6326,59.166.0.8,*,149.171.126.3,33656,*,*,*,"[0, 0, 0, 0, 4, 0, 0, 0, 0, 0, 0, 0, 0]"
6327,59.166.0.8,*,149.171.126.3,34073,*,*,*,"[0, 0, 0, 0, 2, 0, 0, 0, 0, 0, 0, 0, 0]"
6328,59.166.0.8,*,149.171.126.3,36222,*,*,*,"[0, 0, 0, 0, 2, 0, 0, 0, 0, 0, 0, 0, 0]"
6329,59.166.0.8,*,149.171.126.3,42265,*,*,*,"[0, 0, 0, 0, 2, 0, 0, 0, 0, 0, 0, 0, 0]"
6330,59.166.0.8,*,149.171.126.3,45633,*,*,*,"[0, 0, 0, 0, 2, 0, 0, 0, 0, 0, 0, 0, 0]"
6331,59.166.0.8,*,149.171.126.3,45707,*,*,*,"[0, 0, 0, 0, 2, 0, 0, 0, 0, 0, 0, 0, 0]"
6332,59.166.0.8,*,149.171.126.3,5131,*,*,*,"[0, 0, 0, 0, 2, 0, 0, 0, 0, 0, 0, 0, 0]"
6333,59.166.0.8,*,149.171.126.3,5491,*,*,*,"[0, 0, 0, 0, 2, 0, 0, 0, 0, 0, 0, 0, 0]"
6334,59.166.0.8,*,149.171.126.3,56995,*,*,*,"[0, 0, 0, 0, 2, 0, 0, 0, 0, 0, 0, 0, 0]"
6335,59.166.0.8,*,149.171.126.3,31861,*,*,*,"[0, 0, 0, 0, 0, 0, 4, 0, 0, 0, 0, 0, 0]"
6336,59.166.0.8,*,149.171.126.3,44463,*,*,*,"[0, 0, 0, 0, 0, 0, 4, 0, 0, 0, 0, 0, 0]"
6337,59.166.0.8,*,149.171.126.3,46556,*,*,*,"[0, 0, 0, 0, 0, 0, 4, 0, 0, 0, 0, 0, 0]"
6338,59.166.0.8,*,149.171.126.3,41643,*,*,*,"[0, 0, 0, 0, 0, 0, 0, 2, 0, 0, 0, 0, 0]"
6339,59.166.0.8,*,149.171.126.3,45637,*,*,*,"[0, 0, 0, 0, 0, 0, 0, 2, 0, 0, 0, 0, 0]"
6340,59.166.0.8,*,149.171.126.3,59699,*,*,*,"[0, 0, 0, 0, 0, 0, 0, 2, 0, 0, 0, 0, 0]"
6341,59.166.0.8,*,149.171.126.3,10198,*,*,*,"[0, 0, 0, 0, 0, 0, 0, 0, 2, 0, 0, 0, 0]"
6342,59.166.0.8,*,149.171.126.3,22627,*,*,*,"[0, 0, 0, 0, 0, 0, 0, 0, 2, 0, 0, 0, 0]"
6343,59.166.0.8,*,149.171.126.3,24196,*,*,*,"[0, 0, 0, 0, 0, 0, 0, 0, 2, 0, 0, 0, 0]"
6344,59.166.0.8,*,149.171.126.3,35231,*,*,*,"[0, 0, 0, 0, 0, 0, 0, 0, 2, 0, 0, 0, 0]"
6345,59.166.0.8,*,149.171.126.3,4212,*,*,*,"[0, 0, 0, 0, 0, 0, 0, 0, 2, 0, 0, 0, 0]"
6346,59.166.0.8,*,149.171.126.3,8998,*,*,*,"[0, 0, 0, 0, 0, 0, 0, 0, 2, 0, 0, 0, 0]"
6347,59.166.0.8,*,149.171.126.3,1906,*,*,*,"[0, 0, 0, 0, 0, 0, 0, 0, 0, 2, 0, 0, 0]"
6348,59.166.0.8,*,149.171.126.3,3038,*,*,*,"[0, 0, 0, 0, 0, 0, 0, 0, 0, 2, 0, 0, 0]"
6349,59.166.0.8,*,149.171.126.3,54587,*,*,*,"[0, 0, 0, 0, 0, 0, 0, 0, 0, 2, 0, 0, 0]"
6350,59.166.0.8,*,149.171.126.3,34316,*,*,*,"[0, 0, 0, 0, 0, 0, 0, 0, 0, 0, 2, 0, 0]"
6351,59.166.0.8,*,149.171.126.3,43493,*,*,*,"[0, 0, 0, 0, 0, 0, 0, 0, 0, 0, 2, 0, 0]"
6352,59.166.0.8,*,149.171.126.3,44976,*,*,*,"[0, 0, 0, 0, 0, 0, 0, 0, 0, 0, 2, 0, 0]"
6353,59.166.0.8,*,149.171.126.3,45963,*,*,*,"[0, 0, 0, 0, 0, 0, 0, 0, 0, 0, 2, 0, 0]"
6354,59.166.0.8,*,149.171.126.3,53517,*,*,*,"[0, 0, 0, 0, 0, 0, 0, 0, 0, 0, 2, 0, 0]"
6355,59.166.0.8,*,149.171.126.3,58781,*,*,*,"[0, 0, 0, 0, 0, 0, 0, 0, 0, 0, 2, 0, 0]"
6356,59.166.0.8,*,149.171.126.3,13904,*,*,*,"[0, 0, 0, 0, 0, 0, 0, 0, 0, 0, 0, 2, 0]"
6357,59.166.0.8,*,149.171.126.3,25974,*,*,*,"[0, 0, 0, 0, 0, 0, 0, 0, 0, 0, 0, 2, 0]"
6358,59.166.0.8,*,149.171.126.3,36781,*,*,*,"[0, 0, 0, 0, 0, 0, 0, 0, 0, 0, 0, 2, 0]"
6359,59.166.0.8,*,149.171.126.3,41227,*,*,*,"[0, 0, 0, 0, 0, 0, 0, 0, 0, 0, 0, 2, 0]"
6360,59.166.0.8,*,149.171.126.3,55155,*,*,*,"[0, 0, 0, 0, 0, 0, 0, 0, 0, 0, 0, 2, 0]"
6361,59.166.0.8,*,149.171.126.3,56334,*,*,*,"[0, 0, 0, 0, 0, 0, 0, 0, 0, 0, 0, 2, 0]"
6362,59.166.0.8,*,149.171.126.3,56852,*,*,*,"[0, 0, 0, 0, 0, 0, 0, 0, 0, 0, 0, 2, 0]"
6363,59.166.0.8,*,149.171.126.3,63238,*,*,*,"[0, 0, 0, 0, 0, 0, 0, 0, 0, 0, 0, 2, 0]"
6364,59.166.0.8,*,149.171.126.3,6786,*,*,*,"[0, 0, 0, 0, 0, 0, 0, 0, 0, 0, 0, 2, 0]"
6365,59.166.0.8,*,149.171.126.3,10394,*,*,*,"[0, 0, 0, 0, 0, 0, 0, 0, 0, 0, 0, 0, 2]"
6366,59.166.0.8,*,149.171.126.3,13839,*,*,*,"[0, 0, 0, 0, 0, 0, 0, 0, 0, 0, 0, 0, 4]"
6367,59.166.0.8,*,149.171.126.3,16398,*,*,*,"[0, 0, 0, 0, 0, 0, 0, 0, 0, 0, 0, 0, 2]"
6368,59.166.0.8,*,149.171.126.3,19518,*,*,*,"[0, 0, 0, 0, 0, 0, 0, 0, 0, 0, 0, 0, 2]"
6369,59.166.0.8,*,149.171.126.3,21133,*,*,*,"[0, 0, 0, 0, 0, 0, 0, 0, 0, 0, 0, 0, 2]"
6370,59.166.0.8,*,149.171.126.3,26866,*,*,*,"[0, 0, 0, 0, 0, 0, 0, 0, 0, 0, 0, 0, 4]"
6371,59.166.0.8,*,149.171.126.3,32528,*,*,*,"[0, 0, 0, 0, 0, 0, 0, 0, 0, 0, 0, 0, 2]"
6372,59.166.0.8,*,149.171.126.3,48182,*,*,*,"[0, 0, 0, 0, 0, 0, 0, 0, 0, 0, 0, 0, 2]"
6373,59.166.0.8,*,149.171.126.3,50688,*,*,*,"[0, 0, 0, 0, 0, 0, 0, 0, 0, 0, 0, 0, 4]"
6374,59.166.0.8,*,149.171.126.3,53740,*,*,*,"[0, 0, 0, 0, 0, 0, 0, 0, 0, 0, 0, 0, 2]"
6375,59.166.0.8,*,149.171.126.3,56959,*,*,*,"[0, 0, 0, 0, 0, 0, 0, 0, 0, 0, 0, 0, 2]"
6376,59.166.0.8,*,149.171.126.3,63753,*,*,*,"[0, 0, 0, 0, 0, 0, 0, 0, 0, 0, 0, 0, 2]"
6377,59.166.0.8,*,149.171.126.4,111,*,*,*,"[11, 12, 8, 13, 19, 16, 10, 7, 10, 18, 11, 13, 8]"
6378,59.166.0.8,*,149.171.126.4,143,*,*,*,"[7, 10, 4, 8, 8, 5, 7, 7, 9, 4, 6, 5, 8]"
6379,59.166.0.8,*,149.171.126.4,18023,*,*,*,"[3, 0, 0, 0, 0, 0, 0, 0, 0, 0, 0, 0, 0]"
6380,59.166.0.8,*,149.171.126.4,21,*,*,*,"[7, 11, 8, 4, 0, 4, 6, 5, 7, 3, 9, 8, 9]"
6381,59.166.0.8,*,149.171.126.4,22,*,*,*,"[0, 0, 12, 9, 7, 7, 2, 0, 7, 11, 7, 3, 14]"
6382,59.166.0.8,*,149.171.126.4,25,*,*,*,"[4, 9, 12, 15, 15, 9, 7, 11, 7, 11, 13, 7, 12]"
6383,59.166.0.8,*,149.171.126.4,27934,*,*,*,"[2, 0, 0, 0, 0, 0, 0, 0, 0, 0, 0, 0, 0]"
6384,59.166.0.8,*,149.171.126.4,32664,*,*,*,"[3, 0, 0, 0, 0, 0, 0, 0, 0, 0, 0, 0, 0]"
6385,59.166.0.8,*,149.171.126.4,35719,*,*,*,"[2, 0, 0, 0, 0, 0, 0, 0, 0, 0, 0, 0, 0]"
6386,59.166.0.8,*,149.171.126.4,42130,*,*,*,"[2, 0, 0, 0, 0, 0, 0, 0, 0, 0, 0, 0, 0]"
6387,59.166.0.8,*,149.171.126.4,4950,*,*,*,"[3, 0, 0, 0, 0, 0, 0, 0, 0, 0, 0, 0, 0]"
6388,59.166.0.8,*,149.171.126.4,5190,*,*,*,"[25, 17, 23, 17, 10, 14, 21, 8, 10, 24, 12, 14, 8]"
6389,59.166.0.8,*,149.171.126.4,53,*,*,*,"[37, 51, 53, 47, 49, 54, 49, 49, 62, 49, 57, 48, 61]"
6390,59.166.0.8,*,149.171.126.4,6881,*,*,*,"[18, 12, 18, 30, 0, 0, 30, 36, 24, 12, 18, 12, 42]"
6391,59.166.0.8,*,149.171.126.4,80,*,*,*,"[30, 28, 30, 26, 31, 31, 34, 22, 42, 26, 28, 34, 27]"
6392,59.166.0.8,*,149.171.126.4,14724,*,*,*,"[0, 4, 0, 0, 0, 0, 0, 0, 0, 0, 0, 0, 0]"
6393,59.166.0.8,*,149.171.126.4,15843,*,*,*,"[0, 3, 0, 0, 0, 0, 0, 0, 0, 0, 0, 0, 0]"
6394,59.166.0.8,*,149.171.126.4,17751,*,*,*,"[0, 2, 5, 0, 0, 0, 0, 0, 0, 0, 0, 0, 0]"
6395,59.166.0.8,*,149.171.126.4,31010,*,*,*,"[0, 4, 0, 0, 0, 0, 0, 0, 0, 0, 0, 0, 0]"
6396,59.166.0.8,*,149.171.126.4,49198,*,*,*,"[0, 3, 0, 0, 0, 0, 0, 0, 0, 0, 0, 0, 0]"
6397,59.166.0.8,*,149.171.126.4,49439,*,*,*,"[0, 4, 0, 0, 0, 0, 0, 0, 0, 0, 0, 0, 0]"
6398,59.166.0.8,*,149.171.126.4,54867,*,*,*,"[0, 3, 0, 0, 0, 0, 0, 0, 0, 0, 0, 0, 0]"
6399,59.166.0.8,*,149.171.126.4,7644,*,*,*,"[0, 2, 5, 0, 0, 0, 0, 0, 0, 0, 0, 0, 0]"
6400,59.166.0.8,*,149.171.126.4,9620,*,*,*,"[0, 2, 5, 0, 0, 0, 0, 0, 0, 0, 0, 0, 0]"
6401,59.166.0.8,*,149.171.126.4,26927,*,*,*,"[0, 0, 2, 0, 0, 0, 0, 0, 0, 0, 0, 0, 0]"
6402,59.166.0.8,*,149.171.126.4,34484,*,*,*,"[0, 0, 2, 0, 0, 0, 0, 0, 0, 0, 0, 0, 0]"
6403,59.166.0.8,*,149.171.126.4,60997,*,*,*,"[0, 0, 2, 0, 0, 0, 0, 0, 0, 0, 0, 0, 0]"
6404,59.166.0.8,*,149.171.126.4,22088,*,*,*,"[0, 0, 0, 2, 0, 0, 0, 0, 0, 0, 0, 0, 0]"
6405,59.166.0.8,*,149.171.126.4,30639,*,*,*,"[0, 0, 0, 2, 0, 0, 0, 0, 0, 0, 0, 0, 0]"
6406,59.166.0.8,*,149.171.126.4,57588,*,*,*,"[0, 0, 0, 2, 0, 0, 0, 0, 0, 0, 0, 0, 0]"
6407,59.166.0.8,*,149.171.126.4,58003,*,*,*,"[0, 0, 0, 2, 0, 0, 0, 0, 0, 0, 0, 0, 0]"
6408,59.166.0.8,*,149.171.126.4,18292,*,*,*,"[0, 0, 0, 0, 0, 2, 0, 0, 0, 0, 0, 0, 0]"
6409,59.166.0.8,*,149.171.126.4,18741,*,*,*,"[0, 0, 0, 0, 0, 2, 0, 0, 0, 0, 0, 0, 0]"
6410,59.166.0.8,*,149.171.126.4,28875,*,*,*,"[0, 0, 0, 0, 0, 2, 0, 0, 0, 0, 0, 0, 0]"
6411,59.166.0.8,*,149.171.126.4,31861,*,*,*,"[0, 0, 0, 0, 0, 0, 2, 0, 0, 0, 0, 0, 0]"
6412,59.166.0.8,*,149.171.126.4,44463,*,*,*,"[0, 0, 0, 0, 0, 0, 2, 0, 0, 0, 0, 0, 0]"
6413,59.166.0.8,*,149.171.126.4,46556,*,*,*,"[0, 0, 0, 0, 0, 0, 2, 0, 0, 0, 0, 0, 0]"
6414,59.166.0.8,*,149.171.126.4,11460,*,*,*,"[0, 0, 0, 0, 0, 0, 0, 0, 2, 0, 0, 0, 0]"
6415,59.166.0.8,*,149.171.126.4,13455,*,*,*,"[0, 0, 0, 0, 0, 0, 0, 0, 2, 0, 0, 0, 0]"
6416,59.166.0.8,*,149.171.126.4,26631,*,*,*,"[0, 0, 0, 0, 0, 0, 0, 0, 2, 0, 0, 0, 0]"
6417,59.166.0.8,*,149.171.126.4,36106,*,*,*,"[0, 0, 0, 0, 0, 0, 0, 0, 2, 0, 0, 0, 0]"
6418,59.166.0.8,*,149.171.126.4,37612,*,*,*,"[0, 0, 0, 0, 0, 0, 0, 0, 2, 0, 0, 0, 0]"
6419,59.166.0.8,*,149.171.126.4,56854,*,*,*,"[0, 0, 0, 0, 0, 0, 0, 0, 2, 0, 0, 0, 0]"
6420,59.166.0.8,*,149.171.126.4,23815,*,*,*,"[0, 0, 0, 0, 0, 0, 0, 0, 0, 0, 2, 0, 0]"
6421,59.166.0.8,*,149.171.126.4,23898,*,*,*,"[0, 0, 0, 0, 0, 0, 0, 0, 0, 0, 2, 0, 0]"
6422,59.166.0.8,*,149.171.126.4,25885,*,*,*,"[0, 0, 0, 0, 0, 0, 0, 0, 0, 0, 2, 0, 0]"
6423,59.166.0.8,*,149.171.126.4,32991,*,*,*,"[0, 0, 0, 0, 0, 0, 0, 0, 0, 0, 2, 0, 0]"
6424,59.166.0.8,*,149.171.126.4,34316,*,*,*,"[0, 0, 0, 0, 0, 0, 0, 0, 0, 0, 2, 0, 0]"
6425,59.166.0.8,*,149.171.126.4,43493,*,*,*,"[0, 0, 0, 0, 0, 0, 0, 0, 0, 0, 2, 0, 0]"
6426,59.166.0.8,*,149.171.126.4,49991,*,*,*,"[0, 0, 0, 0, 0, 0, 0, 0, 0, 0, 2, 0, 0]"
6427,59.166.0.8,*,149.171.126.4,53517,*,*,*,"[0, 0, 0, 0, 0, 0, 0, 0, 0, 0, 2, 0, 0]"
6428,59.166.0.8,*,149.171.126.4,57668,*,*,*,"[0, 0, 0, 0, 0, 0, 0, 0, 0, 0, 2, 0, 0]"
6429,59.166.0.8,*,149.171.126.4,11513,*,*,*,"[0, 0, 0, 0, 0, 0, 0, 0, 0, 0, 0, 2, 0]"
6430,59.166.0.8,*,149.171.126.4,14575,*,*,*,"[0, 0, 0, 0, 0, 0, 0, 0, 0, 0, 0, 2, 0]"
6431,59.166.0.8,*,149.171.126.4,18583,*,*,*,"[0, 0, 0, 0, 0, 0, 0, 0, 0, 0, 0, 2, 0]"
6432,59.166.0.8,*,149.171.126.4,19056,*,*,*,"[0, 0, 0, 0, 0, 0, 0, 0, 0, 0, 0, 3, 0]"
6433,59.166.0.8,*,149.171.126.4,25974,*,*,*,"[0, 0, 0, 0, 0, 0, 0, 0, 0, 0, 0, 2, 0]"
6434,59.166.0.8,*,149.171.126.4,36781,*,*,*,"[0, 0, 0, 0, 0, 0, 0, 0, 0, 0, 0, 2, 0]"
6435,59.166.0.8,*,149.171.126.4,45717,*,*,*,"[0, 0, 0, 0, 0, 0, 0, 0, 0, 0, 0, 2, 0]"
6436,59.166.0.8,*,149.171.126.4,56614,*,*,*,"[0, 0, 0, 0, 0, 0, 0, 0, 0, 0, 0, 2, 0]"
6437,59.166.0.8,*,149.171.126.4,56852,*,*,*,"[0, 0, 0, 0, 0, 0, 0, 0, 0, 0, 0, 2, 0]"
6438,59.166.0.8,*,149.171.126.4,10394,*,*,*,"[0, 0, 0, 0, 0, 0, 0, 0, 0, 0, 0, 0, 3]"
6439,59.166.0.8,*,149.171.126.4,16398,*,*,*,"[0, 0, 0, 0, 0, 0, 0, 0, 0, 0, 0, 0, 2]"
6440,59.166.0.8,*,149.171.126.4,19518,*,*,*,"[0, 0, 0, 0, 0, 0, 0, 0, 0, 0, 0, 0, 3]"
6441,59.166.0.8,*,149.171.126.4,21133,*,*,*,"[0, 0, 0, 0, 0, 0, 0, 0, 0, 0, 0, 0, 2]"
6442,59.166.0.8,*,149.171.126.4,32528,*,*,*,"[0, 0, 0, 0, 0, 0, 0, 0, 0, 0, 0, 0, 3]"
6443,59.166.0.8,*,149.171.126.4,48182,*,*,*,"[0, 0, 0, 0, 0, 0, 0, 0, 0, 0, 0, 0, 2]"
6444,59.166.0.8,*,149.171.126.4,53740,*,*,*,"[0, 0, 0, 0, 0, 0, 0, 0, 0, 0, 0, 0, 2]"
6445,59.166.0.8,*,149.171.126.4,56959,*,*,*,"[0, 0, 0, 0, 0, 0, 0, 0, 0, 0, 0, 0, 2]"
6446,59.166.0.8,*,149.171.126.4,63753,*,*,*,"[0, 0, 0, 0, 0, 0, 0, 0, 0, 0, 0, 0, 2]"
6447,59.166.0.8,*,149.171.126.5,111,*,*,*,"[20, 13, 15, 9, 14, 15, 11, 11, 11, 10, 15, 10, 16]"
6448,59.166.0.8,*,149.171.126.5,143,*,*,*,"[6, 4, 2, 4, 14, 4, 11, 4, 9, 5, 8, 8, 9]"
6449,59.166.0.8,*,149.171.126.5,17087,*,*,*,"[4, 0, 0, 0, 0, 0, 0, 0, 0, 0, 0, 0, 0]"
6450,59.166.0.8,*,149.171.126.5,21,*,*,*,"[7, 5, 6, 2, 5, 7, 0, 4, 5, 4, 7, 7, 4]"
6451,59.166.0.8,*,149.171.126.5,22,*,*,*,"[8, 4, 3, 16, 7, 12, 3, 6, 0, 6, 8, 6, 9]"
6452,59.166.0.8,*,149.171.126.5,25,*,*,*,"[15, 9, 15, 10, 13, 9, 13, 7, 16, 11, 11, 9, 12]"
6453,59.166.0.8,*,149.171.126.5,45548,*,*,*,"[4, 0, 0, 0, 0, 0, 0, 0, 0, 0, 0, 0, 0]"
6454,59.166.0.8,*,149.171.126.5,5190,*,*,*,"[17, 23, 15, 17, 17, 12, 18, 14, 12, 20, 16, 9, 20]"
6455,59.166.0.8,*,149.171.126.5,52796,*,*,*,"[4, 0, 0, 0, 0, 0, 0, 0, 0, 0, 0, 0, 0]"
6456,59.166.0.8,*,149.171.126.5,53,*,*,*,"[54, 58, 48, 48, 48, 63, 68, 47, 44, 35, 49, 48, 48]"
6457,59.166.0.8,*,149.171.126.5,6881,*,*,*,"[12, 18, 6, 24, 24, 12, 30, 36, 19, 6, 6, 0, 30]"
6458,59.166.0.8,*,149.171.126.5,80,*,*,*,"[28, 28, 29, 29, 28, 19, 35, 15, 24, 30, 19, 21, 35]"
6459,59.166.0.8,*,149.171.126.5,15843,*,*,*,"[0, 2, 0, 0, 0, 0, 0, 0, 0, 0, 0, 0, 0]"
6460,59.166.0.8,*,149.171.126.5,49198,*,*,*,"[0, 2, 0, 0, 0, 0, 0, 0, 0, 0, 0, 0, 0]"
6461,59.166.0.8,*,149.171.126.5,54867,*,*,*,"[0, 2, 0, 0, 0, 0, 0, 0, 0, 0, 0, 0, 0]"
6462,59.166.0.8,*,149.171.126.5,64665,*,*,*,"[0, 0, 0, 0, 0, 0, 0, 2, 0, 0, 0, 0, 0]"
6463,59.166.0.8,*,149.171.126.5,1254,*,*,*,"[0, 0, 2, 0, 0, 0, 0, 0, 0, 0, 0, 0, 0]"
6464,59.166.0.8,*,149.171.126.5,25409,*,*,*,"[0, 0, 2, 0, 0, 0, 0, 0, 0, 0, 0, 0, 0]"
6465,59.166.0.8,*,149.171.126.5,3208,*,*,*,"[0, 0, 2, 0, 0, 0, 0, 0, 0, 0, 0, 0, 0]"
6466,59.166.0.8,*,149.171.126.5,32547,*,*,*,"[0, 0, 2, 0, 0, 0, 0, 0, 0, 0, 0, 0, 0]"
6467,59.166.0.8,*,149.171.126.5,34154,*,*,*,"[0, 0, 2, 0, 0, 0, 0, 0, 0, 0, 0, 0, 0]"
6468,59.166.0.8,*,149.171.126.5,61745,*,*,*,"[0, 0, 2, 0, 0, 0, 0, 0, 0, 0, 0, 0, 0]"
6469,59.166.0.8,*,149.171.126.5,1397,*,*,*,"[0, 0, 0, 2, 0, 0, 0, 0, 0, 0, 0, 0, 0]"
6470,59.166.0.8,*,149.171.126.5,21831,*,*,*,"[0, 0, 0, 2, 0, 0, 0, 0, 0, 0, 0, 0, 0]"
6471,59.166.0.8,*,149.171.126.5,45133,*,*,*,"[0, 0, 0, 2, 0, 0, 0, 0, 0, 0, 0, 0, 0]"
6472,59.166.0.8,*,149.171.126.5,11821,*,*,*,"[0, 0, 0, 0, 3, 0, 0, 0, 0, 0, 0, 0, 0]"
6473,59.166.0.8,*,149.171.126.5,15171,*,*,*,"[0, 0, 0, 0, 3, 0, 0, 0, 0, 0, 0, 0, 0]"
6474,59.166.0.8,*,149.171.126.5,17268,*,*,*,"[0, 0, 0, 0, 3, 0, 0, 0, 0, 0, 0, 0, 0]"
6475,59.166.0.8,*,149.171.126.5,3485,*,*,*,"[0, 0, 0, 0, 2, 0, 0, 0, 0, 0, 0, 0, 0]"
6476,59.166.0.8,*,149.171.126.5,18292,*,*,*,"[0, 0, 0, 0, 0, 2, 0, 0, 0, 0, 0, 0, 0]"
6477,59.166.0.8,*,149.171.126.5,18741,*,*,*,"[0, 0, 0, 0, 0, 2, 0, 0, 0, 0, 0, 0, 0]"
6478,59.166.0.8,*,149.171.126.5,28875,*,*,*,"[0, 0, 0, 0, 0, 2, 0, 0, 0, 0, 0, 0, 0]"
6479,59.166.0.8,*,149.171.126.5,43825,*,*,*,"[0, 0, 0, 0, 0, 3, 0, 0, 0, 0, 0, 0, 0]"
6480,59.166.0.8,*,149.171.126.5,50827,*,*,*,"[0, 0, 0, 0, 0, 3, 0, 0, 0, 0, 0, 0, 0]"
6481,59.166.0.8,*,149.171.126.5,60894,*,*,*,"[0, 0, 0, 0, 0, 3, 0, 0, 0, 0, 0, 0, 0]"
6482,59.166.0.8,*,149.171.126.5,26416,*,*,*,"[0, 0, 0, 0, 0, 0, 0, 2, 0, 0, 0, 0, 0]"
6483,59.166.0.8,*,149.171.126.5,54475,*,*,*,"[0, 0, 0, 0, 0, 0, 0, 2, 0, 0, 0, 0, 0]"
6484,59.166.0.8,*,149.171.126.5,54484,*,*,*,"[0, 0, 0, 0, 0, 0, 0, 2, 0, 0, 0, 0, 0]"
6485,59.166.0.8,*,149.171.126.5,55348,*,*,*,"[0, 0, 0, 0, 0, 0, 0, 2, 0, 0, 0, 0, 0]"
6486,59.166.0.8,*,149.171.126.5,60641,*,*,*,"[0, 0, 0, 0, 0, 0, 0, 2, 0, 0, 0, 0, 0]"
6487,59.166.0.8,*,149.171.126.5,22627,*,*,*,"[0, 0, 0, 0, 0, 0, 0, 0, 3, 0, 0, 0, 0]"
6488,59.166.0.8,*,149.171.126.5,4212,*,*,*,"[0, 0, 0, 0, 0, 0, 0, 0, 3, 0, 0, 0, 0]"
6489,59.166.0.8,*,149.171.126.5,8998,*,*,*,"[0, 0, 0, 0, 0, 0, 0, 0, 3, 0, 0, 0, 0]"
6490,59.166.0.8,*,149.171.126.5,22432,*,*,*,"[0, 0, 0, 0, 0, 0, 0, 0, 0, 2, 0, 0, 0]"
6491,59.166.0.8,*,149.171.126.5,46326,*,*,*,"[0, 0, 0, 0, 0, 0, 0, 0, 0, 2, 0, 0, 0]"
6492,59.166.0.8,*,149.171.126.5,46967,*,*,*,"[0, 0, 0, 0, 0, 0, 0, 0, 0, 2, 0, 0, 0]"
6493,59.166.0.8,*,149.171.126.5,13761,*,*,*,"[0, 0, 0, 0, 0, 0, 0, 0, 0, 0, 2, 0, 0]"
6494,59.166.0.8,*,149.171.126.5,31484,*,*,*,"[0, 0, 0, 0, 0, 0, 0, 0, 0, 0, 2, 0, 0]"
6495,59.166.0.8,*,149.171.126.5,38033,*,*,*,"[0, 0, 0, 0, 0, 0, 0, 0, 0, 0, 2, 0, 0]"
6496,59.166.0.8,*,149.171.126.5,25974,*,*,*,"[0, 0, 0, 0, 0, 0, 0, 0, 0, 0, 0, 3, 0]"
6497,59.166.0.8,*,149.171.126.5,36781,*,*,*,"[0, 0, 0, 0, 0, 0, 0, 0, 0, 0, 0, 3, 0]"
6498,59.166.0.8,*,149.171.126.5,56852,*,*,*,"[0, 0, 0, 0, 0, 0, 0, 0, 0, 0, 0, 3, 0]"
6499,59.166.0.8,*,149.171.126.6,111,*,*,*,"[10, 11, 11, 6, 10, 16, 12, 7, 12, 14, 12, 13, 12]"
6500,59.166.0.8,*,149.171.126.6,143,*,*,*,"[6, 2, 5, 10, 7, 4, 6, 5, 8, 6, 8, 6, 6]"
6501,59.166.0.8,*,149.171.126.6,21,*,*,*,"[5, 3, 6, 4, 6, 5, 8, 2, 5, 13, 8, 5, 5]"
6502,59.166.0.8,*,149.171.126.6,22,*,*,*,"[3, 6, 8, 15, 6, 11, 2, 0, 3, 8, 9, 7, 13]"
6503,59.166.0.8,*,149.171.126.6,25,*,*,*,"[15, 20, 6, 12, 15, 10, 9, 11, 10, 7, 11, 8, 14]"
6504,59.166.0.8,*,149.171.126.6,27934,*,*,*,"[2, 0, 0, 0, 0, 0, 0, 0, 0, 0, 0, 0, 0]"
6505,59.166.0.8,*,149.171.126.6,35719,*,*,*,"[2, 0, 0, 0, 0, 0, 0, 0, 0, 0, 0, 0, 0]"
6506,59.166.0.8,*,149.171.126.6,42130,*,*,*,"[2, 0, 0, 0, 0, 0, 0, 0, 0, 0, 0, 0, 0]"
6507,59.166.0.8,*,149.171.126.6,5190,*,*,*,"[20, 22, 19, 13, 18, 24, 15, 9, 14, 19, 22, 12, 13]"
6508,59.166.0.8,*,149.171.126.6,53,*,*,*,"[63, 42, 56, 65, 48, 35, 49, 41, 53, 51, 42, 42, 67]"
6509,59.166.0.8,*,149.171.126.6,6881,*,*,*,"[12, 0, 12, 36, 36, 42, 75, 25, 18, 0, 0, 6, 30]"
6510,59.166.0.8,*,149.171.126.6,80,*,*,*,"[21, 33, 26, 22, 23, 23, 35, 20, 28, 33, 32, 29, 31]"
6511,59.166.0.8,*,149.171.126.6,17751,*,*,*,"[0, 0, 3, 0, 0, 0, 0, 0, 0, 0, 0, 0, 0]"
6512,59.166.0.8,*,149.171.126.6,7644,*,*,*,"[0, 0, 3, 0, 0, 0, 0, 0, 0, 0, 0, 0, 0]"
6513,59.166.0.8,*,149.171.126.6,9620,*,*,*,"[0, 0, 3, 0, 0, 0, 0, 0, 0, 0, 0, 0, 0]"
6514,59.166.0.8,*,149.171.126.6,11680,*,*,*,"[0, 0, 0, 3, 0, 0, 0, 0, 0, 0, 0, 0, 0]"
6515,59.166.0.8,*,149.171.126.6,32912,*,*,*,"[0, 0, 0, 3, 0, 0, 0, 0, 0, 0, 0, 0, 0]"
6516,59.166.0.8,*,149.171.126.6,44685,*,*,*,"[0, 0, 0, 3, 0, 0, 0, 0, 0, 0, 0, 0, 0]"
6517,59.166.0.8,*,149.171.126.6,12916,*,*,*,"[0, 0, 0, 0, 2, 0, 0, 0, 0, 0, 0, 0, 0]"
6518,59.166.0.8,*,149.171.126.6,29238,*,*,*,"[0, 0, 0, 0, 2, 0, 0, 0, 0, 0, 0, 0, 0]"
6519,59.166.0.8,*,149.171.126.6,33656,*,*,*,"[0, 0, 0, 0, 2, 0, 0, 0, 0, 0, 0, 0, 0]"
6520,59.166.0.8,*,149.171.126.6,36222,*,*,*,"[0, 0, 0, 0, 2, 0, 0, 0, 0, 0, 0, 0, 0]"
6521,59.166.0.8,*,149.171.126.6,5131,*,*,*,"[0, 0, 0, 0, 2, 0, 0, 0, 0, 0, 0, 0, 0]"
6522,59.166.0.8,*,149.171.126.6,56995,*,*,*,"[0, 0, 0, 0, 2, 0, 0, 0, 0, 0, 0, 0, 0]"
6523,59.166.0.8,*,149.171.126.6,1483,*,*,*,"[0, 0, 0, 0, 0, 2, 0, 0, 0, 0, 0, 0, 0]"
6524,59.166.0.8,*,149.171.126.6,25349,*,*,*,"[0, 0, 0, 0, 0, 2, 2, 0, 0, 0, 0, 0, 0]"
6525,59.166.0.8,*,149.171.126.6,26373,*,*,*,"[0, 0, 0, 0, 0, 2, 0, 0, 0, 0, 0, 0, 0]"
6526,59.166.0.8,*,149.171.126.6,38225,*,*,*,"[0, 0, 0, 0, 0, 2, 2, 0, 0, 0, 0, 0, 0]"
6527,59.166.0.8,*,149.171.126.6,52431,*,*,*,"[0, 0, 0, 0, 0, 2, 2, 0, 0, 0, 0, 0, 0]"
6528,59.166.0.8,*,149.171.126.6,31861,*,*,*,"[0, 0, 0, 0, 0, 0, 2, 0, 0, 0, 0, 0, 0]"
6529,59.166.0.8,*,149.171.126.6,44463,*,*,*,"[0, 0, 0, 0, 0, 0, 2, 0, 0, 0, 0, 0, 0]"
6530,59.166.0.8,*,149.171.126.6,46556,*,*,*,"[0, 0, 0, 0, 0, 0, 2, 0, 0, 0, 0, 0, 0]"
6531,59.166.0.8,*,149.171.126.6,10198,*,*,*,"[0, 0, 0, 0, 0, 0, 0, 0, 2, 0, 0, 0, 0]"
6532,59.166.0.8,*,149.171.126.6,20465,*,*,*,"[0, 0, 0, 0, 0, 0, 0, 0, 0, 2, 0, 0, 0]"
6533,59.166.0.8,*,149.171.126.6,24196,*,*,*,"[0, 0, 0, 0, 0, 0, 0, 0, 2, 0, 0, 0, 0]"
6534,59.166.0.8,*,149.171.126.6,33291,*,*,*,"[0, 0, 0, 0, 0, 0, 0, 0, 0, 2, 0, 0, 0]"
6535,59.166.0.8,*,149.171.126.6,35231,*,*,*,"[0, 0, 0, 0, 0, 0, 0, 0, 2, 0, 0, 0, 0]"
6536,59.166.0.8,*,149.171.126.6,58190,*,*,*,"[0, 0, 0, 0, 0, 0, 0, 0, 0, 2, 0, 0, 0]"
6537,59.166.0.8,*,149.171.126.6,22432,*,*,*,"[0, 0, 0, 0, 0, 0, 0, 0, 0, 2, 0, 0, 0]"
6538,59.166.0.8,*,149.171.126.6,25031,*,*,*,"[0, 0, 0, 0, 0, 0, 0, 0, 0, 2, 0, 0, 0]"
6539,59.166.0.8,*,149.171.126.6,33513,*,*,*,"[0, 0, 0, 0, 0, 0, 0, 0, 0, 2, 0, 0, 0]"
6540,59.166.0.8,*,149.171.126.6,46326,*,*,*,"[0, 0, 0, 0, 0, 0, 0, 0, 0, 2, 0, 0, 0]"
6541,59.166.0.8,*,149.171.126.6,46967,*,*,*,"[0, 0, 0, 0, 0, 0, 0, 0, 0, 2, 0, 0, 0]"
6542,59.166.0.8,*,149.171.126.6,47628,*,*,*,"[0, 0, 0, 0, 0, 0, 0, 0, 0, 2, 0, 0, 0]"
6543,59.166.0.8,*,149.171.126.6,62821,*,*,*,"[0, 0, 0, 0, 0, 0, 0, 0, 0, 6, 0, 0, 0]"
6544,59.166.0.8,*,149.171.126.6,63656,*,*,*,"[0, 0, 0, 0, 0, 0, 0, 0, 0, 6, 0, 0, 0]"
6545,59.166.0.8,*,149.171.126.6,65504,*,*,*,"[0, 0, 0, 0, 0, 0, 0, 0, 0, 6, 0, 0, 0]"
6546,59.166.0.8,*,149.171.126.6,16120,*,*,*,"[0, 0, 0, 0, 0, 0, 0, 0, 0, 0, 2, 0, 0]"
6547,59.166.0.8,*,149.171.126.6,23815,*,*,*,"[0, 0, 0, 0, 0, 0, 0, 0, 0, 0, 2, 0, 0]"
6548,59.166.0.8,*,149.171.126.6,23898,*,*,*,"[0, 0, 0, 0, 0, 0, 0, 0, 0, 0, 2, 0, 0]"
6549,59.166.0.8,*,149.171.126.6,25885,*,*,*,"[0, 0, 0, 0, 0, 0, 0, 0, 0, 0, 2, 0, 0]"
6550,59.166.0.8,*,149.171.126.6,32991,*,*,*,"[0, 0, 0, 0, 0, 0, 0, 0, 0, 0, 3, 0, 0]"
6551,59.166.0.8,*,149.171.126.6,49991,*,*,*,"[0, 0, 0, 0, 0, 0, 0, 0, 0, 0, 3, 0, 0]"
6552,59.166.0.8,*,149.171.126.6,57668,*,*,*,"[0, 0, 0, 0, 0, 0, 0, 0, 0, 0, 3, 0, 0]"
6553,59.166.0.8,*,149.171.126.6,62120,*,*,*,"[0, 0, 0, 0, 0, 0, 0, 0, 0, 0, 2, 0, 0]"
6554,59.166.0.8,*,149.171.126.6,64158,*,*,*,"[0, 0, 0, 0, 0, 0, 0, 0, 0, 0, 2, 0, 0]"
6555,59.166.0.8,*,149.171.126.6,11513,*,*,*,"[0, 0, 0, 0, 0, 0, 0, 0, 0, 0, 0, 2, 0]"
6556,59.166.0.8,*,149.171.126.6,19056,*,*,*,"[0, 0, 0, 0, 0, 0, 0, 0, 0, 0, 0, 2, 0]"
6557,59.166.0.8,*,149.171.126.6,25974,*,*,*,"[0, 0, 0, 0, 0, 0, 0, 0, 0, 0, 0, 2, 0]"
6558,59.166.0.8,*,149.171.126.6,36781,*,*,*,"[0, 0, 0, 0, 0, 0, 0, 0, 0, 0, 0, 2, 0]"
6559,59.166.0.8,*,149.171.126.6,56614,*,*,*,"[0, 0, 0, 0, 0, 0, 0, 0, 0, 0, 0, 2, 0]"
6560,59.166.0.8,*,149.171.126.6,56852,*,*,*,"[0, 0, 0, 0, 0, 0, 0, 0, 0, 0, 0, 2, 0]"
6561,59.166.0.8,*,149.171.126.6,13839,*,*,*,"[0, 0, 0, 0, 0, 0, 0, 0, 0, 0, 0, 0, 2]"
6562,59.166.0.8,*,149.171.126.6,26866,*,*,*,"[0, 0, 0, 0, 0, 0, 0, 0, 0, 0, 0, 0, 2]"
6563,59.166.0.8,*,149.171.126.6,50688,*,*,*,"[0, 0, 0, 0, 0, 0, 0, 0, 0, 0, 0, 0, 2]"
6564,59.166.0.8,*,149.171.126.7,111,*,*,*,"[12, 8, 14, 9, 15, 14, 11, 7, 9, 7, 12, 10, 14]"
6565,59.166.0.8,*,149.171.126.7,143,*,*,*,"[5, 8, 8, 5, 8, 6, 6, 5, 4, 0, 8, 6, 7]"
6566,59.166.0.8,*,149.171.126.7,18023,*,*,*,"[2, 0, 0, 0, 0, 0, 0, 0, 0, 0, 0, 0, 0]"
6567,59.166.0.8,*,149.171.126.7,21,*,*,*,"[3, 6, 11, 4, 9, 5, 6, 3, 2, 3, 7, 6, 6]"
6568,59.166.0.8,*,149.171.126.7,22,*,*,*,"[3, 0, 5, 17, 10, 5, 0, 2, 2, 8, 2, 9, 9]"
6569,59.166.0.8,*,149.171.126.7,25,*,*,*,"[11, 13, 11, 8, 12, 10, 9, 7, 11, 12, 13, 7, 9]"
6570,59.166.0.8,*,149.171.126.7,32664,*,*,*,"[2, 0, 0, 0, 0, 0, 0, 0, 0, 0, 0, 0, 0]"
6571,59.166.0.8,*,149.171.126.7,38395,*,*,*,"[0, 2, 0, 0, 0, 0, 0, 0, 0, 0, 0, 0, 0]"
6572,59.166.0.8,*,149.171.126.7,4950,*,*,*,"[2, 0, 0, 0, 0, 0, 0, 0, 0, 0, 0, 0, 0]"
6573,59.166.0.8,*,149.171.126.7,5190,*,*,*,"[20, 20, 10, 10, 12, 19, 22, 14, 18, 25, 17, 10, 20]"
6574,59.166.0.8,*,149.171.126.7,53,*,*,*,"[45, 46, 60, 49, 49, 52, 37, 33, 60, 47, 52, 64, 74]"
6575,59.166.0.8,*,149.171.126.7,80,*,*,*,"[28, 22, 27, 21, 21, 34, 26, 31, 23, 24, 20, 28, 40]"
6576,59.166.0.8,*,149.171.126.7,14724,*,*,*,"[0, 2, 0, 0, 0, 0, 0, 0, 0, 0, 0, 0, 0]"
6577,59.166.0.8,*,149.171.126.7,15843,*,*,*,"[0, 2, 0, 0, 0, 0, 0, 0, 0, 0, 0, 0, 0]"
6578,59.166.0.8,*,149.171.126.7,2969,*,*,*,"[0, 2, 0, 0, 0, 0, 0, 0, 0, 0, 0, 0, 0]"
6579,59.166.0.8,*,149.171.126.7,3062,*,*,*,"[0, 2, 0, 0, 0, 0, 0, 0, 0, 0, 0, 0, 0]"
6580,59.166.0.8,*,149.171.126.7,31010,*,*,*,"[0, 2, 0, 0, 0, 0, 0, 0, 0, 0, 0, 0, 0]"
6581,59.166.0.8,*,149.171.126.7,34463,*,*,*,"[0, 2, 0, 0, 0, 0, 0, 0, 0, 0, 0, 0, 0]"
6582,59.166.0.8,*,149.171.126.7,4089,*,*,*,"[0, 2, 0, 0, 0, 0, 0, 0, 0, 0, 0, 0, 0]"
6583,59.166.0.8,*,149.171.126.7,49198,*,*,*,"[0, 2, 0, 0, 0, 0, 0, 0, 0, 0, 0, 0, 0]"
6584,59.166.0.8,*,149.171.126.7,49439,*,*,*,"[0, 2, 0, 0, 0, 0, 0, 0, 0, 0, 0, 0, 0]"
6585,59.166.0.8,*,149.171.126.7,54867,*,*,*,"[0, 2, 0, 0, 0, 0, 0, 0, 0, 0, 0, 0, 0]"
6586,59.166.0.8,*,149.171.126.7,1254,*,*,*,"[0, 0, 3, 0, 0, 0, 0, 0, 0, 0, 0, 0, 0]"
6587,59.166.0.8,*,149.171.126.7,14987,*,*,*,"[0, 0, 2, 0, 0, 0, 0, 0, 0, 0, 0, 0, 0]"
6588,59.166.0.8,*,149.171.126.7,26927,*,*,*,"[0, 0, 4, 0, 0, 0, 0, 0, 0, 0, 0, 0, 0]"
6589,59.166.0.8,*,149.171.126.7,2869,*,*,*,"[0, 0, 2, 0, 0, 0, 0, 0, 0, 0, 0, 0, 0]"
6590,59.166.0.8,*,149.171.126.7,3398,*,*,*,"[0, 0, 2, 0, 0, 0, 0, 0, 0, 0, 0, 0, 0]"
6591,59.166.0.8,*,149.171.126.7,34154,*,*,*,"[0, 0, 3, 0, 0, 0, 0, 0, 0, 0, 0, 0, 0]"
6592,59.166.0.8,*,149.171.126.7,34484,*,*,*,"[0, 0, 4, 0, 0, 0, 0, 0, 0, 0, 0, 0, 0]"
6593,59.166.0.8,*,149.171.126.7,60997,*,*,*,"[0, 0, 4, 0, 0, 0, 0, 0, 0, 0, 0, 0, 0]"
6594,59.166.0.8,*,149.171.126.7,61745,*,*,*,"[0, 0, 3, 0, 0, 0, 0, 0, 0, 0, 0, 0, 0]"
6595,59.166.0.8,*,149.171.126.7,6881,*,*,*,"[0, 0, 12, 24, 6, 31, 24, 49, 12, 12, 0, 6, 18]"
6596,59.166.0.8,*,149.171.126.7,30639,*,*,*,"[0, 0, 0, 3, 0, 0, 0, 0, 0, 0, 0, 0, 0]"
6597,59.166.0.8,*,149.171.126.7,57588,*,*,*,"[0, 0, 0, 3, 0, 0, 0, 0, 0, 0, 0, 0, 0]"
6598,59.166.0.8,*,149.171.126.7,58003,*,*,*,"[0, 0, 0, 3, 0, 0, 0, 0, 0, 0, 0, 0, 0]"
6599,59.166.0.8,*,149.171.126.7,11821,*,*,*,"[0, 0, 0, 0, 4, 0, 0, 0, 0, 0, 0, 0, 0]"
6600,59.166.0.8,*,149.171.126.7,15171,*,*,*,"[0, 0, 0, 0, 4, 0, 0, 0, 0, 0, 0, 0, 0]"
6601,59.166.0.8,*,149.171.126.7,16251,*,*,*,"[0, 0, 0, 0, 2, 0, 0, 0, 0, 0, 0, 0, 0]"
6602,59.166.0.8,*,149.171.126.7,17268,*,*,*,"[0, 0, 0, 0, 4, 0, 0, 0, 0, 0, 0, 0, 0]"
6603,59.166.0.8,*,149.171.126.7,26275,*,*,*,"[0, 0, 0, 0, 2, 0, 0, 0, 0, 0, 0, 0, 0]"
6604,59.166.0.8,*,149.171.126.7,5131,*,*,*,"[0, 0, 0, 0, 2, 0, 0, 0, 0, 0, 0, 0, 0]"
6605,59.166.0.8,*,149.171.126.7,22481,*,*,*,"[0, 0, 0, 0, 0, 2, 0, 0, 0, 0, 0, 0, 0]"
6606,59.166.0.8,*,149.171.126.7,26869,*,*,*,"[0, 0, 0, 0, 0, 2, 0, 0, 0, 0, 0, 0, 0]"
6607,59.166.0.8,*,149.171.126.7,41018,*,*,*,"[0, 0, 0, 0, 0, 2, 0, 0, 0, 0, 0, 0, 0]"
6608,59.166.0.8,*,149.171.126.7,15419,*,*,*,"[0, 0, 0, 0, 0, 0, 2, 0, 0, 0, 0, 0, 0]"
6609,59.166.0.8,*,149.171.126.7,52639,*,*,*,"[0, 0, 0, 0, 0, 0, 2, 0, 0, 0, 0, 0, 0]"
6610,59.166.0.8,*,149.171.126.7,8051,*,*,*,"[0, 0, 0, 0, 0, 0, 2, 0, 0, 0, 0, 0, 0]"
6611,59.166.0.8,*,149.171.126.7,17562,*,*,*,"[0, 0, 0, 0, 0, 0, 0, 2, 0, 0, 0, 0, 0]"
6612,59.166.0.8,*,149.171.126.7,58238,*,*,*,"[0, 0, 0, 0, 0, 0, 0, 2, 0, 0, 0, 0, 0]"
6613,59.166.0.8,*,149.171.126.7,63870,*,*,*,"[0, 0, 0, 0, 0, 0, 0, 2, 0, 0, 0, 0, 0]"
6614,59.166.0.8,*,149.171.126.7,62821,*,*,*,"[0, 0, 0, 0, 0, 0, 0, 0, 0, 2, 0, 0, 0]"
6615,59.166.0.8,*,149.171.126.7,63656,*,*,*,"[0, 0, 0, 0, 0, 0, 0, 0, 0, 2, 0, 0, 0]"
6616,59.166.0.8,*,149.171.126.7,65504,*,*,*,"[0, 0, 0, 0, 0, 0, 0, 0, 0, 2, 0, 0, 0]"
6617,59.166.0.8,*,149.171.126.7,32991,*,*,*,"[0, 0, 0, 0, 0, 0, 0, 0, 0, 0, 2, 0, 0]"
6618,59.166.0.8,*,149.171.126.7,44976,*,*,*,"[0, 0, 0, 0, 0, 0, 0, 0, 0, 0, 2, 0, 0]"
6619,59.166.0.8,*,149.171.126.7,45963,*,*,*,"[0, 0, 0, 0, 0, 0, 0, 0, 0, 0, 2, 0, 0]"
6620,59.166.0.8,*,149.171.126.7,49991,*,*,*,"[0, 0, 0, 0, 0, 0, 0, 0, 0, 0, 2, 0, 0]"
6621,59.166.0.8,*,149.171.126.7,57668,*,*,*,"[0, 0, 0, 0, 0, 0, 0, 0, 0, 0, 2, 0, 0]"
6622,59.166.0.8,*,149.171.126.7,58781,*,*,*,"[0, 0, 0, 0, 0, 0, 0, 0, 0, 0, 2, 0, 0]"
6623,59.166.0.8,*,149.171.126.7,20919,*,*,*,"[0, 0, 0, 0, 0, 0, 0, 0, 0, 0, 0, 2, 0]"
6624,59.166.0.8,*,149.171.126.7,25974,*,*,*,"[0, 0, 0, 0, 0, 0, 0, 0, 0, 0, 0, 2, 0]"
6625,59.166.0.8,*,149.171.126.7,36239,*,*,*,"[0, 0, 0, 0, 0, 0, 0, 0, 0, 0, 0, 2, 0]"
6626,59.166.0.8,*,149.171.126.7,36781,*,*,*,"[0, 0, 0, 0, 0, 0, 0, 0, 0, 0, 0, 2, 0]"
6627,59.166.0.8,*,149.171.126.7,49502,*,*,*,"[0, 0, 0, 0, 0, 0, 0, 0, 0, 0, 0, 2, 0]"
6628,59.166.0.8,*,149.171.126.7,56852,*,*,*,"[0, 0, 0, 0, 0, 0, 0, 0, 0, 0, 0, 2, 0]"
6629,59.166.0.8,*,149.171.126.7,10394,*,*,*,"[0, 0, 0, 0, 0, 0, 0, 0, 0, 0, 0, 0, 2]"
6630,59.166.0.8,*,149.171.126.7,19518,*,*,*,"[0, 0, 0, 0, 0, 0, 0, 0, 0, 0, 0, 0, 2]"
6631,59.166.0.8,*,149.171.126.7,32528,*,*,*,"[0, 0, 0, 0, 0, 0, 0, 0, 0, 0, 0, 0, 2]"
6632,59.166.0.8,*,149.171.126.8,111,*,*,*,"[15, 7, 9, 12, 11, 10, 9, 7, 9, 12, 11, 6, 12]"
6633,59.166.0.8,*,149.171.126.8,143,*,*,*,"[5, 7, 4, 5, 9, 2, 4, 5, 3, 9, 9, 6, 9]"
6634,59.166.0.8,*,149.171.126.8,21,*,*,*,"[3, 9, 4, 12, 8, 3, 4, 4, 8, 3, 3, 7, 2]"
6635,59.166.0.8,*,149.171.126.8,22,*,*,*,"[2, 6, 8, 15, 12, 8, 3, 0, 0, 5, 6, 10, 6]"
6636,59.166.0.8,*,149.171.126.8,25,*,*,*,"[9, 9, 10, 10, 8, 11, 12, 13, 12, 8, 13, 11, 22]"
6637,59.166.0.8,*,149.171.126.8,27934,*,*,*,"[2, 0, 0, 0, 0, 0, 0, 0, 0, 0, 0, 0, 0]"
6638,59.166.0.8,*,149.171.126.8,35719,*,*,*,"[2, 0, 0, 0, 0, 0, 0, 0, 0, 0, 0, 0, 0]"
6639,59.166.0.8,*,149.171.126.8,42130,*,*,*,"[2, 0, 0, 0, 0, 0, 0, 0, 0, 0, 0, 0, 0]"
6640,59.166.0.8,*,149.171.126.8,5190,*,*,*,"[25, 24, 15, 13, 18, 19, 21, 15, 16, 13, 13, 16, 11]"
6641,59.166.0.8,*,149.171.126.8,53,*,*,*,"[64, 51, 51, 44, 47, 44, 54, 46, 40, 46, 47, 46, 50]"
6642,59.166.0.8,*,149.171.126.8,6881,*,*,*,"[6, 0, 12, 25, 12, 12, 36, 30, 6, 6, 6, 0, 36]"
6643,59.166.0.8,*,149.171.126.8,80,*,*,*,"[25, 21, 23, 42, 25, 26, 32, 23, 33, 14, 24, 21, 31]"
6644,59.166.0.8,*,149.171.126.8,15843,*,*,*,"[0, 2, 0, 0, 0, 0, 0, 0, 0, 0, 0, 0, 0]"
6645,59.166.0.8,*,149.171.126.8,17268,*,*,*,"[0, 0, 0, 0, 2, 0, 0, 0, 0, 0, 0, 0, 0]"
6646,59.166.0.8,*,149.171.126.8,3062,*,*,*,"[0, 2, 0, 0, 0, 0, 0, 0, 0, 0, 0, 0, 0]"
6647,59.166.0.8,*,149.171.126.8,34463,*,*,*,"[0, 2, 0, 0, 0, 0, 0, 0, 0, 0, 0, 0, 0]"
6648,59.166.0.8,*,149.171.126.8,38395,*,*,*,"[0, 2, 0, 0, 0, 0, 0, 0, 0, 0, 0, 0, 0]"
6649,59.166.0.8,*,149.171.126.8,43267,*,*,*,"[0, 3, 0, 0, 0, 0, 0, 0, 0, 0, 0, 0, 0]"
6650,59.166.0.8,*,149.171.126.8,49198,*,*,*,"[0, 2, 0, 0, 0, 0, 0, 0, 0, 0, 0, 0, 0]"
6651,59.166.0.8,*,149.171.126.8,54867,*,*,*,"[0, 2, 0, 0, 0, 0, 0, 0, 0, 0, 0, 0, 0]"
6652,59.166.0.8,*,149.171.126.8,57753,*,*,*,"[0, 3, 0, 0, 0, 0, 0, 0, 0, 0, 0, 0, 0]"
6653,59.166.0.8,*,149.171.126.8,61834,*,*,*,"[0, 3, 0, 0, 0, 0, 0, 0, 0, 0, 0, 0, 0]"
6654,59.166.0.8,*,149.171.126.8,11680,*,*,*,"[0, 0, 0, 2, 0, 0, 0, 0, 0, 0, 0, 0, 0]"
6655,59.166.0.8,*,149.171.126.8,14130,*,*,*,"[0, 0, 2, 0, 0, 0, 0, 0, 0, 0, 0, 0, 0]"
6656,59.166.0.8,*,149.171.126.8,32912,*,*,*,"[0, 0, 0, 2, 0, 0, 0, 0, 0, 0, 0, 0, 0]"
6657,59.166.0.8,*,149.171.126.8,44685,*,*,*,"[0, 0, 0, 2, 0, 0, 0, 0, 0, 0, 0, 0, 0]"
6658,59.166.0.8,*,149.171.126.8,10589,*,*,*,"[0, 0, 0, 2, 0, 0, 0, 0, 0, 0, 0, 0, 0]"
6659,59.166.0.8,*,149.171.126.8,1397,*,*,*,"[0, 0, 0, 3, 0, 0, 0, 0, 0, 0, 0, 0, 0]"
6660,59.166.0.8,*,149.171.126.8,20048,*,*,*,"[0, 0, 0, 2, 0, 0, 0, 0, 0, 0, 0, 0, 0]"
6661,59.166.0.8,*,149.171.126.8,21831,*,*,*,"[0, 0, 0, 3, 0, 0, 0, 0, 0, 0, 0, 0, 0]"
6662,59.166.0.8,*,149.171.126.8,30639,*,*,*,"[0, 0, 0, 3, 0, 0, 0, 0, 0, 0, 0, 0, 0]"
6663,59.166.0.8,*,149.171.126.8,30906,*,*,*,"[0, 0, 0, 2, 0, 0, 0, 0, 0, 0, 0, 0, 0]"
6664,59.166.0.8,*,149.171.126.8,45133,*,*,*,"[0, 0, 0, 3, 0, 0, 0, 0, 0, 0, 0, 0, 0]"
6665,59.166.0.8,*,149.171.126.8,46019,*,*,*,"[0, 0, 0, 2, 0, 0, 0, 0, 0, 0, 0, 0, 0]"
6666,59.166.0.8,*,149.171.126.8,54131,*,*,*,"[0, 0, 0, 2, 0, 0, 0, 0, 0, 0, 0, 0, 0]"
6667,59.166.0.8,*,149.171.126.8,57521,*,*,*,"[0, 0, 0, 2, 0, 0, 0, 0, 0, 0, 0, 0, 0]"
6668,59.166.0.8,*,149.171.126.8,57588,*,*,*,"[0, 0, 0, 3, 0, 0, 0, 0, 0, 0, 0, 0, 0]"
6669,59.166.0.8,*,149.171.126.8,58003,*,*,*,"[0, 0, 0, 3, 0, 0, 0, 0, 0, 0, 0, 0, 0]"
6670,59.166.0.8,*,149.171.126.8,11821,*,*,*,"[0, 0, 0, 0, 2, 0, 0, 0, 0, 0, 0, 0, 0]"
6671,59.166.0.8,*,149.171.126.8,15171,*,*,*,"[0, 0, 0, 0, 2, 0, 0, 0, 0, 0, 0, 0, 0]"
6672,59.166.0.8,*,149.171.126.8,26373,*,*,*,"[0, 0, 0, 0, 3, 0, 0, 0, 0, 0, 0, 0, 0]"
6673,59.166.0.8,*,149.171.126.8,40239,*,*,*,"[0, 0, 0, 0, 3, 0, 0, 0, 0, 0, 0, 0, 0]"
6674,59.166.0.8,*,149.171.126.8,6517,*,*,*,"[0, 0, 0, 0, 3, 0, 0, 0, 0, 0, 0, 0, 0]"
6675,59.166.0.8,*,149.171.126.8,18725,*,*,*,"[0, 0, 0, 0, 0, 2, 0, 0, 0, 0, 0, 0, 0]"
6676,59.166.0.8,*,149.171.126.8,27743,*,*,*,"[0, 0, 0, 0, 0, 2, 0, 0, 0, 0, 0, 0, 0]"
6677,59.166.0.8,*,149.171.126.8,44864,*,*,*,"[0, 0, 0, 0, 0, 2, 0, 0, 0, 0, 0, 0, 0]"
6678,59.166.0.8,*,149.171.126.8,15419,*,*,*,"[0, 0, 0, 0, 0, 0, 2, 0, 0, 0, 0, 0, 0]"
6679,59.166.0.8,*,149.171.126.8,52639,*,*,*,"[0, 0, 0, 0, 0, 0, 2, 0, 0, 0, 0, 0, 0]"
6680,59.166.0.8,*,149.171.126.8,8051,*,*,*,"[0, 0, 0, 0, 0, 0, 2, 0, 0, 0, 0, 0, 0]"
6681,59.166.0.8,*,149.171.126.8,26416,*,*,*,"[0, 0, 0, 0, 0, 0, 0, 3, 0, 0, 0, 0, 0]"
6682,59.166.0.8,*,149.171.126.8,54484,*,*,*,"[0, 0, 0, 0, 0, 0, 0, 3, 0, 0, 0, 0, 0]"
6683,59.166.0.8,*,149.171.126.8,60641,*,*,*,"[0, 0, 0, 0, 0, 0, 0, 3, 0, 0, 0, 0, 0]"
6684,59.166.0.8,*,149.171.126.8,10397,*,*,*,"[0, 0, 0, 0, 0, 0, 0, 0, 2, 0, 0, 0, 0]"
6685,59.166.0.8,*,149.171.126.8,36106,*,*,*,"[0, 0, 0, 0, 0, 0, 0, 0, 4, 0, 0, 0, 0]"
6686,59.166.0.8,*,149.171.126.8,37612,*,*,*,"[0, 0, 0, 0, 0, 0, 0, 0, 4, 0, 0, 0, 0]"
6687,59.166.0.8,*,149.171.126.8,44321,*,*,*,"[0, 0, 0, 0, 0, 0, 0, 0, 2, 0, 0, 0, 0]"
6688,59.166.0.8,*,149.171.126.8,56658,*,*,*,"[0, 0, 0, 0, 0, 0, 0, 0, 2, 0, 0, 0, 0]"
6689,59.166.0.8,*,149.171.126.8,56854,*,*,*,"[0, 0, 0, 0, 0, 0, 0, 0, 4, 0, 0, 0, 0]"
6690,59.166.0.8,*,149.171.126.8,20919,*,*,*,"[0, 0, 0, 0, 0, 0, 0, 0, 0, 0, 0, 2, 0]"
6691,59.166.0.8,*,149.171.126.8,25974,*,*,*,"[0, 0, 0, 0, 0, 0, 0, 0, 0, 0, 0, 2, 0]"
6692,59.166.0.8,*,149.171.126.8,36239,*,*,*,"[0, 0, 0, 0, 0, 0, 0, 0, 0, 0, 0, 2, 0]"
6693,59.166.0.8,*,149.171.126.8,36781,*,*,*,"[0, 0, 0, 0, 0, 0, 0, 0, 0, 0, 0, 2, 0]"
6694,59.166.0.8,*,149.171.126.8,49502,*,*,*,"[0, 0, 0, 0, 0, 0, 0, 0, 0, 0, 0, 2, 0]"
6695,59.166.0.8,*,149.171.126.8,56852,*,*,*,"[0, 0, 0, 0, 0, 0, 0, 0, 0, 0, 0, 2, 0]"
6696,59.166.0.8,*,149.171.126.9,111,*,*,*,"[12, 17, 11, 8, 17, 16, 8, 13, 9, 10, 14, 11, 12]"
6697,59.166.0.8,*,149.171.126.9,143,*,*,*,"[10, 6, 8, 5, 5, 7, 5, 3, 4, 10, 11, 8, 9]"
6698,59.166.0.8,*,149.171.126.9,21,*,*,*,"[2, 5, 8, 7, 3, 11, 4, 6, 8, 4, 3, 12, 6]"
6699,59.166.0.8,*,149.171.126.9,22,*,*,*,"[3, 4, 4, 12, 6, 8, 3, 4, 6, 8, 9, 8, 9]"
6700,59.166.0.8,*,149.171.126.9,25,*,*,*,"[12, 11, 12, 10, 11, 10, 7, 9, 10, 10, 8, 11, 20]"
6701,59.166.0.8,*,149.171.126.9,46109,*,*,*,"[2, 0, 0, 0, 0, 0, 0, 0, 0, 0, 0, 0, 0]"
6702,59.166.0.8,*,149.171.126.9,5190,*,*,*,"[21, 32, 21, 14, 19, 17, 25, 12, 18, 24, 13, 16, 13]"
6703,59.166.0.8,*,149.171.126.9,53,*,*,*,"[59, 42, 56, 58, 53, 42, 60, 46, 50, 50, 52, 42, 51]"
6704,59.166.0.8,*,149.171.126.9,63666,*,*,*,"[2, 0, 0, 0, 0, 0, 0, 0, 0, 0, 0, 0, 0]"
6705,59.166.0.8,*,149.171.126.9,7315,*,*,*,"[2, 0, 0, 0, 0, 0, 0, 0, 0, 0, 0, 0, 0]"
6706,59.166.0.8,*,149.171.126.9,80,*,*,*,"[43, 22, 32, 25, 26, 30, 23, 27, 29, 16, 19, 25, 24]"
6707,59.166.0.8,*,149.171.126.9,32483,*,*,*,"[0, 2, 0, 0, 0, 0, 0, 0, 0, 0, 0, 0, 0]"
6708,59.166.0.8,*,149.171.126.9,43267,*,*,*,"[0, 2, 0, 0, 0, 0, 0, 0, 0, 0, 0, 0, 0]"
6709,59.166.0.8,*,149.171.126.9,57753,*,*,*,"[0, 2, 0, 0, 0, 0, 0, 0, 0, 0, 0, 0, 0]"
6710,59.166.0.8,*,149.171.126.9,61834,*,*,*,"[0, 2, 0, 0, 0, 0, 0, 0, 0, 0, 0, 0, 0]"
6711,59.166.0.8,*,149.171.126.9,11680,*,*,*,"[0, 0, 3, 0, 0, 0, 0, 0, 0, 0, 0, 0, 0]"
6712,59.166.0.8,*,149.171.126.9,14987,*,*,*,"[0, 0, 4, 0, 0, 0, 0, 0, 0, 0, 0, 0, 0]"
6713,59.166.0.8,*,149.171.126.9,2869,*,*,*,"[0, 0, 4, 0, 0, 0, 0, 0, 0, 0, 0, 0, 0]"
6714,59.166.0.8,*,149.171.126.9,32912,*,*,*,"[0, 0, 3, 0, 0, 0, 0, 0, 0, 0, 0, 0, 0]"
6715,59.166.0.8,*,149.171.126.9,3398,*,*,*,"[0, 0, 4, 0, 0, 0, 0, 0, 0, 0, 0, 0, 0]"
6716,59.166.0.8,*,149.171.126.9,44685,*,*,*,"[0, 0, 3, 0, 0, 0, 0, 0, 0, 0, 0, 0, 0]"
6717,59.166.0.8,*,149.171.126.9,6881,*,*,*,"[0, 0, 19, 43, 12, 18, 19, 18, 18, 19, 13, 24, 18]"
6718,59.166.0.8,*,149.171.126.9,1397,*,*,*,"[0, 0, 0, 3, 0, 0, 0, 0, 0, 0, 0, 0, 0]"
6719,59.166.0.8,*,149.171.126.9,21831,*,*,*,"[0, 0, 0, 3, 0, 0, 0, 0, 0, 0, 0, 0, 0]"
6720,59.166.0.8,*,149.171.126.9,30639,*,*,*,"[0, 0, 0, 3, 0, 0, 0, 0, 0, 0, 0, 0, 0]"
6721,59.166.0.8,*,149.171.126.9,45133,*,*,*,"[0, 0, 0, 3, 0, 0, 0, 0, 0, 0, 0, 0, 0]"
6722,59.166.0.8,*,149.171.126.9,57588,*,*,*,"[0, 0, 0, 3, 0, 0, 0, 0, 0, 0, 0, 0, 0]"
6723,59.166.0.8,*,149.171.126.9,58003,*,*,*,"[0, 0, 0, 3, 0, 0, 0, 0, 0, 0, 0, 0, 0]"
6724,59.166.0.8,*,149.171.126.9,15489,*,*,*,"[0, 0, 0, 0, 0, 2, 0, 0, 0, 0, 0, 0, 0]"
6725,59.166.0.8,*,149.171.126.9,18292,*,*,*,"[0, 0, 0, 0, 0, 2, 0, 0, 0, 0, 0, 0, 0]"
6726,59.166.0.8,*,149.171.126.9,18741,*,*,*,"[0, 0, 0, 0, 0, 2, 0, 0, 0, 0, 0, 0, 0]"
6727,59.166.0.8,*,149.171.126.9,22481,*,*,*,"[0, 0, 0, 0, 0, 2, 0, 0, 0, 0, 0, 0, 0]"
6728,59.166.0.8,*,149.171.126.9,26373,*,*,*,"[0, 0, 0, 0, 0, 2, 0, 0, 0, 0, 0, 0, 0]"
6729,59.166.0.8,*,149.171.126.9,26869,*,*,*,"[0, 0, 0, 0, 0, 2, 0, 0, 0, 0, 0, 0, 0]"
6730,59.166.0.8,*,149.171.126.9,28875,*,*,*,"[0, 0, 0, 0, 0, 2, 0, 0, 0, 0, 0, 0, 0]"
6731,59.166.0.8,*,149.171.126.9,34138,*,*,*,"[0, 0, 0, 0, 0, 2, 0, 0, 0, 0, 0, 0, 0]"
6732,59.166.0.8,*,149.171.126.9,40239,*,*,*,"[0, 0, 0, 0, 0, 2, 0, 0, 0, 0, 0, 0, 0]"
6733,59.166.0.8,*,149.171.126.9,41018,*,*,*,"[0, 0, 0, 0, 0, 2, 0, 0, 0, 0, 0, 0, 0]"
6734,59.166.0.8,*,149.171.126.9,42523,*,*,*,"[0, 0, 0, 0, 0, 2, 0, 0, 0, 0, 0, 0, 0]"
6735,59.166.0.8,*,149.171.126.9,43825,*,*,*,"[0, 0, 0, 0, 0, 2, 0, 0, 0, 0, 0, 0, 0]"
6736,59.166.0.8,*,149.171.126.9,50827,*,*,*,"[0, 0, 0, 0, 0, 2, 0, 0, 0, 0, 0, 0, 0]"
6737,59.166.0.8,*,149.171.126.9,60894,*,*,*,"[0, 0, 0, 0, 0, 2, 0, 0, 0, 0, 0, 0, 0]"
6738,59.166.0.8,*,149.171.126.9,6517,*,*,*,"[0, 0, 0, 0, 0, 2, 0, 0, 0, 0, 0, 0, 0]"
6739,59.166.0.8,*,149.171.126.9,26416,*,*,*,"[0, 0, 0, 0, 0, 0, 2, 0, 0, 0, 0, 0, 0]"
6740,59.166.0.8,*,149.171.126.9,54484,*,*,*,"[0, 0, 0, 0, 0, 0, 2, 0, 0, 0, 0, 0, 0]"
6741,59.166.0.8,*,149.171.126.9,60641,*,*,*,"[0, 0, 0, 0, 0, 0, 2, 0, 0, 0, 0, 0, 0]"
6742,59.166.0.8,*,149.171.126.9,13582,*,*,*,"[0, 0, 0, 0, 0, 0, 0, 2, 0, 0, 0, 0, 0]"
6743,59.166.0.8,*,149.171.126.9,41643,*,*,*,"[0, 0, 0, 0, 0, 0, 0, 2, 0, 0, 0, 0, 0]"
6744,59.166.0.8,*,149.171.126.9,45637,*,*,*,"[0, 0, 0, 0, 0, 0, 0, 2, 0, 0, 0, 0, 0]"
6745,59.166.0.8,*,149.171.126.9,54475,*,*,*,"[0, 0, 0, 0, 0, 0, 0, 2, 0, 0, 0, 0, 0]"
6746,59.166.0.8,*,149.171.126.9,55348,*,*,*,"[0, 0, 0, 0, 0, 0, 0, 2, 0, 0, 0, 0, 0]"
6747,59.166.0.8,*,149.171.126.9,59699,*,*,*,"[0, 0, 0, 0, 0, 0, 0, 2, 0, 0, 0, 0, 0]"
6748,59.166.0.8,*,149.171.126.9,62964,*,*,*,"[0, 0, 0, 0, 0, 0, 0, 2, 0, 0, 0, 0, 0]"
6749,59.166.0.8,*,149.171.126.9,64665,*,*,*,"[0, 0, 0, 0, 0, 0, 0, 2, 0, 0, 0, 0, 0]"
6750,59.166.0.8,*,149.171.126.9,65009,*,*,*,"[0, 0, 0, 0, 0, 0, 0, 2, 0, 0, 0, 0, 0]"
6751,59.166.0.8,*,149.171.126.9,10198,*,*,*,"[0, 0, 0, 0, 0, 0, 0, 0, 2, 0, 0, 0, 0]"
6752,59.166.0.8,*,149.171.126.9,11460,*,*,*,"[0, 0, 0, 0, 0, 0, 0, 0, 3, 0, 0, 0, 0]"
6753,59.166.0.8,*,149.171.126.9,13455,*,*,*,"[0, 0, 0, 0, 0, 0, 0, 0, 3, 0, 0, 0, 0]"
6754,59.166.0.8,*,149.171.126.9,24196,*,*,*,"[0, 0, 0, 0, 0, 0, 0, 0, 2, 0, 0, 0, 0]"
6755,59.166.0.8,*,149.171.126.9,26631,*,*,*,"[0, 0, 0, 0, 0, 0, 0, 0, 3, 0, 0, 0, 0]"
6756,59.166.0.8,*,149.171.126.9,35231,*,*,*,"[0, 0, 0, 0, 0, 0, 0, 0, 2, 0, 0, 0, 0]"
6757,59.166.0.8,*,149.171.126.9,32991,*,*,*,"[0, 0, 0, 0, 0, 0, 0, 0, 0, 0, 2, 0, 0]"
6758,59.166.0.8,*,149.171.126.9,49991,*,*,*,"[0, 0, 0, 0, 0, 0, 0, 0, 0, 0, 2, 0, 0]"
6759,59.166.0.8,*,149.171.126.9,57668,*,*,*,"[0, 0, 0, 0, 0, 0, 0, 0, 0, 0, 2, 0, 0]"
6760,59.166.0.8,*,149.171.126.9,14575,*,*,*,"[0, 0, 0, 0, 0, 0, 0, 0, 0, 0, 0, 4, 0]"
6761,59.166.0.8,*,149.171.126.9,18583,*,*,*,"[0, 0, 0, 0, 0, 0, 0, 0, 0, 0, 0, 4, 0]"
6762,59.166.0.8,*,149.171.126.9,25974,*,*,*,"[0, 0, 0, 0, 0, 0, 0, 0, 0, 0, 0, 3, 0]"
6763,59.166.0.8,*,149.171.126.9,36781,*,*,*,"[0, 0, 0, 0, 0, 0, 0, 0, 0, 0, 0, 3, 0]"
6764,59.166.0.8,*,149.171.126.9,41227,*,*,*,"[0, 0, 0, 0, 0, 0, 0, 0, 0, 0, 0, 2, 0]"
6765,59.166.0.8,*,149.171.126.9,45717,*,*,*,"[0, 0, 0, 0, 0, 0, 0, 0, 0, 0, 0, 4, 0]"
6766,59.166.0.8,*,149.171.126.9,56852,*,*,*,"[0, 0, 0, 0, 0, 0, 0, 0, 0, 0, 0, 3, 0]"
6767,59.166.0.8,*,149.171.126.9,63238,*,*,*,"[0, 0, 0, 0, 0, 0, 0, 0, 0, 0, 0, 2, 0]"
6768,59.166.0.8,*,149.171.126.9,6786,*,*,*,"[0, 0, 0, 0, 0, 0, 0, 0, 0, 0, 0, 2, 0]"
6769,59.166.0.8,*,149.171.126.9,10394,*,*,*,"[0, 0, 0, 0, 0, 0, 0, 0, 0, 0, 0, 0, 3]"
6770,59.166.0.8,*,149.171.126.9,16398,*,*,*,"[0, 0, 0, 0, 0, 0, 0, 0, 0, 0, 0, 0, 2]"
6771,59.166.0.8,*,149.171.126.9,19518,*,*,*,"[0, 0, 0, 0, 0, 0, 0, 0, 0, 0, 0, 0, 3]"
6772,59.166.0.8,*,149.171.126.9,32528,*,*,*,"[0, 0, 0, 0, 0, 0, 0, 0, 0, 0, 0, 0, 3]"
6773,59.166.0.8,*,149.171.126.9,53740,*,*,*,"[0, 0, 0, 0, 0, 0, 0, 0, 0, 0, 0, 0, 2]"
6774,59.166.0.8,*,149.171.126.9,56959,*,*,*,"[0, 0, 0, 0, 0, 0, 0, 0, 0, 0, 0, 0, 2]"
6775,59.166.0.9,*,149.171.126.0,111,*,*,*,"[20, 12, 14, 6, 13, 15, 9, 11, 10, 7, 16, 14, 11]"
6776,59.166.0.9,*,149.171.126.0,143,*,*,*,"[5, 11, 8, 7, 14, 8, 5, 4, 8, 6, 5, 6, 2]"
6777,59.166.0.9,*,149.171.126.0,18023,*,*,*,"[2, 0, 0, 0, 0, 0, 0, 0, 0, 0, 0, 0, 0]"
6778,59.166.0.9,*,149.171.126.0,21,*,*,*,"[6, 5, 3, 10, 5, 5, 6, 6, 6, 7, 8, 8, 9]"
6779,59.166.0.9,*,149.171.126.0,22,*,*,*,"[3, 3, 8, 8, 6, 5, 3, 4, 3, 9, 6, 6, 7]"
6780,59.166.0.9,*,149.171.126.0,25,*,*,*,"[15, 10, 11, 7, 8, 13, 12, 10, 18, 11, 13, 16, 14]"
6781,59.166.0.9,*,149.171.126.0,27934,*,*,*,"[2, 0, 0, 0, 0, 0, 0, 0, 0, 0, 0, 0, 0]"
6782,59.166.0.9,*,149.171.126.0,32664,*,*,*,"[2, 0, 0, 0, 0, 0, 0, 0, 0, 0, 0, 0, 0]"
6783,59.166.0.9,*,149.171.126.0,35719,*,*,*,"[2, 0, 0, 0, 0, 0, 0, 0, 0, 0, 0, 0, 0]"
6784,59.166.0.9,*,149.171.126.0,42130,*,*,*,"[2, 0, 0, 0, 0, 0, 0, 0, 0, 0, 0, 0, 0]"
6785,59.166.0.9,*,149.171.126.0,4950,*,*,*,"[2, 0, 0, 0, 0, 0, 0, 0, 0, 0, 0, 0, 0]"
6786,59.166.0.9,*,149.171.126.0,5190,*,*,*,"[17, 33, 24, 18, 12, 17, 32, 15, 12, 19, 10, 17, 6]"
6787,59.166.0.9,*,149.171.126.0,53,*,*,*,"[60, 49, 57, 48, 54, 65, 56, 41, 60, 52, 53, 55, 51]"
6788,59.166.0.9,*,149.171.126.0,6881,*,*,*,"[6, 6, 0, 18, 36, 12, 56, 30, 6, 12, 31, 25, 12]"
6789,59.166.0.9,*,149.171.126.0,80,*,*,*,"[26, 21, 24, 27, 29, 28, 29, 25, 25, 21, 30, 16, 24]"
6790,59.166.0.9,*,149.171.126.0,15843,*,*,*,"[0, 2, 0, 0, 0, 0, 0, 0, 0, 0, 0, 0, 0]"
6791,59.166.0.9,*,149.171.126.0,49198,*,*,*,"[0, 2, 0, 0, 0, 0, 0, 0, 0, 0, 0, 0, 0]"
6792,59.166.0.9,*,149.171.126.0,54867,*,*,*,"[0, 2, 0, 0, 0, 0, 0, 0, 0, 0, 0, 0, 0]"
6793,59.166.0.9,*,149.171.126.0,14987,*,*,*,"[0, 0, 2, 0, 0, 0, 0, 0, 0, 0, 0, 0, 0]"
6794,59.166.0.9,*,149.171.126.0,2869,*,*,*,"[0, 0, 2, 0, 0, 0, 0, 0, 0, 0, 0, 0, 0]"
6795,59.166.0.9,*,149.171.126.0,3398,*,*,*,"[0, 0, 2, 0, 0, 0, 0, 0, 0, 0, 0, 0, 0]"
6796,59.166.0.9,*,149.171.126.0,11680,*,*,*,"[0, 0, 0, 3, 0, 0, 0, 0, 0, 0, 0, 0, 0]"
6797,59.166.0.9,*,149.171.126.0,30639,*,*,*,"[0, 0, 0, 6, 0, 0, 0, 0, 0, 0, 0, 0, 0]"
6798,59.166.0.9,*,149.171.126.0,32912,*,*,*,"[0, 0, 0, 3, 0, 0, 0, 0, 0, 0, 0, 0, 0]"
6799,59.166.0.9,*,149.171.126.0,44685,*,*,*,"[0, 0, 0, 3, 0, 0, 0, 0, 0, 0, 0, 0, 0]"
6800,59.166.0.9,*,149.171.126.0,57588,*,*,*,"[0, 0, 0, 6, 0, 0, 0, 0, 0, 0, 0, 0, 0]"
6801,59.166.0.9,*,149.171.126.0,58003,*,*,*,"[0, 0, 0, 6, 0, 0, 0, 0, 0, 0, 0, 0, 0]"
6802,59.166.0.9,*,149.171.126.0,36222,*,*,*,"[0, 0, 0, 0, 3, 0, 0, 0, 0, 0, 0, 0, 0]"
6803,59.166.0.9,*,149.171.126.0,5131,*,*,*,"[0, 0, 0, 0, 3, 0, 0, 0, 0, 0, 0, 0, 0]"
6804,59.166.0.9,*,149.171.126.0,56995,*,*,*,"[0, 0, 0, 0, 3, 0, 0, 0, 0, 0, 0, 0, 0]"
6805,59.166.0.9,*,149.171.126.0,15419,*,*,*,"[0, 0, 0, 0, 0, 0, 4, 0, 0, 0, 0, 0, 0]"
6806,59.166.0.9,*,149.171.126.0,52639,*,*,*,"[0, 0, 0, 0, 0, 0, 4, 0, 0, 0, 0, 0, 0]"
6807,59.166.0.9,*,149.171.126.0,8051,*,*,*,"[0, 0, 0, 0, 0, 0, 4, 0, 0, 0, 0, 0, 0]"
6808,59.166.0.9,*,149.171.126.0,26416,*,*,*,"[0, 0, 0, 0, 0, 0, 0, 3, 0, 0, 0, 0, 0]"
6809,59.166.0.9,*,149.171.126.0,54484,*,*,*,"[0, 0, 0, 0, 0, 0, 0, 3, 0, 0, 0, 0, 0]"
6810,59.166.0.9,*,149.171.126.0,60641,*,*,*,"[0, 0, 0, 0, 0, 0, 0, 3, 0, 0, 0, 0, 0]"
6811,59.166.0.9,*,149.171.126.0,11460,*,*,*,"[0, 0, 0, 0, 0, 0, 0, 0, 3, 0, 0, 0, 0]"
6812,59.166.0.9,*,149.171.126.0,13455,*,*,*,"[0, 0, 0, 0, 0, 0, 0, 0, 3, 0, 0, 0, 0]"
6813,59.166.0.9,*,149.171.126.0,26631,*,*,*,"[0, 0, 0, 0, 0, 0, 0, 0, 3, 0, 0, 0, 0]"
6814,59.166.0.9,*,149.171.126.0,20465,*,*,*,"[0, 0, 0, 0, 0, 0, 0, 0, 0, 2, 0, 0, 0]"
6815,59.166.0.9,*,149.171.126.0,22432,*,*,*,"[0, 0, 0, 0, 0, 0, 0, 0, 0, 2, 0, 0, 0]"
6816,59.166.0.9,*,149.171.126.0,33291,*,*,*,"[0, 0, 0, 0, 0, 0, 0, 0, 0, 2, 0, 0, 0]"
6817,59.166.0.9,*,149.171.126.0,46326,*,*,*,"[0, 0, 0, 0, 0, 0, 0, 0, 0, 2, 0, 0, 0]"
6818,59.166.0.9,*,149.171.126.0,46967,*,*,*,"[0, 0, 0, 0, 0, 0, 0, 0, 0, 2, 0, 0, 0]"
6819,59.166.0.9,*,149.171.126.0,58190,*,*,*,"[0, 0, 0, 0, 0, 0, 0, 0, 0, 2, 0, 0, 0]"
6820,59.166.0.9,*,149.171.126.0,23815,*,*,*,"[0, 0, 0, 0, 0, 0, 0, 0, 0, 0, 3, 0, 0]"
6821,59.166.0.9,*,149.171.126.0,23898,*,*,*,"[0, 0, 0, 0, 0, 0, 0, 0, 0, 0, 3, 0, 0]"
6822,59.166.0.9,*,149.171.126.0,25885,*,*,*,"[0, 0, 0, 0, 0, 0, 0, 0, 0, 0, 3, 0, 0]"
6823,59.166.0.9,*,149.171.126.0,32991,*,*,*,"[0, 0, 0, 0, 0, 0, 0, 0, 0, 0, 2, 0, 0]"
6824,59.166.0.9,*,149.171.126.0,34316,*,*,*,"[0, 0, 0, 0, 0, 0, 0, 0, 0, 0, 2, 0, 0]"
6825,59.166.0.9,*,149.171.126.0,43493,*,*,*,"[0, 0, 0, 0, 0, 0, 0, 0, 0, 0, 2, 0, 0]"
6826,59.166.0.9,*,149.171.126.0,49991,*,*,*,"[0, 0, 0, 0, 0, 0, 0, 0, 0, 0, 2, 0, 0]"
6827,59.166.0.9,*,149.171.126.0,53517,*,*,*,"[0, 0, 0, 0, 0, 0, 0, 0, 0, 0, 2, 0, 0]"
6828,59.166.0.9,*,149.171.126.0,57668,*,*,*,"[0, 0, 0, 0, 0, 0, 0, 0, 0, 0, 2, 0, 0]"
6829,59.166.0.9,*,149.171.126.0,11513,*,*,*,"[0, 0, 0, 0, 0, 0, 0, 0, 0, 0, 0, 4, 0]"
6830,59.166.0.9,*,149.171.126.0,19056,*,*,*,"[0, 0, 0, 0, 0, 0, 0, 0, 0, 0, 0, 4, 0]"
6831,59.166.0.9,*,149.171.126.0,20919,*,*,*,"[0, 0, 0, 0, 0, 0, 0, 0, 0, 0, 0, 2, 0]"
6832,59.166.0.9,*,149.171.126.0,36239,*,*,*,"[0, 0, 0, 0, 0, 0, 0, 0, 0, 0, 0, 2, 0]"
6833,59.166.0.9,*,149.171.126.0,41227,*,*,*,"[0, 0, 0, 0, 0, 0, 0, 0, 0, 0, 0, 2, 0]"
6834,59.166.0.9,*,149.171.126.0,49502,*,*,*,"[0, 0, 0, 0, 0, 0, 0, 0, 0, 0, 0, 2, 0]"
6835,59.166.0.9,*,149.171.126.0,56614,*,*,*,"[0, 0, 0, 0, 0, 0, 0, 0, 0, 0, 0, 4, 0]"
6836,59.166.0.9,*,149.171.126.0,63238,*,*,*,"[0, 0, 0, 0, 0, 0, 0, 0, 0, 0, 0, 2, 0]"
6837,59.166.0.9,*,149.171.126.0,6786,*,*,*,"[0, 0, 0, 0, 0, 0, 0, 0, 0, 0, 0, 2, 0]"
6838,59.166.0.9,*,149.171.126.0,13839,*,*,*,"[0, 0, 0, 0, 0, 0, 0, 0, 0, 0, 0, 0, 2]"
6839,59.166.0.9,*,149.171.126.0,21133,*,*,*,"[0, 0, 0, 0, 0, 0, 0, 0, 0, 0, 0, 0, 2]"
6840,59.166.0.9,*,149.171.126.0,26866,*,*,*,"[0, 0, 0, 0, 0, 0, 0, 0, 0, 0, 0, 0, 2]"
6841,59.166.0.9,*,149.171.126.0,43433,*,*,*,"[0, 0, 0, 0, 0, 0, 0, 0, 0, 0, 0, 0, 2]"
6842,59.166.0.9,*,149.171.126.0,48182,*,*,*,"[0, 0, 0, 0, 0, 0, 0, 0, 0, 0, 0, 0, 2]"
6843,59.166.0.9,*,149.171.126.0,50688,*,*,*,"[0, 0, 0, 0, 0, 0, 0, 0, 0, 0, 0, 0, 2]"
6844,59.166.0.9,*,149.171.126.0,51199,*,*,*,"[0, 0, 0, 0, 0, 0, 0, 0, 0, 0, 0, 0, 2]"
6845,59.166.0.9,*,149.171.126.0,57905,*,*,*,"[0, 0, 0, 0, 0, 0, 0, 0, 0, 0, 0, 0, 2]"
6846,59.166.0.9,*,149.171.126.0,63753,*,*,*,"[0, 0, 0, 0, 0, 0, 0, 0, 0, 0, 0, 0, 2]"
6847,59.166.0.9,*,149.171.126.1,111,*,*,*,"[8, 8, 13, 12, 9, 16, 12, 10, 11, 16, 12, 12, 9]"
6848,59.166.0.9,*,149.171.126.1,11399,*,*,*,"[3, 0, 0, 0, 0, 0, 0, 0, 0, 0, 0, 0, 0]"
6849,59.166.0.9,*,149.171.126.1,143,*,*,*,"[7, 2, 15, 6, 10, 5, 5, 7, 8, 5, 9, 5, 8]"
6850,59.166.0.9,*,149.171.126.1,21,*,*,*,"[8, 9, 5, 7, 6, 5, 5, 3, 9, 4, 5, 6, 5]"
6851,59.166.0.9,*,149.171.126.1,22,*,*,*,"[3, 11, 4, 17, 9, 7, 4, 0, 2, 7, 7, 5, 12]"
6852,59.166.0.9,*,149.171.126.1,25,*,*,*,"[5, 8, 10, 11, 13, 11, 8, 7, 9, 7, 7, 24, 8]"
6853,59.166.0.9,*,149.171.126.1,26143,*,*,*,"[3, 0, 0, 0, 0, 0, 0, 0, 0, 0, 0, 0, 0]"
6854,59.166.0.9,*,149.171.126.1,46109,*,*,*,"[2, 0, 0, 0, 0, 0, 0, 0, 0, 0, 0, 0, 0]"
6855,59.166.0.9,*,149.171.126.1,5190,*,*,*,"[12, 27, 10, 27, 13, 15, 19, 12, 19, 21, 15, 17, 17]"
6856,59.166.0.9,*,149.171.126.1,52294,*,*,*,"[3, 0, 0, 0, 0, 0, 0, 0, 0, 0, 0, 0, 0]"
6857,59.166.0.9,*,149.171.126.1,52801,*,*,*,"[2, 0, 0, 0, 0, 0, 0, 0, 0, 0, 0, 0, 0]"
6858,59.166.0.9,*,149.171.126.1,53,*,*,*,"[48, 52, 38, 48, 65, 50, 50, 44, 67, 52, 53, 50, 51]"
6859,59.166.0.9,*,149.171.126.1,56048,*,*,*,"[2, 0, 0, 0, 0, 0, 0, 0, 0, 0, 0, 0, 0]"
6860,59.166.0.9,*,149.171.126.1,63666,*,*,*,"[2, 0, 0, 0, 0, 0, 0, 0, 0, 0, 0, 0, 0]"
6861,59.166.0.9,*,149.171.126.1,64030,*,*,*,"[2, 0, 0, 0, 0, 0, 0, 0, 0, 0, 0, 0, 0]"
6862,59.166.0.9,*,149.171.126.1,6881,*,*,*,"[6, 0, 18, 24, 36, 30, 42, 12, 30, 12, 12, 6, 24]"
6863,59.166.0.9,*,149.171.126.1,7315,*,*,*,"[2, 0, 0, 0, 0, 0, 0, 0, 0, 0, 0, 0, 0]"
6864,59.166.0.9,*,149.171.126.1,80,*,*,*,"[20, 24, 16, 29, 31, 23, 38, 27, 27, 19, 25, 23, 26]"
6865,59.166.0.9,*,149.171.126.1,15843,*,*,*,"[0, 4, 0, 0, 0, 0, 0, 0, 0, 0, 0, 0, 0]"
6866,59.166.0.9,*,149.171.126.1,43267,*,*,*,"[0, 3, 0, 0, 0, 0, 0, 0, 0, 0, 0, 0, 0]"
6867,59.166.0.9,*,149.171.126.1,49198,*,*,*,"[0, 4, 0, 0, 0, 0, 0, 0, 0, 0, 0, 0, 0]"
6868,59.166.0.9,*,149.171.126.1,50688,*,*,*,"[0, 0, 0, 0, 0, 0, 0, 0, 0, 0, 0, 0, 2]"
6869,59.166.0.9,*,149.171.126.1,54867,*,*,*,"[0, 4, 0, 0, 0, 0, 0, 0, 0, 0, 0, 0, 0]"
6870,59.166.0.9,*,149.171.126.1,57753,*,*,*,"[0, 3, 0, 0, 0, 0, 0, 0, 0, 0, 0, 0, 0]"
6871,59.166.0.9,*,149.171.126.1,61834,*,*,*,"[0, 3, 0, 0, 0, 0, 0, 0, 0, 0, 0, 0, 0]"
6872,59.166.0.9,*,149.171.126.1,1254,*,*,*,"[0, 0, 2, 0, 0, 0, 0, 0, 0, 0, 0, 0, 0]"
6873,59.166.0.9,*,149.171.126.1,34154,*,*,*,"[0, 0, 2, 0, 0, 0, 0, 0, 0, 0, 0, 0, 0]"
6874,59.166.0.9,*,149.171.126.1,61745,*,*,*,"[0, 0, 2, 0, 0, 0, 0, 0, 0, 0, 0, 0, 0]"
6875,59.166.0.9,*,149.171.126.1,30639,*,*,*,"[0, 0, 0, 4, 0, 0, 0, 0, 0, 0, 0, 0, 0]"
6876,59.166.0.9,*,149.171.126.1,57588,*,*,*,"[0, 0, 0, 4, 0, 0, 0, 0, 0, 0, 0, 0, 0]"
6877,59.166.0.9,*,149.171.126.1,58003,*,*,*,"[0, 0, 0, 4, 0, 0, 0, 0, 0, 0, 0, 0, 0]"
6878,59.166.0.9,*,149.171.126.1,12916,*,*,*,"[0, 0, 0, 0, 2, 0, 0, 0, 0, 0, 0, 0, 0]"
6879,59.166.0.9,*,149.171.126.1,29238,*,*,*,"[0, 0, 0, 0, 2, 0, 0, 0, 0, 0, 0, 0, 0]"
6880,59.166.0.9,*,149.171.126.1,33656,*,*,*,"[0, 0, 0, 0, 2, 0, 0, 0, 0, 0, 0, 0, 0]"
6881,59.166.0.9,*,149.171.126.1,34073,*,*,*,"[0, 0, 0, 0, 2, 0, 0, 0, 0, 0, 0, 0, 0]"
6882,59.166.0.9,*,149.171.126.1,45633,*,*,*,"[0, 0, 0, 0, 2, 0, 0, 0, 0, 0, 0, 0, 0]"
6883,59.166.0.9,*,149.171.126.1,5491,*,*,*,"[0, 0, 0, 0, 2, 0, 0, 0, 0, 0, 0, 0, 0]"
6884,59.166.0.9,*,149.171.126.1,55348,*,*,*,"[0, 0, 0, 0, 0, 0, 0, 3, 0, 0, 0, 0, 0]"
6885,59.166.0.9,*,149.171.126.1,15398,*,*,*,"[0, 0, 0, 0, 0, 0, 2, 0, 0, 0, 0, 0, 0]"
6886,59.166.0.9,*,149.171.126.1,32328,*,*,*,"[0, 0, 0, 0, 0, 0, 2, 0, 0, 0, 0, 0, 0]"
6887,59.166.0.9,*,149.171.126.1,36947,*,*,*,"[0, 0, 0, 0, 0, 0, 2, 0, 0, 0, 0, 0, 0]"
6888,59.166.0.9,*,149.171.126.1,9851,*,*,*,"[0, 0, 0, 0, 0, 0, 2, 0, 0, 0, 0, 0, 0]"
6889,59.166.0.9,*,149.171.126.1,54475,*,*,*,"[0, 0, 0, 0, 0, 0, 0, 3, 0, 0, 0, 0, 0]"
6890,59.166.0.9,*,149.171.126.1,64665,*,*,*,"[0, 0, 0, 0, 0, 0, 0, 3, 0, 0, 0, 0, 0]"
6891,59.166.0.9,*,149.171.126.1,11460,*,*,*,"[0, 0, 0, 0, 0, 0, 0, 0, 3, 0, 0, 0, 0]"
6892,59.166.0.9,*,149.171.126.1,13455,*,*,*,"[0, 0, 0, 0, 0, 0, 0, 0, 3, 0, 0, 0, 0]"
6893,59.166.0.9,*,149.171.126.1,26631,*,*,*,"[0, 0, 0, 0, 0, 0, 0, 0, 3, 0, 0, 0, 0]"
6894,59.166.0.9,*,149.171.126.1,36106,*,*,*,"[0, 0, 0, 0, 0, 0, 0, 0, 2, 0, 0, 0, 0]"
6895,59.166.0.9,*,149.171.126.1,37612,*,*,*,"[0, 0, 0, 0, 0, 0, 0, 0, 2, 0, 0, 0, 0]"
6896,59.166.0.9,*,149.171.126.1,56854,*,*,*,"[0, 0, 0, 0, 0, 0, 0, 0, 2, 0, 0, 0, 0]"
6897,59.166.0.9,*,149.171.126.1,23815,*,*,*,"[0, 0, 0, 0, 0, 0, 0, 0, 0, 0, 2, 0, 0]"
6898,59.166.0.9,*,149.171.126.1,23898,*,*,*,"[0, 0, 0, 0, 0, 0, 0, 0, 0, 0, 2, 0, 0]"
6899,59.166.0.9,*,149.171.126.1,25885,*,*,*,"[0, 0, 0, 0, 0, 0, 0, 0, 0, 0, 2, 0, 0]"
6900,59.166.0.9,*,149.171.126.1,60795,*,*,*,"[0, 0, 0, 0, 0, 0, 0, 0, 0, 0, 2, 0, 0]"
6901,59.166.0.9,*,149.171.126.1,25974,*,*,*,"[0, 0, 0, 0, 0, 0, 0, 0, 0, 0, 0, 3, 0]"
6902,59.166.0.9,*,149.171.126.1,36781,*,*,*,"[0, 0, 0, 0, 0, 0, 0, 0, 0, 0, 0, 3, 0]"
6903,59.166.0.9,*,149.171.126.1,56852,*,*,*,"[0, 0, 0, 0, 0, 0, 0, 0, 0, 0, 0, 3, 0]"
6904,59.166.0.9,*,149.171.126.1,13839,*,*,*,"[0, 0, 0, 0, 0, 0, 0, 0, 0, 0, 0, 0, 2]"
6905,59.166.0.9,*,149.171.126.1,26866,*,*,*,"[0, 0, 0, 0, 0, 0, 0, 0, 0, 0, 0, 0, 2]"
6906,59.166.0.9,*,149.171.126.2,111,*,*,*,"[8, 11, 12, 13, 12, 12, 7, 7, 15, 12, 10, 5, 9]"
6907,59.166.0.9,*,149.171.126.2,143,*,*,*,"[8, 6, 9, 5, 7, 10, 8, 2, 4, 3, 13, 8, 5]"
6908,59.166.0.9,*,149.171.126.2,18023,*,*,*,"[2, 0, 0, 0, 0, 0, 0, 0, 0, 0, 0, 0, 0]"
6909,59.166.0.9,*,149.171.126.2,21,*,*,*,"[9, 7, 5, 7, 4, 4, 4, 6, 5, 5, 7, 4, 9]"
6910,59.166.0.9,*,149.171.126.2,22,*,*,*,"[6, 12, 2, 5, 17, 11, 2, 0, 0, 6, 11, 9, 6]"
6911,59.166.0.9,*,149.171.126.2,25,*,*,*,"[13, 10, 10, 11, 10, 17, 4, 16, 13, 16, 15, 10, 4]"
6912,59.166.0.9,*,149.171.126.2,27934,*,*,*,"[2, 0, 0, 0, 0, 0, 0, 0, 0, 0, 0, 0, 0]"
6913,59.166.0.9,*,149.171.126.2,32664,*,*,*,"[2, 0, 0, 0, 0, 0, 0, 0, 0, 0, 0, 0, 0]"
6914,59.166.0.9,*,149.171.126.2,35719,*,*,*,"[2, 0, 0, 0, 0, 0, 0, 0, 0, 0, 0, 0, 0]"
6915,59.166.0.9,*,149.171.126.2,42130,*,*,*,"[2, 0, 0, 0, 0, 0, 0, 0, 0, 0, 0, 0, 0]"
6916,59.166.0.9,*,149.171.126.2,46109,*,*,*,"[4, 0, 0, 0, 0, 0, 0, 0, 0, 0, 0, 0, 0]"
6917,59.166.0.9,*,149.171.126.2,4950,*,*,*,"[2, 0, 0, 0, 0, 0, 0, 0, 0, 0, 0, 0, 0]"
6918,59.166.0.9,*,149.171.126.2,5190,*,*,*,"[21, 14, 18, 13, 16, 15, 21, 7, 21, 21, 18, 13, 18]"
6919,59.166.0.9,*,149.171.126.2,53,*,*,*,"[55, 45, 63, 48, 47, 57, 34, 40, 50, 50, 44, 45, 44]"
6920,59.166.0.9,*,149.171.126.2,63666,*,*,*,"[4, 0, 0, 0, 0, 0, 0, 0, 0, 0, 0, 0, 0]"
6921,59.166.0.9,*,149.171.126.2,6881,*,*,*,"[6, 0, 12, 18, 18, 18, 61, 60, 30, 0, 6, 0, 18]"
6922,59.166.0.9,*,149.171.126.2,7315,*,*,*,"[4, 0, 0, 0, 0, 0, 0, 0, 0, 0, 0, 0, 0]"
6923,59.166.0.9,*,149.171.126.2,80,*,*,*,"[30, 26, 24, 25, 44, 24, 27, 13, 23, 21, 27, 24, 30]"
6924,59.166.0.9,*,149.171.126.2,15843,*,*,*,"[0, 3, 0, 0, 0, 0, 0, 0, 0, 0, 0, 0, 0]"
6925,59.166.0.9,*,149.171.126.2,17751,*,*,*,"[0, 2, 0, 0, 0, 0, 0, 0, 0, 0, 0, 0, 0]"
6926,59.166.0.9,*,149.171.126.2,49198,*,*,*,"[0, 3, 0, 0, 0, 0, 0, 0, 0, 0, 0, 0, 0]"
6927,59.166.0.9,*,149.171.126.2,54867,*,*,*,"[0, 3, 0, 0, 0, 0, 0, 0, 0, 0, 0, 0, 0]"
6928,59.166.0.9,*,149.171.126.2,7644,*,*,*,"[0, 2, 0, 0, 0, 0, 0, 0, 0, 0, 0, 0, 0]"
6929,59.166.0.9,*,149.171.126.2,9620,*,*,*,"[0, 2, 0, 0, 0, 0, 0, 0, 0, 0, 0, 0, 0]"
6930,59.166.0.9,*,149.171.126.2,14987,*,*,*,"[0, 0, 3, 0, 0, 0, 0, 0, 0, 0, 0, 0, 0]"
6931,59.166.0.9,*,149.171.126.2,2869,*,*,*,"[0, 0, 3, 0, 0, 0, 0, 0, 0, 0, 0, 0, 0]"
6932,59.166.0.9,*,149.171.126.2,3398,*,*,*,"[0, 0, 3, 0, 0, 0, 0, 0, 0, 0, 0, 0, 0]"
6933,59.166.0.9,*,149.171.126.2,20048,*,*,*,"[0, 0, 0, 2, 0, 0, 0, 0, 0, 0, 0, 0, 0]"
6934,59.166.0.9,*,149.171.126.2,30639,*,*,*,"[0, 0, 0, 3, 0, 0, 0, 0, 0, 0, 0, 0, 0]"
6935,59.166.0.9,*,149.171.126.2,54131,*,*,*,"[0, 0, 0, 2, 0, 0, 0, 0, 0, 0, 0, 0, 0]"
6936,59.166.0.9,*,149.171.126.2,57521,*,*,*,"[0, 0, 0, 2, 0, 0, 0, 0, 0, 0, 0, 0, 0]"
6937,59.166.0.9,*,149.171.126.2,57588,*,*,*,"[0, 0, 0, 3, 0, 0, 0, 0, 0, 0, 0, 0, 0]"
6938,59.166.0.9,*,149.171.126.2,58003,*,*,*,"[0, 0, 0, 3, 0, 0, 0, 0, 0, 0, 0, 0, 0]"
6939,59.166.0.9,*,149.171.126.2,36222,*,*,*,"[0, 0, 0, 0, 2, 0, 0, 0, 0, 0, 0, 0, 0]"
6940,59.166.0.9,*,149.171.126.2,5131,*,*,*,"[0, 0, 0, 0, 2, 0, 0, 0, 0, 0, 0, 0, 0]"
6941,59.166.0.9,*,149.171.126.2,56995,*,*,*,"[0, 0, 0, 0, 2, 0, 0, 0, 0, 0, 0, 0, 0]"
6942,59.166.0.9,*,149.171.126.2,12319,*,*,*,"[0, 0, 0, 0, 0, 2, 0, 0, 0, 0, 0, 0, 0]"
6943,59.166.0.9,*,149.171.126.2,1305,*,*,*,"[0, 0, 0, 0, 0, 2, 0, 0, 0, 0, 0, 0, 0]"
6944,59.166.0.9,*,149.171.126.2,24550,*,*,*,"[0, 0, 0, 0, 0, 2, 0, 0, 0, 0, 0, 0, 0]"
6945,59.166.0.9,*,149.171.126.2,42265,*,*,*,"[0, 0, 0, 0, 0, 2, 0, 0, 0, 0, 0, 0, 0]"
6946,59.166.0.9,*,149.171.126.2,1220,*,*,*,"[0, 0, 0, 0, 0, 0, 2, 0, 0, 0, 0, 0, 0]"
6947,59.166.0.9,*,149.171.126.2,26416,*,*,*,"[0, 0, 0, 0, 0, 0, 0, 2, 0, 0, 0, 0, 0]"
6948,59.166.0.9,*,149.171.126.2,31861,*,*,*,"[0, 0, 0, 0, 0, 0, 2, 0, 0, 0, 0, 0, 0]"
6949,59.166.0.9,*,149.171.126.2,44463,*,*,*,"[0, 0, 0, 0, 0, 0, 2, 0, 0, 0, 0, 0, 0]"
6950,59.166.0.9,*,149.171.126.2,46556,*,*,*,"[0, 0, 0, 0, 0, 0, 2, 0, 0, 0, 0, 0, 0]"
6951,59.166.0.9,*,149.171.126.2,54484,*,*,*,"[0, 0, 0, 0, 0, 0, 0, 2, 0, 0, 0, 0, 0]"
6952,59.166.0.9,*,149.171.126.2,60641,*,*,*,"[0, 0, 0, 0, 0, 0, 0, 2, 0, 0, 0, 0, 0]"
6953,59.166.0.9,*,149.171.126.2,13582,*,*,*,"[0, 0, 0, 0, 0, 0, 0, 2, 0, 0, 0, 0, 0]"
6954,59.166.0.9,*,149.171.126.2,62964,*,*,*,"[0, 0, 0, 0, 0, 0, 0, 2, 0, 0, 0, 0, 0]"
6955,59.166.0.9,*,149.171.126.2,65009,*,*,*,"[0, 0, 0, 0, 0, 0, 0, 2, 0, 0, 0, 0, 0]"
6956,59.166.0.9,*,149.171.126.2,11460,*,*,*,"[0, 0, 0, 0, 0, 0, 0, 0, 2, 0, 0, 0, 0]"
6957,59.166.0.9,*,149.171.126.2,13455,*,*,*,"[0, 0, 0, 0, 0, 0, 0, 0, 2, 0, 0, 0, 0]"
6958,59.166.0.9,*,149.171.126.2,22627,*,*,*,"[0, 0, 0, 0, 0, 0, 0, 0, 2, 0, 0, 0, 0]"
6959,59.166.0.9,*,149.171.126.2,26631,*,*,*,"[0, 0, 0, 0, 0, 0, 0, 0, 2, 0, 0, 0, 0]"
6960,59.166.0.9,*,149.171.126.2,4212,*,*,*,"[0, 0, 0, 0, 0, 0, 0, 0, 2, 0, 0, 0, 0]"
6961,59.166.0.9,*,149.171.126.2,8998,*,*,*,"[0, 0, 0, 0, 0, 0, 0, 0, 2, 0, 0, 0, 0]"
6962,59.166.0.9,*,149.171.126.2,22432,*,*,*,"[0, 0, 0, 0, 0, 0, 0, 0, 0, 3, 0, 0, 0]"
6963,59.166.0.9,*,149.171.126.2,46326,*,*,*,"[0, 0, 0, 0, 0, 0, 0, 0, 0, 3, 0, 0, 0]"
6964,59.166.0.9,*,149.171.126.2,46967,*,*,*,"[0, 0, 0, 0, 0, 0, 0, 0, 0, 3, 0, 0, 0]"
6965,59.166.0.9,*,149.171.126.2,32991,*,*,*,"[0, 0, 0, 0, 0, 0, 0, 0, 0, 0, 3, 0, 0]"
6966,59.166.0.9,*,149.171.126.2,44976,*,*,*,"[0, 0, 0, 0, 0, 0, 0, 0, 0, 0, 2, 0, 0]"
6967,59.166.0.9,*,149.171.126.2,45963,*,*,*,"[0, 0, 0, 0, 0, 0, 0, 0, 0, 0, 2, 0, 0]"
6968,59.166.0.9,*,149.171.126.2,49991,*,*,*,"[0, 0, 0, 0, 0, 0, 0, 0, 0, 0, 3, 0, 0]"
6969,59.166.0.9,*,149.171.126.2,57668,*,*,*,"[0, 0, 0, 0, 0, 0, 0, 0, 0, 0, 3, 0, 0]"
6970,59.166.0.9,*,149.171.126.2,58781,*,*,*,"[0, 0, 0, 0, 0, 0, 0, 0, 0, 0, 2, 0, 0]"
6971,59.166.0.9,*,149.171.126.2,14575,*,*,*,"[0, 0, 0, 0, 0, 0, 0, 0, 0, 0, 0, 2, 0]"
6972,59.166.0.9,*,149.171.126.2,18583,*,*,*,"[0, 0, 0, 0, 0, 0, 0, 0, 0, 0, 0, 2, 0]"
6973,59.166.0.9,*,149.171.126.2,45717,*,*,*,"[0, 0, 0, 0, 0, 0, 0, 0, 0, 0, 0, 2, 0]"
6974,59.166.0.9,*,149.171.126.2,10394,*,*,*,"[0, 0, 0, 0, 0, 0, 0, 0, 0, 0, 0, 0, 3]"
6975,59.166.0.9,*,149.171.126.2,13839,*,*,*,"[0, 0, 0, 0, 0, 0, 0, 0, 0, 0, 0, 0, 3]"
6976,59.166.0.9,*,149.171.126.2,16398,*,*,*,"[0, 0, 0, 0, 0, 0, 0, 0, 0, 0, 0, 0, 2]"
6977,59.166.0.9,*,149.171.126.2,19518,*,*,*,"[0, 0, 0, 0, 0, 0, 0, 0, 0, 0, 0, 0, 3]"
6978,59.166.0.9,*,149.171.126.2,26866,*,*,*,"[0, 0, 0, 0, 0, 0, 0, 0, 0, 0, 0, 0, 3]"
6979,59.166.0.9,*,149.171.126.2,32528,*,*,*,"[0, 0, 0, 0, 0, 0, 0, 0, 0, 0, 0, 0, 3]"
6980,59.166.0.9,*,149.171.126.2,50688,*,*,*,"[0, 0, 0, 0, 0, 0, 0, 0, 0, 0, 0, 0, 3]"
6981,59.166.0.9,*,149.171.126.2,53740,*,*,*,"[0, 0, 0, 0, 0, 0, 0, 0, 0, 0, 0, 0, 2]"
6982,59.166.0.9,*,149.171.126.2,56959,*,*,*,"[0, 0, 0, 0, 0, 0, 0, 0, 0, 0, 0, 0, 2]"
6983,59.166.0.9,*,149.171.126.3,111,*,*,*,"[15, 15, 20, 12, 11, 7, 13, 10, 15, 6, 13, 12, 11]"
6984,59.166.0.9,*,149.171.126.3,143,*,*,*,"[3, 3, 4, 5, 4, 6, 4, 0, 9, 3, 8, 7, 6]"
6985,59.166.0.9,*,149.171.126.3,18023,*,*,*,"[4, 0, 0, 0, 0, 0, 0, 0, 0, 0, 0, 0, 0]"
6986,59.166.0.9,*,149.171.126.3,21,*,*,*,"[7, 3, 5, 6, 8, 2, 7, 6, 3, 4, 8, 6, 8]"
6987,59.166.0.9,*,149.171.126.3,22,*,*,*,"[3, 4, 8, 10, 7, 7, 0, 0, 3, 3, 12, 10, 5]"
6988,59.166.0.9,*,149.171.126.3,25,*,*,*,"[15, 14, 8, 14, 15, 22, 13, 7, 7, 13, 10, 12, 18]"
6989,59.166.0.9,*,149.171.126.3,32664,*,*,*,"[4, 0, 0, 0, 0, 0, 0, 0, 0, 0, 0, 0, 0]"
6990,59.166.0.9,*,149.171.126.3,4950,*,*,*,"[4, 0, 0, 0, 0, 0, 0, 0, 0, 0, 0, 0, 0]"
6991,59.166.0.9,*,149.171.126.3,5190,*,*,*,"[21, 23, 20, 15, 18, 17, 19, 13, 18, 19, 20, 12, 16]"
6992,59.166.0.9,*,149.171.126.3,53,*,*,*,"[53, 49, 48, 50, 68, 46, 46, 50, 41, 45, 59, 63, 58]"
6993,59.166.0.9,*,149.171.126.3,57668,*,*,*,"[0, 0, 0, 0, 0, 0, 0, 0, 0, 0, 2, 0, 0]"
6994,59.166.0.9,*,149.171.126.3,6881,*,*,*,"[6, 24, 12, 24, 12, 0, 42, 36, 6, 0, 24, 24, 30]"
6995,59.166.0.9,*,149.171.126.3,80,*,*,*,"[30, 25, 28, 25, 31, 23, 27, 18, 29, 20, 25, 27, 37]"
6996,59.166.0.9,*,149.171.126.3,14987,*,*,*,"[0, 0, 2, 0, 0, 0, 0, 0, 0, 0, 0, 0, 0]"
6997,59.166.0.9,*,149.171.126.3,2869,*,*,*,"[0, 0, 2, 0, 0, 0, 0, 0, 0, 0, 0, 0, 0]"
6998,59.166.0.9,*,149.171.126.3,3398,*,*,*,"[0, 0, 2, 0, 0, 0, 0, 0, 0, 0, 0, 0, 0]"
6999,59.166.0.9,*,149.171.126.3,30639,*,*,*,"[0, 0, 0, 3, 0, 0, 0, 0, 0, 0, 0, 0, 0]"
7000,59.166.0.9,*,149.171.126.3,57588,*,*,*,"[0, 0, 0, 3, 0, 0, 0, 0, 0, 0, 0, 0, 0]"
7001,59.166.0.9,*,149.171.126.3,58003,*,*,*,"[0, 0, 0, 3, 0, 0, 0, 0, 0, 0, 0, 0, 0]"
7002,59.166.0.9,*,149.171.126.3,12916,*,*,*,"[0, 0, 0, 0, 2, 0, 0, 0, 0, 0, 0, 0, 0]"
7003,59.166.0.9,*,149.171.126.3,29238,*,*,*,"[0, 0, 0, 0, 2, 0, 0, 0, 0, 0, 0, 0, 0]"
7004,59.166.0.9,*,149.171.126.3,33656,*,*,*,"[0, 0, 0, 0, 2, 0, 0, 0, 0, 0, 0, 0, 0]"
7005,59.166.0.9,*,149.171.126.3,36222,*,*,*,"[0, 0, 0, 0, 4, 0, 0, 0, 0, 0, 0, 0, 0]"
7006,59.166.0.9,*,149.171.126.3,5131,*,*,*,"[0, 0, 0, 0, 4, 0, 0, 0, 0, 0, 0, 0, 0]"
7007,59.166.0.9,*,149.171.126.3,56995,*,*,*,"[0, 0, 0, 0, 4, 0, 0, 0, 0, 0, 0, 0, 0]"
7008,59.166.0.9,*,149.171.126.3,15419,*,*,*,"[0, 0, 0, 0, 0, 0, 2, 0, 0, 0, 0, 0, 0]"
7009,59.166.0.9,*,149.171.126.3,31861,*,*,*,"[0, 0, 0, 0, 0, 0, 4, 0, 0, 0, 0, 0, 0]"
7010,59.166.0.9,*,149.171.126.3,44463,*,*,*,"[0, 0, 0, 0, 0, 0, 4, 0, 0, 0, 0, 0, 0]"
7011,59.166.0.9,*,149.171.126.3,46556,*,*,*,"[0, 0, 0, 0, 0, 0, 4, 0, 0, 0, 0, 0, 0]"
7012,59.166.0.9,*,149.171.126.3,52639,*,*,*,"[0, 0, 0, 0, 0, 0, 2, 0, 0, 0, 0, 0, 0]"
7013,59.166.0.9,*,149.171.126.3,8051,*,*,*,"[0, 0, 0, 0, 0, 0, 2, 0, 0, 0, 0, 0, 0]"
7014,59.166.0.9,*,149.171.126.3,54475,*,*,*,"[0, 0, 0, 0, 0, 0, 0, 3, 0, 0, 0, 0, 0]"
7015,59.166.0.9,*,149.171.126.3,55348,*,*,*,"[0, 0, 0, 0, 0, 0, 0, 3, 0, 0, 0, 0, 0]"
7016,59.166.0.9,*,149.171.126.3,64665,*,*,*,"[0, 0, 0, 0, 0, 0, 0, 3, 0, 0, 0, 0, 0]"
7017,59.166.0.9,*,149.171.126.3,27977,*,*,*,"[0, 0, 0, 0, 0, 0, 0, 0, 2, 0, 0, 0, 0]"
7018,59.166.0.9,*,149.171.126.3,36106,*,*,*,"[0, 0, 0, 0, 0, 0, 0, 0, 2, 0, 0, 0, 0]"
7019,59.166.0.9,*,149.171.126.3,37612,*,*,*,"[0, 0, 0, 0, 0, 0, 0, 0, 2, 0, 0, 0, 0]"
7020,59.166.0.9,*,149.171.126.3,56854,*,*,*,"[0, 0, 0, 0, 0, 0, 0, 0, 2, 0, 0, 0, 0]"
7021,59.166.0.9,*,149.171.126.3,62821,*,*,*,"[0, 0, 0, 0, 0, 0, 0, 0, 0, 2, 0, 0, 0]"
7022,59.166.0.9,*,149.171.126.3,63656,*,*,*,"[0, 0, 0, 0, 0, 0, 0, 0, 0, 2, 0, 0, 0]"
7023,59.166.0.9,*,149.171.126.3,65504,*,*,*,"[0, 0, 0, 0, 0, 0, 0, 0, 0, 2, 0, 0, 0]"
7024,59.166.0.9,*,149.171.126.3,23815,*,*,*,"[0, 0, 0, 0, 0, 0, 0, 0, 0, 0, 3, 0, 0]"
7025,59.166.0.9,*,149.171.126.3,23898,*,*,*,"[0, 0, 0, 0, 0, 0, 0, 0, 0, 0, 3, 0, 0]"
7026,59.166.0.9,*,149.171.126.3,25885,*,*,*,"[0, 0, 0, 0, 0, 0, 0, 0, 0, 0, 3, 0, 0]"
7027,59.166.0.9,*,149.171.126.3,32991,*,*,*,"[0, 0, 0, 0, 0, 0, 0, 0, 0, 0, 2, 0, 0]"
7028,59.166.0.9,*,149.171.126.3,49991,*,*,*,"[0, 0, 0, 0, 0, 0, 0, 0, 0, 0, 2, 0, 0]"
7029,59.166.0.9,*,149.171.126.3,14575,*,*,*,"[0, 0, 0, 0, 0, 0, 0, 0, 0, 0, 0, 2, 0]"
7030,59.166.0.9,*,149.171.126.3,18583,*,*,*,"[0, 0, 0, 0, 0, 0, 0, 0, 0, 0, 0, 2, 0]"
7031,59.166.0.9,*,149.171.126.3,20919,*,*,*,"[0, 0, 0, 0, 0, 0, 0, 0, 0, 0, 0, 2, 0]"
7032,59.166.0.9,*,149.171.126.3,36239,*,*,*,"[0, 0, 0, 0, 0, 0, 0, 0, 0, 0, 0, 2, 0]"
7033,59.166.0.9,*,149.171.126.3,45717,*,*,*,"[0, 0, 0, 0, 0, 0, 0, 0, 0, 0, 0, 2, 0]"
7034,59.166.0.9,*,149.171.126.3,49502,*,*,*,"[0, 0, 0, 0, 0, 0, 0, 0, 0, 0, 0, 2, 0]"
7035,59.166.0.9,*,149.171.126.3,10394,*,*,*,"[0, 0, 0, 0, 0, 0, 0, 0, 0, 0, 0, 0, 2]"
7036,59.166.0.9,*,149.171.126.3,16398,*,*,*,"[0, 0, 0, 0, 0, 0, 0, 0, 0, 0, 0, 0, 4]"
7037,59.166.0.9,*,149.171.126.3,19518,*,*,*,"[0, 0, 0, 0, 0, 0, 0, 0, 0, 0, 0, 0, 2]"
7038,59.166.0.9,*,149.171.126.3,32528,*,*,*,"[0, 0, 0, 0, 0, 0, 0, 0, 0, 0, 0, 0, 2]"
7039,59.166.0.9,*,149.171.126.3,53740,*,*,*,"[0, 0, 0, 0, 0, 0, 0, 0, 0, 0, 0, 0, 4]"
7040,59.166.0.9,*,149.171.126.3,56959,*,*,*,"[0, 0, 0, 0, 0, 0, 0, 0, 0, 0, 0, 0, 4]"
7041,59.166.0.9,*,149.171.126.4,111,*,*,*,"[16, 13, 13, 10, 20, 8, 9, 8, 7, 20, 9, 12, 9]"
7042,59.166.0.9,*,149.171.126.4,11399,*,*,*,"[2, 0, 0, 0, 0, 0, 0, 0, 0, 0, 0, 0, 0]"
7043,59.166.0.9,*,149.171.126.4,143,*,*,*,"[4, 4, 9, 5, 7, 3, 6, 7, 6, 6, 7, 7, 3]"
7044,59.166.0.9,*,149.171.126.4,18023,*,*,*,"[2, 0, 0, 0, 0, 0, 0, 0, 0, 0, 0, 0, 0]"
7045,59.166.0.9,*,149.171.126.4,21,*,*,*,"[5, 10, 6, 8, 2, 12, 4, 5, 4, 7, 8, 4, 4]"
7046,59.166.0.9,*,149.171.126.4,22,*,*,*,"[7, 2, 10, 11, 9, 3, 0, 4, 3, 4, 8, 8, 8]"
7047,59.166.0.9,*,149.171.126.4,25,*,*,*,"[9, 16, 13, 5, 10, 10, 8, 9, 9, 11, 14, 12, 11]"
7048,59.166.0.9,*,149.171.126.4,26143,*,*,*,"[2, 0, 0, 0, 0, 0, 0, 0, 0, 0, 0, 0, 0]"
7049,59.166.0.9,*,149.171.126.4,32664,*,*,*,"[2, 0, 0, 0, 0, 0, 0, 0, 0, 0, 0, 0, 0]"
7050,59.166.0.9,*,149.171.126.4,4950,*,*,*,"[2, 0, 0, 0, 0, 0, 0, 0, 0, 0, 0, 0, 0]"
7051,59.166.0.9,*,149.171.126.4,5190,*,*,*,"[16, 27, 15, 11, 17, 19, 32, 13, 19, 21, 14, 10, 13]"
7052,59.166.0.9,*,149.171.126.4,52294,*,*,*,"[2, 0, 0, 0, 0, 0, 0, 0, 0, 0, 0, 0, 0]"
7053,59.166.0.9,*,149.171.126.4,53,*,*,*,"[50, 60, 48, 50, 64, 38, 50, 54, 54, 47, 60, 64, 46]"
7054,59.166.0.9,*,149.171.126.4,58003,*,*,*,"[0, 0, 0, 2, 0, 0, 0, 0, 0, 0, 0, 0, 0]"
7055,59.166.0.9,*,149.171.126.4,6881,*,*,*,"[18, 18, 12, 37, 0, 12, 48, 30, 24, 6, 18, 12, 19]"
7056,59.166.0.9,*,149.171.126.4,80,*,*,*,"[29, 24, 27, 35, 29, 17, 29, 34, 27, 26, 20, 24, 19]"
7057,59.166.0.9,*,149.171.126.4,14724,*,*,*,"[0, 2, 0, 0, 0, 0, 0, 0, 0, 0, 0, 0, 0]"
7058,59.166.0.9,*,149.171.126.4,15843,*,*,*,"[0, 3, 0, 0, 0, 0, 0, 0, 0, 0, 0, 0, 0]"
7059,59.166.0.9,*,149.171.126.4,17751,*,*,*,"[0, 2, 0, 0, 0, 0, 0, 0, 0, 0, 0, 0, 0]"
7060,59.166.0.9,*,149.171.126.4,31010,*,*,*,"[0, 2, 0, 0, 0, 0, 0, 0, 0, 0, 0, 0, 0]"
7061,59.166.0.9,*,149.171.126.4,43267,*,*,*,"[0, 2, 0, 0, 0, 0, 0, 0, 0, 0, 0, 0, 0]"
7062,59.166.0.9,*,149.171.126.4,49198,*,*,*,"[0, 3, 0, 0, 0, 0, 0, 0, 0, 0, 0, 0, 0]"
7063,59.166.0.9,*,149.171.126.4,49439,*,*,*,"[0, 2, 0, 0, 0, 0, 0, 0, 0, 0, 0, 0, 0]"
7064,59.166.0.9,*,149.171.126.4,54867,*,*,*,"[0, 3, 0, 0, 0, 0, 0, 0, 0, 0, 0, 0, 0]"
7065,59.166.0.9,*,149.171.126.4,57753,*,*,*,"[0, 2, 0, 0, 0, 0, 0, 0, 0, 0, 0, 0, 0]"
7066,59.166.0.9,*,149.171.126.4,61834,*,*,*,"[0, 2, 0, 0, 0, 0, 0, 0, 0, 0, 0, 0, 0]"
7067,59.166.0.9,*,149.171.126.4,7644,*,*,*,"[0, 2, 0, 0, 0, 0, 0, 0, 0, 0, 0, 0, 0]"
7068,59.166.0.9,*,149.171.126.4,9620,*,*,*,"[0, 2, 0, 0, 0, 0, 0, 0, 0, 0, 0, 0, 0]"
7069,59.166.0.9,*,149.171.126.4,26927,*,*,*,"[0, 0, 2, 0, 0, 0, 0, 0, 0, 0, 0, 0, 0]"
7070,59.166.0.9,*,149.171.126.4,30639,*,*,*,"[0, 0, 0, 2, 0, 0, 0, 0, 0, 0, 0, 0, 0]"
7071,59.166.0.9,*,149.171.126.4,34484,*,*,*,"[0, 0, 2, 0, 0, 0, 0, 0, 0, 0, 0, 0, 0]"
7072,59.166.0.9,*,149.171.126.4,57588,*,*,*,"[0, 0, 0, 2, 0, 0, 0, 0, 0, 0, 0, 0, 0]"
7073,59.166.0.9,*,149.171.126.4,60997,*,*,*,"[0, 0, 2, 0, 0, 0, 0, 0, 0, 0, 0, 0, 0]"
7074,59.166.0.9,*,149.171.126.4,1397,*,*,*,"[0, 0, 0, 5, 0, 0, 0, 0, 0, 0, 0, 0, 0]"
7075,59.166.0.9,*,149.171.126.4,21831,*,*,*,"[0, 0, 0, 5, 0, 0, 0, 0, 0, 0, 0, 0, 0]"
7076,59.166.0.9,*,149.171.126.4,45133,*,*,*,"[0, 0, 0, 5, 0, 0, 0, 0, 0, 0, 0, 0, 0]"
7077,59.166.0.9,*,149.171.126.4,12319,*,*,*,"[0, 0, 0, 0, 0, 2, 0, 0, 0, 0, 0, 0, 0]"
7078,59.166.0.9,*,149.171.126.4,18292,*,*,*,"[0, 0, 0, 0, 0, 3, 0, 0, 0, 0, 0, 0, 0]"
7079,59.166.0.9,*,149.171.126.4,18741,*,*,*,"[0, 0, 0, 0, 0, 3, 0, 0, 0, 0, 0, 0, 0]"
7080,59.166.0.9,*,149.171.126.4,22481,*,*,*,"[0, 0, 0, 0, 0, 2, 0, 0, 0, 0, 0, 0, 0]"
7081,59.166.0.9,*,149.171.126.4,24550,*,*,*,"[0, 0, 0, 0, 0, 2, 0, 0, 0, 0, 0, 0, 0]"
7082,59.166.0.9,*,149.171.126.4,26869,*,*,*,"[0, 0, 0, 0, 0, 2, 0, 0, 0, 0, 0, 0, 0]"
7083,59.166.0.9,*,149.171.126.4,28875,*,*,*,"[0, 0, 0, 0, 0, 3, 0, 0, 0, 0, 0, 0, 0]"
7084,59.166.0.9,*,149.171.126.4,41018,*,*,*,"[0, 0, 0, 0, 0, 2, 0, 0, 0, 0, 0, 0, 0]"
7085,59.166.0.9,*,149.171.126.4,42265,*,*,*,"[0, 0, 0, 0, 0, 2, 0, 0, 0, 0, 0, 0, 0]"
7086,59.166.0.9,*,149.171.126.4,43825,*,*,*,"[0, 0, 0, 0, 0, 3, 0, 0, 0, 0, 0, 0, 0]"
7087,59.166.0.9,*,149.171.126.4,50827,*,*,*,"[0, 0, 0, 0, 0, 3, 0, 0, 0, 0, 0, 0, 0]"
7088,59.166.0.9,*,149.171.126.4,60894,*,*,*,"[0, 0, 0, 0, 0, 3, 0, 0, 0, 0, 0, 0, 0]"
7089,59.166.0.9,*,149.171.126.4,41643,*,*,*,"[0, 0, 0, 0, 0, 0, 0, 2, 2, 0, 0, 0, 0]"
7090,59.166.0.9,*,149.171.126.4,45637,*,*,*,"[0, 0, 0, 0, 0, 0, 0, 2, 2, 0, 0, 0, 0]"
7091,59.166.0.9,*,149.171.126.4,59699,*,*,*,"[0, 0, 0, 0, 0, 0, 0, 2, 2, 0, 0, 0, 0]"
7092,59.166.0.9,*,149.171.126.4,1906,*,*,*,"[0, 0, 0, 0, 0, 0, 0, 0, 0, 2, 0, 0, 0]"
7093,59.166.0.9,*,149.171.126.4,3038,*,*,*,"[0, 0, 0, 0, 0, 0, 0, 0, 0, 2, 0, 0, 0]"
7094,59.166.0.9,*,149.171.126.4,54587,*,*,*,"[0, 0, 0, 0, 0, 0, 0, 0, 0, 2, 0, 0, 0]"
7095,59.166.0.9,*,149.171.126.4,62821,*,*,*,"[0, 0, 0, 0, 0, 0, 0, 0, 0, 2, 0, 0, 0]"
7096,59.166.0.9,*,149.171.126.4,63656,*,*,*,"[0, 0, 0, 0, 0, 0, 0, 0, 0, 2, 0, 0, 0]"
7097,59.166.0.9,*,149.171.126.4,65504,*,*,*,"[0, 0, 0, 0, 0, 0, 0, 0, 0, 2, 0, 0, 0]"
7098,59.166.0.9,*,149.171.126.4,32991,*,*,*,"[0, 0, 0, 0, 0, 0, 0, 0, 0, 0, 2, 0, 0]"
7099,59.166.0.9,*,149.171.126.4,34316,*,*,*,"[0, 0, 0, 0, 0, 0, 0, 0, 0, 0, 2, 0, 0]"
7100,59.166.0.9,*,149.171.126.4,43493,*,*,*,"[0, 0, 0, 0, 0, 0, 0, 0, 0, 0, 2, 0, 0]"
7101,59.166.0.9,*,149.171.126.4,44976,*,*,*,"[0, 0, 0, 0, 0, 0, 0, 0, 0, 0, 2, 0, 0]"
7102,59.166.0.9,*,149.171.126.4,45963,*,*,*,"[0, 0, 0, 0, 0, 0, 0, 0, 0, 0, 2, 0, 0]"
7103,59.166.0.9,*,149.171.126.4,49991,*,*,*,"[0, 0, 0, 0, 0, 0, 0, 0, 0, 0, 2, 0, 0]"
7104,59.166.0.9,*,149.171.126.4,53517,*,*,*,"[0, 0, 0, 0, 0, 0, 0, 0, 0, 0, 2, 0, 0]"
7105,59.166.0.9,*,149.171.126.4,57668,*,*,*,"[0, 0, 0, 0, 0, 0, 0, 0, 0, 0, 2, 0, 0]"
7106,59.166.0.9,*,149.171.126.4,58781,*,*,*,"[0, 0, 0, 0, 0, 0, 0, 0, 0, 0, 2, 0, 0]"
7107,59.166.0.9,*,149.171.126.4,11513,*,*,*,"[0, 0, 0, 0, 0, 0, 0, 0, 0, 0, 0, 3, 0]"
7108,59.166.0.9,*,149.171.126.4,19056,*,*,*,"[0, 0, 0, 0, 0, 0, 0, 0, 0, 0, 0, 3, 0]"
7109,59.166.0.9,*,149.171.126.4,56614,*,*,*,"[0, 0, 0, 0, 0, 0, 0, 0, 0, 0, 0, 3, 0]"
7110,59.166.0.9,*,149.171.126.4,13839,*,*,*,"[0, 0, 0, 0, 0, 0, 0, 0, 0, 0, 0, 0, 2]"
7111,59.166.0.9,*,149.171.126.4,26866,*,*,*,"[0, 0, 0, 0, 0, 0, 0, 0, 0, 0, 0, 0, 2]"
7112,59.166.0.9,*,149.171.126.4,50688,*,*,*,"[0, 0, 0, 0, 0, 0, 0, 0, 0, 0, 0, 0, 2]"
7113,59.166.0.9,*,149.171.126.5,111,*,*,*,"[7, 8, 13, 10, 5, 14, 12, 8, 15, 11, 6, 19, 6]"
7114,59.166.0.9,*,149.171.126.5,143,*,*,*,"[7, 10, 7, 5, 4, 8, 4, 2, 7, 12, 9, 11, 7]"
7115,59.166.0.9,*,149.171.126.5,17087,*,*,*,"[2, 0, 0, 0, 0, 0, 0, 0, 0, 0, 0, 0, 0]"
7116,59.166.0.9,*,149.171.126.5,21,*,*,*,"[7, 5, 8, 10, 3, 10, 7, 7, 9, 4, 8, 10, 9]"
7117,59.166.0.9,*,149.171.126.5,22,*,*,*,"[5, 3, 6, 18, 9, 10, 4, 4, 5, 6, 8, 7, 10]"
7118,59.166.0.9,*,149.171.126.5,25,*,*,*,"[10, 21, 11, 17, 13, 3, 9, 3, 15, 15, 14, 13, 13]"
7119,59.166.0.9,*,149.171.126.5,27934,*,*,*,"[3, 0, 0, 0, 0, 0, 0, 0, 0, 0, 0, 0, 0]"
7120,59.166.0.9,*,149.171.126.5,35719,*,*,*,"[3, 0, 0, 0, 0, 0, 0, 0, 0, 0, 0, 0, 0]"
7121,59.166.0.9,*,149.171.126.5,42130,*,*,*,"[3, 0, 0, 0, 0, 0, 0, 0, 0, 0, 0, 0, 0]"
7122,59.166.0.9,*,149.171.126.5,45548,*,*,*,"[2, 0, 0, 0, 0, 0, 0, 0, 0, 0, 0, 0, 0]"
7123,59.166.0.9,*,149.171.126.5,5190,*,*,*,"[21, 24, 20, 11, 18, 17, 13, 10, 24, 22, 14, 10, 14]"
7124,59.166.0.9,*,149.171.126.5,52796,*,*,*,"[2, 0, 0, 0, 0, 0, 0, 0, 0, 0, 0, 0, 0]"
7125,59.166.0.9,*,149.171.126.5,53,*,*,*,"[53, 46, 54, 50, 58, 38, 58, 32, 55, 47, 59, 39, 51]"
7126,59.166.0.9,*,149.171.126.5,6881,*,*,*,"[18, 24, 12, 18, 30, 0, 30, 42, 30, 18, 6, 0, 36]"
7127,59.166.0.9,*,149.171.126.5,80,*,*,*,"[22, 17, 27, 27, 20, 26, 26, 26, 31, 25, 21, 21, 22]"
7128,59.166.0.9,*,149.171.126.5,15843,*,*,*,"[0, 3, 0, 0, 0, 0, 0, 0, 0, 0, 0, 0, 0]"
7129,59.166.0.9,*,149.171.126.5,49198,*,*,*,"[0, 3, 0, 0, 0, 0, 0, 0, 0, 0, 0, 0, 0]"
7130,59.166.0.9,*,149.171.126.5,54867,*,*,*,"[0, 3, 0, 0, 0, 0, 0, 0, 0, 0, 0, 0, 0]"
7131,59.166.0.9,*,149.171.126.5,11680,*,*,*,"[0, 0, 2, 2, 0, 0, 0, 0, 0, 0, 0, 0, 0]"
7132,59.166.0.9,*,149.171.126.5,1254,*,*,*,"[0, 0, 3, 0, 0, 0, 0, 0, 0, 0, 0, 0, 0]"
7133,59.166.0.9,*,149.171.126.5,25409,*,*,*,"[0, 0, 3, 0, 0, 0, 0, 0, 0, 0, 0, 0, 0]"
7134,59.166.0.9,*,149.171.126.5,3208,*,*,*,"[0, 0, 3, 0, 0, 0, 0, 0, 0, 0, 0, 0, 0]"
7135,59.166.0.9,*,149.171.126.5,32547,*,*,*,"[0, 0, 3, 0, 0, 0, 0, 0, 0, 0, 0, 0, 0]"
7136,59.166.0.9,*,149.171.126.5,32912,*,*,*,"[0, 0, 2, 2, 0, 0, 0, 0, 0, 0, 0, 0, 0]"
7137,59.166.0.9,*,149.171.126.5,34154,*,*,*,"[0, 0, 3, 0, 0, 0, 0, 0, 0, 0, 0, 0, 0]"
7138,59.166.0.9,*,149.171.126.5,44685,*,*,*,"[0, 0, 2, 2, 0, 0, 0, 0, 0, 0, 0, 0, 0]"
7139,59.166.0.9,*,149.171.126.5,61745,*,*,*,"[0, 0, 3, 0, 0, 0, 0, 0, 0, 0, 0, 0, 0]"
7140,59.166.0.9,*,149.171.126.5,20048,*,*,*,"[0, 0, 0, 2, 0, 0, 0, 0, 0, 0, 0, 0, 0]"
7141,59.166.0.9,*,149.171.126.5,30639,*,*,*,"[0, 0, 0, 4, 0, 0, 0, 0, 0, 0, 0, 0, 0]"
7142,59.166.0.9,*,149.171.126.5,45133,*,*,*,"[0, 0, 0, 2, 0, 0, 0, 0, 0, 0, 0, 0, 0]"
7143,59.166.0.9,*,149.171.126.5,54131,*,*,*,"[0, 0, 0, 2, 0, 0, 0, 0, 0, 0, 0, 0, 0]"
7144,59.166.0.9,*,149.171.126.5,57521,*,*,*,"[0, 0, 0, 2, 0, 0, 0, 0, 0, 0, 0, 0, 0]"
7145,59.166.0.9,*,149.171.126.5,57588,*,*,*,"[0, 0, 0, 4, 0, 0, 0, 0, 0, 0, 0, 0, 0]"
7146,59.166.0.9,*,149.171.126.5,58003,*,*,*,"[0, 0, 0, 4, 0, 0, 0, 0, 0, 0, 0, 0, 0]"
7147,59.166.0.9,*,149.171.126.5,26373,*,*,*,"[0, 0, 0, 0, 0, 2, 0, 0, 0, 0, 0, 0, 0]"
7148,59.166.0.9,*,149.171.126.5,40239,*,*,*,"[0, 0, 0, 0, 0, 2, 0, 0, 0, 0, 0, 0, 0]"
7149,59.166.0.9,*,149.171.126.5,6517,*,*,*,"[0, 0, 0, 0, 0, 2, 0, 0, 0, 0, 0, 0, 0]"
7150,59.166.0.9,*,149.171.126.5,15489,*,*,*,"[0, 0, 0, 0, 0, 2, 0, 0, 0, 0, 0, 0, 0]"
7151,59.166.0.9,*,149.171.126.5,25349,*,*,*,"[0, 0, 0, 0, 0, 0, 2, 0, 0, 0, 0, 0, 0]"
7152,59.166.0.9,*,149.171.126.5,34138,*,*,*,"[0, 0, 0, 0, 0, 2, 0, 0, 0, 0, 0, 0, 0]"
7153,59.166.0.9,*,149.171.126.5,38225,*,*,*,"[0, 0, 0, 0, 0, 0, 2, 0, 0, 0, 0, 0, 0]"
7154,59.166.0.9,*,149.171.126.5,42523,*,*,*,"[0, 0, 0, 0, 0, 2, 0, 0, 0, 0, 0, 0, 0]"
7155,59.166.0.9,*,149.171.126.5,43825,*,*,*,"[0, 0, 0, 0, 0, 3, 0, 0, 0, 0, 0, 0, 0]"
7156,59.166.0.9,*,149.171.126.5,50827,*,*,*,"[0, 0, 0, 0, 0, 3, 0, 0, 0, 0, 0, 0, 0]"
7157,59.166.0.9,*,149.171.126.5,52431,*,*,*,"[0, 0, 0, 0, 0, 0, 2, 0, 0, 0, 0, 0, 0]"
7158,59.166.0.9,*,149.171.126.5,60894,*,*,*,"[0, 0, 0, 0, 0, 3, 0, 0, 0, 0, 0, 0, 0]"
7159,59.166.0.9,*,149.171.126.5,31861,*,*,*,"[0, 0, 0, 0, 0, 0, 2, 0, 0, 0, 0, 0, 0]"
7160,59.166.0.9,*,149.171.126.5,44463,*,*,*,"[0, 0, 0, 0, 0, 0, 2, 0, 0, 0, 0, 0, 0]"
7161,59.166.0.9,*,149.171.126.5,46556,*,*,*,"[0, 0, 0, 0, 0, 0, 2, 0, 0, 0, 0, 0, 0]"
7162,59.166.0.9,*,149.171.126.5,54475,*,*,*,"[0, 0, 0, 0, 0, 0, 0, 4, 0, 0, 0, 0, 0]"
7163,59.166.0.9,*,149.171.126.5,55348,*,*,*,"[0, 0, 0, 0, 0, 0, 0, 4, 0, 0, 0, 0, 0]"
7164,59.166.0.9,*,149.171.126.5,64665,*,*,*,"[0, 0, 0, 0, 0, 0, 0, 4, 0, 0, 0, 0, 0]"
7165,59.166.0.9,*,149.171.126.5,10397,*,*,*,"[0, 0, 0, 0, 0, 0, 0, 0, 2, 0, 0, 0, 0]"
7166,59.166.0.9,*,149.171.126.5,11460,*,*,*,"[0, 0, 0, 0, 0, 0, 0, 0, 4, 0, 0, 0, 0]"
7167,59.166.0.9,*,149.171.126.5,13455,*,*,*,"[0, 0, 0, 0, 0, 0, 0, 0, 4, 0, 0, 0, 0]"
7168,59.166.0.9,*,149.171.126.5,26631,*,*,*,"[0, 0, 0, 0, 0, 0, 0, 0, 4, 0, 0, 0, 0]"
7169,59.166.0.9,*,149.171.126.5,36106,*,*,*,"[0, 0, 0, 0, 0, 0, 0, 0, 3, 0, 0, 0, 0]"
7170,59.166.0.9,*,149.171.126.5,37612,*,*,*,"[0, 0, 0, 0, 0, 0, 0, 0, 3, 0, 0, 0, 0]"
7171,59.166.0.9,*,149.171.126.5,44321,*,*,*,"[0, 0, 0, 0, 0, 0, 0, 0, 2, 0, 0, 0, 0]"
7172,59.166.0.9,*,149.171.126.5,56658,*,*,*,"[0, 0, 0, 0, 0, 0, 0, 0, 2, 0, 0, 0, 0]"
7173,59.166.0.9,*,149.171.126.5,56854,*,*,*,"[0, 0, 0, 0, 0, 0, 0, 0, 3, 0, 0, 0, 0]"
7174,59.166.0.9,*,149.171.126.5,62821,*,*,*,"[0, 0, 0, 0, 0, 0, 0, 0, 0, 2, 0, 0, 0]"
7175,59.166.0.9,*,149.171.126.5,63656,*,*,*,"[0, 0, 0, 0, 0, 0, 0, 0, 0, 2, 0, 0, 0]"
7176,59.166.0.9,*,149.171.126.5,65504,*,*,*,"[0, 0, 0, 0, 0, 0, 0, 0, 0, 2, 0, 0, 0]"
7177,59.166.0.9,*,149.171.126.5,13761,*,*,*,"[0, 0, 0, 0, 0, 0, 0, 0, 0, 0, 3, 0, 0]"
7178,59.166.0.9,*,149.171.126.5,31484,*,*,*,"[0, 0, 0, 0, 0, 0, 0, 0, 0, 0, 3, 0, 0]"
7179,59.166.0.9,*,149.171.126.5,34316,*,*,*,"[0, 0, 0, 0, 0, 0, 0, 0, 0, 0, 2, 0, 0]"
7180,59.166.0.9,*,149.171.126.5,38033,*,*,*,"[0, 0, 0, 0, 0, 0, 0, 0, 0, 0, 3, 0, 0]"
7181,59.166.0.9,*,149.171.126.5,43493,*,*,*,"[0, 0, 0, 0, 0, 0, 0, 0, 0, 0, 2, 0, 0]"
7182,59.166.0.9,*,149.171.126.5,53517,*,*,*,"[0, 0, 0, 0, 0, 0, 0, 0, 0, 0, 2, 0, 0]"
7183,59.166.0.9,*,149.171.126.5,13904,*,*,*,"[0, 0, 0, 0, 0, 0, 0, 0, 0, 0, 0, 3, 0]"
7184,59.166.0.9,*,149.171.126.5,25974,*,*,*,"[0, 0, 0, 0, 0, 0, 0, 0, 0, 0, 0, 3, 0]"
7185,59.166.0.9,*,149.171.126.5,36781,*,*,*,"[0, 0, 0, 0, 0, 0, 0, 0, 0, 0, 0, 3, 0]"
7186,59.166.0.9,*,149.171.126.5,55155,*,*,*,"[0, 0, 0, 0, 0, 0, 0, 0, 0, 0, 0, 3, 0]"
7187,59.166.0.9,*,149.171.126.5,56334,*,*,*,"[0, 0, 0, 0, 0, 0, 0, 0, 0, 0, 0, 3, 0]"
7188,59.166.0.9,*,149.171.126.5,56852,*,*,*,"[0, 0, 0, 0, 0, 0, 0, 0, 0, 0, 0, 3, 0]"
7189,59.166.0.9,*,149.171.126.5,16398,*,*,*,"[0, 0, 0, 0, 0, 0, 0, 0, 0, 0, 0, 0, 2]"
7190,59.166.0.9,*,149.171.126.5,21133,*,*,*,"[0, 0, 0, 0, 0, 0, 0, 0, 0, 0, 0, 0, 3]"
7191,59.166.0.9,*,149.171.126.5,48182,*,*,*,"[0, 0, 0, 0, 0, 0, 0, 0, 0, 0, 0, 0, 3]"
7192,59.166.0.9,*,149.171.126.5,53740,*,*,*,"[0, 0, 0, 0, 0, 0, 0, 0, 0, 0, 0, 0, 2]"
7193,59.166.0.9,*,149.171.126.5,56959,*,*,*,"[0, 0, 0, 0, 0, 0, 0, 0, 0, 0, 0, 0, 2]"
7194,59.166.0.9,*,149.171.126.5,63753,*,*,*,"[0, 0, 0, 0, 0, 0, 0, 0, 0, 0, 0, 0, 3]"
7195,59.166.0.9,*,149.171.126.6,111,*,*,*,"[17, 11, 10, 10, 12, 10, 7, 8, 16, 13, 12, 20, 9]"
7196,59.166.0.9,*,149.171.126.6,11399,*,*,*,"[2, 0, 0, 0, 0, 0, 0, 0, 0, 0, 0, 0, 0]"
7197,59.166.0.9,*,149.171.126.6,143,*,*,*,"[6, 6, 10, 5, 5, 11, 11, 4, 3, 11, 6, 8, 8]"
7198,59.166.0.9,*,149.171.126.6,17087,*,*,*,"[5, 0, 0, 0, 0, 0, 0, 0, 0, 0, 0, 0, 0]"
7199,59.166.0.9,*,149.171.126.6,21,*,*,*,"[8, 8, 7, 8, 12, 7, 4, 7, 8, 6, 7, 8, 3]"
7200,59.166.0.9,*,149.171.126.6,22,*,*,*,"[4, 7, 5, 7, 7, 6, 2, 2, 4, 4, 6, 5, 15]"
7201,59.166.0.9,*,149.171.126.6,25,*,*,*,"[11, 10, 13, 10, 14, 17, 10, 4, 11, 9, 14, 8, 11]"
7202,59.166.0.9,*,149.171.126.6,26143,*,*,*,"[2, 0, 0, 0, 0, 0, 0, 0, 0, 0, 0, 0, 0]"
7203,59.166.0.9,*,149.171.126.6,45548,*,*,*,"[5, 0, 0, 0, 0, 0, 0, 0, 0, 0, 0, 0, 0]"
7204,59.166.0.9,*,149.171.126.6,5190,*,*,*,"[23, 18, 21, 9, 11, 18, 23, 8, 21, 24, 17, 15, 13]"
7205,59.166.0.9,*,149.171.126.6,52294,*,*,*,"[2, 0, 0, 0, 0, 0, 0, 0, 0, 0, 0, 0, 0]"
7206,59.166.0.9,*,149.171.126.6,52796,*,*,*,"[5, 0, 0, 0, 0, 0, 0, 0, 0, 0, 0, 0, 0]"
7207,59.166.0.9,*,149.171.126.6,53,*,*,*,"[62, 35, 54, 75, 62, 57, 49, 47, 55, 40, 52, 50, 58]"
7208,59.166.0.9,*,149.171.126.6,6881,*,*,*,"[18, 6, 0, 48, 18, 6, 36, 18, 12, 0, 6, 12, 12]"
7209,59.166.0.9,*,149.171.126.6,80,*,*,*,"[24, 21, 29, 37, 29, 33, 27, 21, 26, 20, 25, 25, 24]"
7210,59.166.0.9,*,149.171.126.6,15843,*,*,*,"[0, 3, 0, 0, 0, 0, 0, 0, 0, 0, 0, 0, 0]"
7211,59.166.0.9,*,149.171.126.6,3062,*,*,*,"[0, 2, 0, 0, 0, 0, 0, 0, 0, 0, 0, 0, 0]"
7212,59.166.0.9,*,149.171.126.6,34463,*,*,*,"[0, 2, 0, 0, 0, 0, 0, 0, 0, 0, 0, 0, 0]"
7213,59.166.0.9,*,149.171.126.6,38395,*,*,*,"[0, 2, 0, 0, 0, 0, 0, 0, 0, 0, 0, 0, 0]"
7214,59.166.0.9,*,149.171.126.6,49198,*,*,*,"[0, 3, 0, 0, 0, 0, 0, 0, 0, 0, 0, 0, 0]"
7215,59.166.0.9,*,149.171.126.6,54867,*,*,*,"[0, 3, 0, 0, 0, 0, 0, 0, 0, 0, 0, 0, 0]"
7216,59.166.0.9,*,149.171.126.6,1254,*,*,*,"[0, 0, 2, 0, 0, 0, 0, 0, 0, 0, 0, 0, 0]"
7217,59.166.0.9,*,149.171.126.6,14987,*,*,*,"[0, 0, 2, 0, 0, 0, 0, 0, 0, 0, 0, 0, 0]"
7218,59.166.0.9,*,149.171.126.6,25409,*,*,*,"[0, 0, 2, 0, 0, 0, 0, 0, 0, 0, 0, 0, 0]"
7219,59.166.0.9,*,149.171.126.6,2869,*,*,*,"[0, 0, 2, 0, 0, 0, 0, 0, 0, 0, 0, 0, 0]"
7220,59.166.0.9,*,149.171.126.6,3208,*,*,*,"[0, 0, 2, 0, 0, 0, 0, 0, 0, 0, 0, 0, 0]"
7221,59.166.0.9,*,149.171.126.6,32547,*,*,*,"[0, 0, 2, 0, 0, 0, 0, 0, 0, 0, 0, 0, 0]"
7222,59.166.0.9,*,149.171.126.6,3398,*,*,*,"[0, 0, 2, 0, 0, 0, 0, 0, 0, 0, 0, 0, 0]"
7223,59.166.0.9,*,149.171.126.6,34154,*,*,*,"[0, 0, 2, 0, 0, 0, 0, 0, 0, 0, 0, 0, 0]"
7224,59.166.0.9,*,149.171.126.6,61745,*,*,*,"[0, 0, 2, 0, 0, 0, 0, 0, 0, 0, 0, 0, 0]"
7225,59.166.0.9,*,149.171.126.6,30639,*,*,*,"[0, 0, 0, 6, 0, 0, 0, 0, 0, 0, 0, 0, 0]"
7226,59.166.0.9,*,149.171.126.6,57588,*,*,*,"[0, 0, 0, 6, 0, 0, 0, 0, 0, 0, 0, 0, 0]"
7227,59.166.0.9,*,149.171.126.6,58003,*,*,*,"[0, 0, 0, 6, 0, 0, 0, 0, 0, 0, 0, 0, 0]"
7228,59.166.0.9,*,149.171.126.6,11821,*,*,*,"[0, 0, 0, 0, 2, 0, 0, 0, 0, 0, 0, 0, 0]"
7229,59.166.0.9,*,149.171.126.6,12916,*,*,*,"[0, 0, 0, 0, 3, 0, 0, 0, 0, 0, 0, 0, 0]"
7230,59.166.0.9,*,149.171.126.6,15171,*,*,*,"[0, 0, 0, 0, 2, 0, 0, 0, 0, 0, 0, 0, 0]"
7231,59.166.0.9,*,149.171.126.6,17268,*,*,*,"[0, 0, 0, 0, 2, 0, 0, 0, 0, 0, 0, 0, 0]"
7232,59.166.0.9,*,149.171.126.6,29238,*,*,*,"[0, 0, 0, 0, 3, 0, 0, 0, 0, 0, 0, 0, 0]"
7233,59.166.0.9,*,149.171.126.6,33656,*,*,*,"[0, 0, 0, 0, 3, 0, 0, 0, 0, 0, 0, 0, 0]"
7234,59.166.0.9,*,149.171.126.6,34073,*,*,*,"[0, 0, 0, 0, 4, 0, 0, 0, 0, 0, 0, 0, 0]"
7235,59.166.0.9,*,149.171.126.6,45633,*,*,*,"[0, 0, 0, 0, 4, 0, 0, 0, 0, 0, 0, 0, 0]"
7236,59.166.0.9,*,149.171.126.6,5491,*,*,*,"[0, 0, 0, 0, 4, 0, 0, 0, 0, 0, 0, 0, 0]"
7237,59.166.0.9,*,149.171.126.6,13839,*,*,*,"[0, 0, 0, 0, 0, 0, 0, 0, 0, 0, 0, 0, 2]"
7238,59.166.0.9,*,149.171.126.6,22481,*,*,*,"[0, 0, 0, 0, 0, 2, 0, 0, 0, 0, 0, 0, 0]"
7239,59.166.0.9,*,149.171.126.6,26373,*,*,*,"[0, 0, 0, 0, 0, 2, 0, 0, 0, 0, 0, 0, 0]"
7240,59.166.0.9,*,149.171.126.6,26869,*,*,*,"[0, 0, 0, 0, 0, 2, 0, 0, 0, 0, 0, 0, 0]"
7241,59.166.0.9,*,149.171.126.6,40239,*,*,*,"[0, 0, 0, 0, 0, 2, 0, 0, 0, 0, 0, 0, 0]"
7242,59.166.0.9,*,149.171.126.6,41018,*,*,*,"[0, 0, 0, 0, 0, 2, 0, 0, 0, 0, 0, 0, 0]"
7243,59.166.0.9,*,149.171.126.6,43825,*,*,*,"[0, 0, 0, 0, 0, 2, 0, 0, 0, 0, 0, 0, 0]"
7244,59.166.0.9,*,149.171.126.6,50827,*,*,*,"[0, 0, 0, 0, 0, 2, 0, 0, 0, 0, 0, 0, 0]"
7245,59.166.0.9,*,149.171.126.6,60894,*,*,*,"[0, 0, 0, 0, 0, 2, 0, 0, 0, 0, 0, 0, 0]"
7246,59.166.0.9,*,149.171.126.6,6517,*,*,*,"[0, 0, 0, 0, 0, 2, 0, 0, 0, 0, 0, 0, 0]"
7247,59.166.0.9,*,149.171.126.6,13582,*,*,*,"[0, 0, 0, 0, 0, 0, 0, 2, 0, 0, 0, 0, 0]"
7248,59.166.0.9,*,149.171.126.6,17562,*,*,*,"[0, 0, 0, 0, 0, 0, 0, 3, 0, 0, 0, 0, 0]"
7249,59.166.0.9,*,149.171.126.6,58238,*,*,*,"[0, 0, 0, 0, 0, 0, 0, 3, 0, 0, 0, 0, 0]"
7250,59.166.0.9,*,149.171.126.6,62964,*,*,*,"[0, 0, 0, 0, 0, 0, 0, 2, 0, 0, 0, 0, 0]"
7251,59.166.0.9,*,149.171.126.6,63870,*,*,*,"[0, 0, 0, 0, 0, 0, 0, 3, 0, 0, 0, 0, 0]"
7252,59.166.0.9,*,149.171.126.6,65009,*,*,*,"[0, 0, 0, 0, 0, 0, 0, 2, 0, 0, 0, 0, 0]"
7253,59.166.0.9,*,149.171.126.6,11460,*,*,*,"[0, 0, 0, 0, 0, 0, 0, 0, 4, 0, 0, 0, 0]"
7254,59.166.0.9,*,149.171.126.6,13455,*,*,*,"[0, 0, 0, 0, 0, 0, 0, 0, 4, 0, 0, 0, 0]"
7255,59.166.0.9,*,149.171.126.6,26631,*,*,*,"[0, 0, 0, 0, 0, 0, 0, 0, 4, 0, 0, 0, 0]"
7256,59.166.0.9,*,149.171.126.6,27791,*,*,*,"[0, 0, 0, 0, 0, 0, 0, 0, 2, 0, 0, 0, 0]"
7257,59.166.0.9,*,149.171.126.6,36106,*,*,*,"[0, 0, 0, 0, 0, 0, 0, 0, 2, 0, 0, 0, 0]"
7258,59.166.0.9,*,149.171.126.6,37612,*,*,*,"[0, 0, 0, 0, 0, 0, 0, 0, 2, 0, 0, 0, 0]"
7259,59.166.0.9,*,149.171.126.6,56854,*,*,*,"[0, 0, 0, 0, 0, 0, 0, 0, 2, 0, 0, 0, 0]"
7260,59.166.0.9,*,149.171.126.6,23937,*,*,*,"[0, 0, 0, 0, 0, 0, 0, 0, 0, 2, 0, 0, 0]"
7261,59.166.0.9,*,149.171.126.6,38936,*,*,*,"[0, 0, 0, 0, 0, 0, 0, 0, 0, 2, 0, 0, 0]"
7262,59.166.0.9,*,149.171.126.6,52561,*,*,*,"[0, 0, 0, 0, 0, 0, 0, 0, 0, 2, 0, 0, 0]"
7263,59.166.0.9,*,149.171.126.6,32991,*,*,*,"[0, 0, 0, 0, 0, 0, 0, 0, 0, 0, 3, 0, 0]"
7264,59.166.0.9,*,149.171.126.6,34316,*,*,*,"[0, 0, 0, 0, 0, 0, 0, 0, 0, 0, 2, 0, 0]"
7265,59.166.0.9,*,149.171.126.6,43493,*,*,*,"[0, 0, 0, 0, 0, 0, 0, 0, 0, 0, 2, 0, 0]"
7266,59.166.0.9,*,149.171.126.6,49991,*,*,*,"[0, 0, 0, 0, 0, 0, 0, 0, 0, 0, 3, 0, 0]"
7267,59.166.0.9,*,149.171.126.6,53517,*,*,*,"[0, 0, 0, 0, 0, 0, 0, 0, 0, 0, 2, 0, 0]"
7268,59.166.0.9,*,149.171.126.6,57668,*,*,*,"[0, 0, 0, 0, 0, 0, 0, 0, 0, 0, 3, 0, 0]"
7269,59.166.0.9,*,149.171.126.6,25974,*,*,*,"[0, 0, 0, 0, 0, 0, 0, 0, 0, 0, 0, 2, 0]"
7270,59.166.0.9,*,149.171.126.6,36781,*,*,*,"[0, 0, 0, 0, 0, 0, 0, 0, 0, 0, 0, 2, 0]"
7271,59.166.0.9,*,149.171.126.6,41227,*,*,*,"[0, 0, 0, 0, 0, 0, 0, 0, 0, 0, 0, 3, 0]"
7272,59.166.0.9,*,149.171.126.6,56852,*,*,*,"[0, 0, 0, 0, 0, 0, 0, 0, 0, 0, 0, 2, 0]"
7273,59.166.0.9,*,149.171.126.6,63238,*,*,*,"[0, 0, 0, 0, 0, 0, 0, 0, 0, 0, 0, 3, 0]"
7274,59.166.0.9,*,149.171.126.6,6786,*,*,*,"[0, 0, 0, 0, 0, 0, 0, 0, 0, 0, 0, 3, 0]"
7275,59.166.0.9,*,149.171.126.6,26866,*,*,*,"[0, 0, 0, 0, 0, 0, 0, 0, 0, 0, 0, 0, 2]"
7276,59.166.0.9,*,149.171.126.6,50688,*,*,*,"[0, 0, 0, 0, 0, 0, 0, 0, 0, 0, 0, 0, 2]"
7277,59.166.0.9,*,149.171.126.7,111,*,*,*,"[14, 9, 10, 10, 9, 14, 11, 9, 4, 14, 12, 7, 8]"
7278,59.166.0.9,*,149.171.126.7,11399,*,*,*,"[2, 0, 0, 0, 0, 0, 0, 0, 0, 0, 0, 0, 0]"
7279,59.166.0.9,*,149.171.126.7,143,*,*,*,"[10, 7, 2, 6, 9, 3, 10, 5, 13, 2, 5, 7, 4]"
7280,59.166.0.9,*,149.171.126.7,17087,*,*,*,"[3, 0, 0, 0, 0, 0, 0, 0, 0, 0, 0, 0, 0]"
7281,59.166.0.9,*,149.171.126.7,21,*,*,*,"[6, 7, 5, 3, 3, 0, 4, 11, 6, 12, 8, 6, 3]"
7282,59.166.0.9,*,149.171.126.7,22,*,*,*,"[7, 5, 5, 6, 6, 8, 0, 2, 4, 8, 5, 8, 4]"
7283,59.166.0.9,*,149.171.126.7,25,*,*,*,"[13, 8, 11, 15, 12, 12, 8, 5, 8, 13, 9, 16, 15]"
7284,59.166.0.9,*,149.171.126.7,26143,*,*,*,"[2, 0, 0, 0, 0, 0, 0, 0, 0, 0, 0, 0, 0]"
7285,59.166.0.9,*,149.171.126.7,45548,*,*,*,"[3, 0, 0, 0, 0, 0, 0, 0, 0, 0, 0, 0, 0]"
7286,59.166.0.9,*,149.171.126.7,5190,*,*,*,"[18, 17, 17, 8, 17, 14, 28, 10, 15, 17, 14, 10, 14]"
7287,59.166.0.9,*,149.171.126.7,52294,*,*,*,"[2, 0, 0, 0, 0, 0, 0, 0, 0, 0, 0, 0, 0]"
7288,59.166.0.9,*,149.171.126.7,52796,*,*,*,"[3, 0, 0, 0, 0, 0, 0, 0, 0, 0, 0, 0, 0]"
7289,59.166.0.9,*,149.171.126.7,53,*,*,*,"[53, 46, 39, 56, 46, 52, 55, 38, 59, 53, 60, 37, 43]"
7290,59.166.0.9,*,149.171.126.7,6881,*,*,*,"[12, 12, 12, 13, 31, 24, 43, 55, 12, 7, 6, 8, 55]"
7291,59.166.0.9,*,149.171.126.7,80,*,*,*,"[19, 24, 24, 26, 31, 25, 28, 25, 24, 22, 25, 20, 38]"
7292,59.166.0.9,*,149.171.126.7,13142,*,*,*,"[0, 0, 3, 0, 0, 0, 0, 0, 0, 0, 0, 0, 0]"
7293,59.166.0.9,*,149.171.126.7,27976,*,*,*,"[0, 0, 3, 0, 0, 0, 0, 0, 0, 0, 0, 0, 0]"
7294,59.166.0.9,*,149.171.126.7,35397,*,*,*,"[0, 0, 3, 0, 0, 0, 0, 0, 0, 0, 0, 0, 0]"
7295,59.166.0.9,*,149.171.126.7,11680,*,*,*,"[0, 0, 0, 2, 0, 0, 0, 0, 0, 0, 0, 0, 0]"
7296,59.166.0.9,*,149.171.126.7,32912,*,*,*,"[0, 0, 0, 2, 0, 0, 0, 0, 0, 0, 0, 0, 0]"
7297,59.166.0.9,*,149.171.126.7,44685,*,*,*,"[0, 0, 0, 2, 0, 0, 0, 0, 0, 0, 0, 0, 0]"
7298,59.166.0.9,*,149.171.126.7,34073,*,*,*,"[0, 0, 0, 0, 2, 0, 0, 0, 0, 0, 0, 0, 0]"
7299,59.166.0.9,*,149.171.126.7,45633,*,*,*,"[0, 0, 0, 0, 2, 0, 0, 0, 0, 0, 0, 0, 0]"
7300,59.166.0.9,*,149.171.126.7,5491,*,*,*,"[0, 0, 0, 0, 2, 0, 0, 0, 0, 0, 0, 0, 0]"
7301,59.166.0.9,*,149.171.126.7,25349,*,*,*,"[0, 0, 0, 0, 0, 0, 2, 0, 0, 0, 0, 0, 0]"
7302,59.166.0.9,*,149.171.126.7,38225,*,*,*,"[0, 0, 0, 0, 0, 0, 2, 0, 0, 0, 0, 0, 0]"
7303,59.166.0.9,*,149.171.126.7,52431,*,*,*,"[0, 0, 0, 0, 0, 0, 2, 0, 0, 0, 0, 0, 0]"
7304,59.166.0.9,*,149.171.126.7,17562,*,*,*,"[0, 0, 0, 0, 0, 0, 0, 5, 0, 0, 0, 0, 0]"
7305,59.166.0.9,*,149.171.126.7,41643,*,*,*,"[0, 0, 0, 0, 0, 0, 0, 2, 0, 0, 0, 0, 0]"
7306,59.166.0.9,*,149.171.126.7,45637,*,*,*,"[0, 0, 0, 0, 0, 0, 0, 2, 0, 0, 0, 0, 0]"
7307,59.166.0.9,*,149.171.126.7,58238,*,*,*,"[0, 0, 0, 0, 0, 0, 0, 5, 0, 0, 0, 0, 0]"
7308,59.166.0.9,*,149.171.126.7,59699,*,*,*,"[0, 0, 0, 0, 0, 0, 0, 2, 0, 0, 0, 0, 0]"
7309,59.166.0.9,*,149.171.126.7,63870,*,*,*,"[0, 0, 0, 0, 0, 0, 0, 5, 0, 0, 0, 0, 0]"
7310,59.166.0.9,*,149.171.126.7,22627,*,*,*,"[0, 0, 0, 0, 0, 0, 0, 0, 2, 0, 0, 0, 0]"
7311,59.166.0.9,*,149.171.126.7,36106,*,*,*,"[0, 0, 0, 0, 0, 0, 0, 0, 2, 0, 0, 0, 0]"
7312,59.166.0.9,*,149.171.126.7,37612,*,*,*,"[0, 0, 0, 0, 0, 0, 0, 0, 2, 0, 0, 0, 0]"
7313,59.166.0.9,*,149.171.126.7,4212,*,*,*,"[0, 0, 0, 0, 0, 0, 0, 0, 2, 0, 0, 0, 0]"
7314,59.166.0.9,*,149.171.126.7,56854,*,*,*,"[0, 0, 0, 0, 0, 0, 0, 0, 2, 0, 0, 0, 0]"
7315,59.166.0.9,*,149.171.126.7,8998,*,*,*,"[0, 0, 0, 0, 0, 0, 0, 0, 2, 0, 0, 0, 0]"
7316,59.166.0.9,*,149.171.126.7,15518,*,*,*,"[0, 0, 0, 0, 0, 0, 0, 0, 0, 2, 0, 0, 0]"
7317,59.166.0.9,*,149.171.126.7,1906,*,*,*,"[0, 0, 0, 0, 0, 0, 0, 0, 0, 5, 0, 0, 0]"
7318,59.166.0.9,*,149.171.126.7,22432,*,*,*,"[0, 0, 0, 0, 0, 0, 0, 0, 0, 2, 0, 0, 0]"
7319,59.166.0.9,*,149.171.126.7,3038,*,*,*,"[0, 0, 0, 0, 0, 0, 0, 0, 0, 5, 0, 0, 0]"
7320,59.166.0.9,*,149.171.126.7,46326,*,*,*,"[0, 0, 0, 0, 0, 0, 0, 0, 0, 2, 0, 0, 0]"
7321,59.166.0.9,*,149.171.126.7,46967,*,*,*,"[0, 0, 0, 0, 0, 0, 0, 0, 0, 2, 0, 0, 0]"
7322,59.166.0.9,*,149.171.126.7,54587,*,*,*,"[0, 0, 0, 0, 0, 0, 0, 0, 0, 5, 0, 0, 0]"
7323,59.166.0.9,*,149.171.126.7,62821,*,*,*,"[0, 0, 0, 0, 0, 0, 0, 0, 0, 3, 0, 0, 0]"
7324,59.166.0.9,*,149.171.126.7,63656,*,*,*,"[0, 0, 0, 0, 0, 0, 0, 0, 0, 3, 0, 0, 0]"
7325,59.166.0.9,*,149.171.126.7,65504,*,*,*,"[0, 0, 0, 0, 0, 0, 0, 0, 0, 3, 0, 0, 0]"
7326,59.166.0.9,*,149.171.126.7,13761,*,*,*,"[0, 0, 0, 0, 0, 0, 0, 0, 0, 0, 2, 0, 0]"
7327,59.166.0.9,*,149.171.126.7,23815,*,*,*,"[0, 0, 0, 0, 0, 0, 0, 0, 0, 0, 2, 0, 0]"
7328,59.166.0.9,*,149.171.126.7,23898,*,*,*,"[0, 0, 0, 0, 0, 0, 0, 0, 0, 0, 2, 0, 0]"
7329,59.166.0.9,*,149.171.126.7,25885,*,*,*,"[0, 0, 0, 0, 0, 0, 0, 0, 0, 0, 2, 0, 0]"
7330,59.166.0.9,*,149.171.126.7,31484,*,*,*,"[0, 0, 0, 0, 0, 0, 0, 0, 0, 0, 2, 0, 0]"
7331,59.166.0.9,*,149.171.126.7,38033,*,*,*,"[0, 0, 0, 0, 0, 0, 0, 0, 0, 0, 2, 0, 0]"
7332,59.166.0.9,*,149.171.126.7,44976,*,*,*,"[0, 0, 0, 0, 0, 0, 0, 0, 0, 0, 2, 0, 0]"
7333,59.166.0.9,*,149.171.126.7,45963,*,*,*,"[0, 0, 0, 0, 0, 0, 0, 0, 0, 0, 2, 0, 0]"
7334,59.166.0.9,*,149.171.126.7,58781,*,*,*,"[0, 0, 0, 0, 0, 0, 0, 0, 0, 0, 2, 0, 0]"
7335,59.166.0.9,*,149.171.126.7,11513,*,*,*,"[0, 0, 0, 0, 0, 0, 0, 0, 0, 0, 0, 2, 0]"
7336,59.166.0.9,*,149.171.126.7,19056,*,*,*,"[0, 0, 0, 0, 0, 0, 0, 0, 0, 0, 0, 2, 0]"
7337,59.166.0.9,*,149.171.126.7,25974,*,*,*,"[0, 0, 0, 0, 0, 0, 0, 0, 0, 0, 0, 2, 0]"
7338,59.166.0.9,*,149.171.126.7,36781,*,*,*,"[0, 0, 0, 0, 0, 0, 0, 0, 0, 0, 0, 2, 0]"
7339,59.166.0.9,*,149.171.126.7,56614,*,*,*,"[0, 0, 0, 0, 0, 0, 0, 0, 0, 0, 0, 2, 0]"
7340,59.166.0.9,*,149.171.126.7,56852,*,*,*,"[0, 0, 0, 0, 0, 0, 0, 0, 0, 0, 0, 2, 0]"
7341,59.166.0.9,*,149.171.126.8,111,*,*,*,"[12, 9, 8, 11, 16, 13, 12, 8, 19, 14, 9, 15, 8]"
7342,59.166.0.9,*,149.171.126.8,143,*,*,*,"[7, 6, 2, 8, 5, 6, 12, 4, 9, 4, 8, 8, 9]"
7343,59.166.0.9,*,149.171.126.8,21,*,*,*,"[7, 3, 8, 9, 3, 3, 2, 5, 8, 4, 7, 2, 3]"
7344,59.166.0.9,*,149.171.126.8,22,*,*,*,"[2, 8, 9, 7, 12, 4, 3, 3, 2, 5, 7, 8, 5]"
7345,59.166.0.9,*,149.171.126.8,25,*,*,*,"[17, 11, 8, 15, 14, 11, 7, 5, 8, 8, 8, 12, 8]"
7346,59.166.0.9,*,149.171.126.8,27934,*,*,*,"[3, 0, 0, 0, 0, 0, 0, 0, 0, 0, 0, 0, 0]"
7347,59.166.0.9,*,149.171.126.8,35719,*,*,*,"[3, 0, 0, 0, 0, 0, 0, 0, 0, 0, 0, 0, 0]"
7348,59.166.0.9,*,149.171.126.8,42130,*,*,*,"[3, 0, 0, 0, 0, 0, 0, 0, 0, 0, 0, 0, 0]"
7349,59.166.0.9,*,149.171.126.8,5190,*,*,*,"[20, 18, 13, 13, 15, 25, 23, 8, 17, 15, 22, 16, 22]"
7350,59.166.0.9,*,149.171.126.8,53,*,*,*,"[44, 56, 59, 56, 49, 55, 56, 49, 51, 44, 47, 49, 58]"
7351,59.166.0.9,*,149.171.126.8,6881,*,*,*,"[18, 6, 6, 24, 24, 19, 30, 36, 6, 24, 12, 0, 48]"
7352,59.166.0.9,*,149.171.126.8,80,*,*,*,"[40, 26, 32, 40, 26, 37, 24, 30, 28, 39, 33, 21, 35]"
7353,59.166.0.9,*,149.171.126.8,14987,*,*,*,"[0, 0, 2, 0, 0, 0, 0, 0, 0, 0, 0, 0, 0]"
7354,59.166.0.9,*,149.171.126.8,17751,*,*,*,"[0, 0, 3, 0, 0, 0, 0, 0, 0, 0, 0, 0, 0]"
7355,59.166.0.9,*,149.171.126.8,2869,*,*,*,"[0, 0, 2, 0, 0, 0, 0, 0, 0, 0, 0, 0, 0]"
7356,59.166.0.9,*,149.171.126.8,3398,*,*,*,"[0, 0, 2, 0, 0, 0, 0, 0, 0, 0, 0, 0, 0]"
7357,59.166.0.9,*,149.171.126.8,7644,*,*,*,"[0, 0, 3, 0, 0, 0, 0, 0, 0, 0, 0, 0, 0]"
7358,59.166.0.9,*,149.171.126.8,9620,*,*,*,"[0, 0, 3, 0, 0, 0, 0, 0, 0, 0, 0, 0, 0]"
7359,59.166.0.9,*,149.171.126.8,11680,*,*,*,"[0, 0, 0, 3, 0, 0, 0, 0, 0, 0, 0, 0, 0]"
7360,59.166.0.9,*,149.171.126.8,1397,*,*,*,"[0, 0, 0, 3, 0, 0, 0, 0, 0, 0, 0, 0, 0]"
7361,59.166.0.9,*,149.171.126.8,20048,*,*,*,"[0, 0, 0, 2, 0, 0, 0, 0, 0, 0, 0, 0, 0]"
7362,59.166.0.9,*,149.171.126.8,21831,*,*,*,"[0, 0, 0, 3, 0, 0, 0, 0, 0, 0, 0, 0, 0]"
7363,59.166.0.9,*,149.171.126.8,32912,*,*,*,"[0, 0, 0, 3, 0, 0, 0, 0, 0, 0, 0, 0, 0]"
7364,59.166.0.9,*,149.171.126.8,44685,*,*,*,"[0, 0, 0, 3, 0, 0, 0, 0, 0, 0, 0, 0, 0]"
7365,59.166.0.9,*,149.171.126.8,45133,*,*,*,"[0, 0, 0, 3, 0, 0, 0, 0, 0, 0, 0, 0, 0]"
7366,59.166.0.9,*,149.171.126.8,54131,*,*,*,"[0, 0, 0, 2, 0, 0, 0, 0, 0, 0, 0, 0, 0]"
7367,59.166.0.9,*,149.171.126.8,57521,*,*,*,"[0, 0, 0, 2, 0, 0, 0, 0, 0, 0, 0, 0, 0]"
7368,59.166.0.9,*,149.171.126.8,28875,*,*,*,"[0, 0, 0, 0, 0, 2, 0, 0, 0, 0, 0, 0, 0]"
7369,59.166.0.9,*,149.171.126.8,43493,*,*,*,"[0, 0, 0, 0, 0, 0, 0, 0, 0, 0, 3, 0, 0]"
7370,59.166.0.9,*,149.171.126.8,49581,*,*,*,"[0, 0, 0, 0, 0, 0, 2, 0, 0, 0, 0, 0, 0]"
7371,59.166.0.9,*,149.171.126.8,17562,*,*,*,"[0, 0, 0, 0, 0, 0, 0, 2, 0, 0, 0, 0, 0]"
7372,59.166.0.9,*,149.171.126.8,54475,*,*,*,"[0, 0, 0, 0, 0, 0, 0, 3, 0, 0, 0, 0, 0]"
7373,59.166.0.9,*,149.171.126.8,55348,*,*,*,"[0, 0, 0, 0, 0, 0, 0, 3, 0, 0, 0, 0, 0]"
7374,59.166.0.9,*,149.171.126.8,58238,*,*,*,"[0, 0, 0, 0, 0, 0, 0, 2, 0, 0, 0, 0, 0]"
7375,59.166.0.9,*,149.171.126.8,63870,*,*,*,"[0, 0, 0, 0, 0, 0, 0, 2, 0, 0, 0, 0, 0]"
7376,59.166.0.9,*,149.171.126.8,64665,*,*,*,"[0, 0, 0, 0, 0, 0, 0, 3, 0, 0, 0, 0, 0]"
7377,59.166.0.9,*,149.171.126.8,10198,*,*,*,"[0, 0, 0, 0, 0, 0, 0, 0, 3, 0, 0, 0, 0]"
7378,59.166.0.9,*,149.171.126.8,22627,*,*,*,"[0, 0, 0, 0, 0, 0, 0, 0, 2, 0, 0, 0, 0]"
7379,59.166.0.9,*,149.171.126.8,24196,*,*,*,"[0, 0, 0, 0, 0, 0, 0, 0, 3, 0, 0, 0, 0]"
7380,59.166.0.9,*,149.171.126.8,35231,*,*,*,"[0, 0, 0, 0, 0, 0, 0, 0, 3, 0, 0, 0, 0]"
7381,59.166.0.9,*,149.171.126.8,4212,*,*,*,"[0, 0, 0, 0, 0, 0, 0, 0, 2, 0, 0, 0, 0]"
7382,59.166.0.9,*,149.171.126.8,8998,*,*,*,"[0, 0, 0, 0, 0, 0, 0, 0, 2, 0, 0, 0, 0]"
7383,59.166.0.9,*,149.171.126.8,20465,*,*,*,"[0, 0, 0, 0, 0, 0, 0, 0, 0, 2, 0, 0, 0]"
7384,59.166.0.9,*,149.171.126.8,33291,*,*,*,"[0, 0, 0, 0, 0, 0, 0, 0, 0, 2, 0, 0, 0]"
7385,59.166.0.9,*,149.171.126.8,58190,*,*,*,"[0, 0, 0, 0, 0, 0, 0, 0, 0, 2, 0, 0, 0]"
7386,59.166.0.9,*,149.171.126.8,16120,*,*,*,"[0, 0, 0, 0, 0, 0, 0, 0, 0, 0, 2, 0, 0]"
7387,59.166.0.9,*,149.171.126.8,34316,*,*,*,"[0, 0, 0, 0, 0, 0, 0, 0, 0, 0, 3, 0, 0]"
7388,59.166.0.9,*,149.171.126.8,53517,*,*,*,"[0, 0, 0, 0, 0, 0, 0, 0, 0, 0, 3, 0, 0]"
7389,59.166.0.9,*,149.171.126.8,62120,*,*,*,"[0, 0, 0, 0, 0, 0, 0, 0, 0, 0, 2, 0, 0]"
7390,59.166.0.9,*,149.171.126.8,64158,*,*,*,"[0, 0, 0, 0, 0, 0, 0, 0, 0, 0, 2, 0, 0]"
7391,59.166.0.9,*,149.171.126.8,10394,*,*,*,"[0, 0, 0, 0, 0, 0, 0, 0, 0, 0, 0, 0, 2]"
7392,59.166.0.9,*,149.171.126.8,19518,*,*,*,"[0, 0, 0, 0, 0, 0, 0, 0, 0, 0, 0, 0, 2]"
7393,59.166.0.9,*,149.171.126.8,32528,*,*,*,"[0, 0, 0, 0, 0, 0, 0, 0, 0, 0, 0, 0, 2]"
7394,59.166.0.9,*,149.171.126.9,111,*,*,*,"[12, 5, 13, 14, 12, 13, 11, 13, 10, 12, 9, 13, 10]"
7395,59.166.0.9,*,149.171.126.9,11399,*,*,*,"[3, 0, 0, 0, 0, 0, 0, 0, 0, 0, 0, 0, 0]"
7396,59.166.0.9,*,149.171.126.9,143,*,*,*,"[8, 6, 7, 5, 8, 9, 5, 2, 3, 7, 10, 5, 8]"
7397,59.166.0.9,*,149.171.126.9,17087,*,*,*,"[2, 0, 0, 0, 0, 0, 0, 0, 0, 0, 0, 0, 0]"
7398,59.166.0.9,*,149.171.126.9,21,*,*,*,"[10, 12, 0, 4, 8, 5, 4, 6, 5, 3, 6, 8, 3]"
7399,59.166.0.9,*,149.171.126.9,22,*,*,*,"[3, 5, 7, 5, 14, 11, 0, 2, 5, 5, 9, 9, 7]"
7400,59.166.0.9,*,149.171.126.9,25,*,*,*,"[13, 13, 13, 9, 8, 6, 11, 15, 10, 13, 14, 13, 9]"
7401,59.166.0.9,*,149.171.126.9,26143,*,*,*,"[3, 0, 0, 0, 0, 0, 0, 0, 0, 0, 0, 0, 0]"
7402,59.166.0.9,*,149.171.126.9,45548,*,*,*,"[2, 0, 0, 0, 0, 0, 0, 0, 0, 0, 0, 0, 0]"
7403,59.166.0.9,*,149.171.126.9,46109,*,*,*,"[2, 0, 0, 0, 0, 0, 0, 0, 0, 0, 0, 0, 0]"
7404,59.166.0.9,*,149.171.126.9,5190,*,*,*,"[24, 21, 19, 7, 14, 19, 23, 14, 20, 18, 13, 14, 17]"
7405,59.166.0.9,*,149.171.126.9,52294,*,*,*,"[3, 0, 0, 0, 0, 0, 0, 0, 0, 0, 0, 0, 0]"
7406,59.166.0.9,*,149.171.126.9,52796,*,*,*,"[2, 0, 0, 0, 0, 0, 0, 0, 0, 0, 0, 0, 0]"
7407,59.166.0.9,*,149.171.126.9,53,*,*,*,"[55, 51, 34, 68, 46, 52, 44, 35, 42, 45, 55, 48, 64]"
7408,59.166.0.9,*,149.171.126.9,63666,*,*,*,"[2, 0, 0, 0, 0, 0, 0, 0, 0, 0, 0, 0, 0]"
7409,59.166.0.9,*,149.171.126.9,6881,*,*,*,"[12, 6, 7, 30, 24, 6, 30, 42, 12, 12, 19, 0, 12]"
7410,59.166.0.9,*,149.171.126.9,7315,*,*,*,"[2, 0, 0, 0, 0, 0, 0, 0, 0, 0, 0, 0, 0]"
7411,59.166.0.9,*,149.171.126.9,80,*,*,*,"[28, 24, 22, 29, 34, 24, 31, 22, 40, 25, 32, 24, 32]"
7412,59.166.0.9,*,149.171.126.9,13142,*,*,*,"[0, 2, 0, 0, 0, 0, 0, 0, 0, 0, 0, 0, 0]"
7413,59.166.0.9,*,149.171.126.9,14724,*,*,*,"[0, 3, 0, 0, 0, 0, 0, 0, 0, 0, 0, 0, 0]"
7414,59.166.0.9,*,149.171.126.9,27976,*,*,*,"[0, 2, 0, 0, 0, 0, 0, 0, 0, 0, 0, 0, 0]"
7415,59.166.0.9,*,149.171.126.9,3062,*,*,*,"[0, 3, 0, 0, 0, 0, 0, 0, 0, 0, 0, 0, 0]"
7416,59.166.0.9,*,149.171.126.9,31010,*,*,*,"[0, 3, 0, 0, 0, 0, 0, 0, 0, 0, 0, 0, 0]"
7417,59.166.0.9,*,149.171.126.9,34463,*,*,*,"[0, 3, 0, 0, 0, 0, 0, 0, 0, 0, 0, 0, 0]"
7418,59.166.0.9,*,149.171.126.9,35397,*,*,*,"[0, 2, 0, 0, 0, 0, 0, 0, 0, 0, 0, 0, 0]"
7419,59.166.0.9,*,149.171.126.9,38395,*,*,*,"[0, 3, 0, 0, 0, 0, 0, 0, 0, 0, 0, 0, 0]"
7420,59.166.0.9,*,149.171.126.9,43267,*,*,*,"[0, 3, 0, 0, 0, 0, 0, 0, 0, 0, 0, 0, 0]"
7421,59.166.0.9,*,149.171.126.9,49439,*,*,*,"[0, 3, 0, 0, 0, 0, 0, 0, 0, 0, 0, 0, 0]"
7422,59.166.0.9,*,149.171.126.9,57753,*,*,*,"[0, 3, 0, 0, 0, 0, 0, 0, 0, 0, 0, 0, 0]"
7423,59.166.0.9,*,149.171.126.9,61834,*,*,*,"[0, 3, 0, 0, 0, 0, 0, 0, 0, 0, 0, 0, 0]"
7424,59.166.0.9,*,149.171.126.9,1397,*,*,*,"[0, 0, 0, 2, 0, 0, 0, 0, 0, 0, 0, 0, 0]"
7425,59.166.0.9,*,149.171.126.9,21831,*,*,*,"[0, 0, 0, 2, 0, 0, 0, 0, 0, 0, 0, 0, 0]"
7426,59.166.0.9,*,149.171.126.9,45133,*,*,*,"[0, 0, 0, 2, 0, 0, 0, 0, 0, 0, 0, 0, 0]"
7427,59.166.0.9,*,149.171.126.9,11821,*,*,*,"[0, 0, 0, 0, 2, 0, 0, 0, 0, 0, 0, 0, 0]"
7428,59.166.0.9,*,149.171.126.9,12916,*,*,*,"[0, 0, 0, 0, 2, 0, 0, 0, 0, 0, 0, 0, 0]"
7429,59.166.0.9,*,149.171.126.9,15171,*,*,*,"[0, 0, 0, 0, 2, 0, 0, 0, 0, 0, 0, 0, 0]"
7430,59.166.0.9,*,149.171.126.9,17268,*,*,*,"[0, 0, 0, 0, 2, 0, 0, 0, 0, 0, 0, 0, 0]"
7431,59.166.0.9,*,149.171.126.9,26373,*,*,*,"[0, 0, 0, 0, 0, 2, 0, 0, 0, 0, 0, 0, 0]"
7432,59.166.0.9,*,149.171.126.9,29238,*,*,*,"[0, 0, 0, 0, 2, 0, 0, 0, 0, 0, 0, 0, 0]"
7433,59.166.0.9,*,149.171.126.9,33656,*,*,*,"[0, 0, 0, 0, 2, 0, 0, 0, 0, 0, 0, 0, 0]"
7434,59.166.0.9,*,149.171.126.9,36222,*,*,*,"[0, 0, 0, 0, 2, 0, 0, 0, 0, 0, 0, 0, 0]"
7435,59.166.0.9,*,149.171.126.9,40239,*,*,*,"[0, 0, 0, 0, 0, 2, 0, 0, 0, 0, 0, 0, 0]"
7436,59.166.0.9,*,149.171.126.9,5131,*,*,*,"[0, 0, 0, 0, 2, 0, 0, 0, 0, 0, 0, 0, 0]"
7437,59.166.0.9,*,149.171.126.9,56995,*,*,*,"[0, 0, 0, 0, 2, 0, 0, 0, 0, 0, 0, 0, 0]"
7438,59.166.0.9,*,149.171.126.9,6517,*,*,*,"[0, 0, 0, 0, 0, 2, 0, 0, 0, 0, 0, 0, 0]"
7439,59.166.0.9,*,149.171.126.9,22481,*,*,*,"[0, 0, 0, 0, 0, 2, 0, 0, 0, 0, 0, 0, 0]"
7440,59.166.0.9,*,149.171.126.9,26869,*,*,*,"[0, 0, 0, 0, 0, 2, 0, 0, 0, 0, 0, 0, 0]"
7441,59.166.0.9,*,149.171.126.9,41018,*,*,*,"[0, 0, 0, 0, 0, 2, 0, 0, 0, 0, 0, 0, 0]"
7442,59.166.0.9,*,149.171.126.9,17562,*,*,*,"[0, 0, 0, 0, 0, 0, 0, 2, 0, 0, 0, 0, 0]"
7443,59.166.0.9,*,149.171.126.9,58238,*,*,*,"[0, 0, 0, 0, 0, 0, 0, 2, 0, 0, 0, 0, 0]"
7444,59.166.0.9,*,149.171.126.9,63870,*,*,*,"[0, 0, 0, 0, 0, 0, 0, 2, 0, 0, 0, 0, 0]"
7445,59.166.0.9,*,149.171.126.9,10198,*,*,*,"[0, 0, 0, 0, 0, 0, 0, 0, 3, 0, 0, 0, 0]"
7446,59.166.0.9,*,149.171.126.9,24196,*,*,*,"[0, 0, 0, 0, 0, 0, 0, 0, 3, 0, 0, 0, 0]"
7447,59.166.0.9,*,149.171.126.9,35231,*,*,*,"[0, 0, 0, 0, 0, 0, 0, 0, 3, 0, 0, 0, 0]"
7448,59.166.0.9,*,149.171.126.9,62821,*,*,*,"[0, 0, 0, 0, 0, 0, 0, 0, 0, 2, 0, 0, 0]"
7449,59.166.0.9,*,149.171.126.9,63656,*,*,*,"[0, 0, 0, 0, 0, 0, 0, 0, 0, 2, 0, 0, 0]"
7450,59.166.0.9,*,149.171.126.9,65504,*,*,*,"[0, 0, 0, 0, 0, 0, 0, 0, 0, 2, 0, 0, 0]"
7451,59.166.0.9,*,149.171.126.9,30260,*,*,*,"[0, 0, 0, 0, 0, 0, 0, 0, 0, 0, 2, 0, 0]"
7452,59.166.0.9,*,149.171.126.9,32991,*,*,*,"[0, 0, 0, 0, 0, 0, 0, 0, 0, 0, 2, 0, 0]"
7453,59.166.0.9,*,149.171.126.9,44976,*,*,*,"[0, 0, 0, 0, 0, 0, 0, 0, 0, 0, 2, 0, 0]"
7454,59.166.0.9,*,149.171.126.9,45963,*,*,*,"[0, 0, 0, 0, 0, 0, 0, 0, 0, 0, 2, 0, 0]"
7455,59.166.0.9,*,149.171.126.9,49991,*,*,*,"[0, 0, 0, 0, 0, 0, 0, 0, 0, 0, 2, 0, 0]"
7456,59.166.0.9,*,149.171.126.9,57668,*,*,*,"[0, 0, 0, 0, 0, 0, 0, 0, 0, 0, 2, 0, 0]"
7457,59.166.0.9,*,149.171.126.9,58781,*,*,*,"[0, 0, 0, 0, 0, 0, 0, 0, 0, 0, 2, 0, 0]"
7458,59.166.0.9,*,149.171.126.9,20919,*,*,*,"[0, 0, 0, 0, 0, 0, 0, 0, 0, 0, 0, 4, 0]"
7459,59.166.0.9,*,149.171.126.9,36239,*,*,*,"[0, 0, 0, 0, 0, 0, 0, 0, 0, 0, 0, 4, 0]"
7460,59.166.0.9,*,149.171.126.9,49502,*,*,*,"[0, 0, 0, 0, 0, 0, 0, 0, 0, 0, 0, 4, 0]"
7461,59.166.0.9,*,149.171.126.9,55747,*,*,*,"[0, 0, 0, 0, 0, 0, 0, 0, 0, 0, 0, 2, 0]"
7462,149.171.126.13,*,175.45.176.0,4569,*,*,*,"[0, 0, 0, 0, 60, 44, 0, 0, 0, 0, 0, 0, 0]"
7463,149.171.126.14,*,175.45.176.0,4569,*,*,*,"[0, 0, 0, 0, 0, 0, 0, 0, 0, 0, 30, 14, 0]"
7464,149.171.126.14,*,175.45.176.1,53,*,*,*,"[0, 0, 3, 0, 9450, 15750, 9763, 6048, 0, 3, 0, 0, 0]"
